# of pickup customers
8
# of delivery customers
2
# of customers
10
# of tasks
20
# of given tractors
1
c1
10.0
c2
1.0
c3
0.0
timeperiod
16.0
package time
4.552
4.107
4.244
4.523
3.108
3.33
4.509
3.388
3.146
3.35
terminal coordinates
100.0
100.0
customer coordinate
24.74
38.87
113.02
115.06
40.89
72.51
76.86
32.25
107.01
55.79
134.25
102.24
118.4
145.99
7.67
172.03
57.43
103.68
48.59
84.65
distance matrix
0.0
1.034
0.765
0.282
0.605
1.37
0.964
0.606
0.848
0.649
0.585
1.034
0.765
0.282
0.605
1.37
0.964
0.606
0.848
0.649
0.585
1.034
2.067
1.798
1.315
1.638
2.404
1.997
1.639
1.882
1.682
1.619
0.0
0.437
1.121
1.138
1.595
0.761
1.16
0.393
1.485
0.731
0.765
1.798
1.529
1.046
1.37
2.135
1.728
1.37
1.613
1.413
1.35
0.437
0.0
0.949
1.098
1.182
0.968
0.734
0.085
1.084
0.305
0.282
1.315
1.046
0.564
0.887
1.652
1.245
0.887
1.13
0.93
0.867
1.121
0.949
0.0
0.346
1.652
0.84
0.886
1.026
0.876
0.831
0.605
1.638
1.37
0.887
1.21
1.975
1.569
1.211
1.453
1.253
1.19
1.138
1.098
0.346
0.0
1.962
0.624
1.206
1.162
1.222
1.066
1.37
2.404
2.135
1.652
1.975
2.741
2.334
1.976
2.219
2.019
1.955
1.595
1.182
1.652
1.962
0.0
2.092
0.767
1.205
0.972
0.98
0.964
1.997
1.728
1.245
1.569
2.334
1.927
1.569
1.812
1.612
1.549
0.761
0.968
0.84
0.624
2.092
0.0
1.434
0.992
1.602
1.112
0.606
1.639
1.37
0.887
1.211
1.976
1.569
1.211
1.454
1.254
1.191
1.16
0.734
0.886
1.206
0.767
1.434
0.0
0.803
0.393
0.43
0.848
1.882
1.613
1.13
1.453
2.219
1.812
1.454
1.696
1.497
1.433
0.393
0.085
1.026
1.162
1.205
0.992
0.803
0.0
1.161
0.378
0.649
1.682
1.413
0.93
1.253
2.019
1.612
1.254
1.497
1.297
1.234
1.485
1.084
0.876
1.222
0.972
1.602
0.393
1.161
0.0
0.783
0.585
1.619
1.35
0.867
1.19
1.955
1.549
1.191
1.433
1.234
1.17
0.731
0.305
0.831
1.066
0.98
1.112
0.43
0.378
0.783
0.0
1.034
1000.0
1.798
1.315
1.638
2.404
1.997
1.639
1.882
1.682
1.619
2.067
1.798
1.315
1.638
2.404
1.997
1.639
1.882
1.682
1.619
0.765
1.798
1000.0
1.046
1.37
2.135
1.728
1.37
1.613
1.413
1.35
1.798
1.529
1.046
1.37
2.135
1.728
1.37
1.613
1.413
1.35
0.282
1.315
1.046
1000.0
0.887
1.652
1.245
0.887
1.13
0.93
0.867
1.315
1.046
0.564
0.887
1.652
1.245
0.887
1.13
0.93
0.867
0.605
1.638
1.37
0.887
1000.0
1.975
1.569
1.211
1.453
1.253
1.19
1.638
1.37
0.887
1.21
1.975
1.569
1.211
1.453
1.253
1.19
1.37
2.404
2.135
1.652
1.975
1000.0
2.334
1.976
2.219
2.019
1.955
2.404
2.135
1.652
1.975
2.741
2.334
1.976
2.219
2.019
1.955
0.964
1.997
1.728
1.245
1.569
2.334
1000.0
1.569
1.812
1.612
1.549
1.997
1.728
1.245
1.569
2.334
1.927
1.569
1.812
1.612
1.549
0.606
1.639
1.37
0.887
1.211
1.976
1.569
1000.0
1.454
1.254
1.191
1.639
1.37
0.887
1.211
1.976
1.569
1.211
1.454
1.254
1.191
0.848
1.882
1.613
1.13
1.453
2.219
1.812
1.454
1000.0
1.497
1.433
1.882
1.613
1.13
1.453
2.219
1.812
1.454
1.696
1.497
1.433
0.649
1.485
1.084
0.876
1.222
0.972
1.602
0.393
1.161
1000.0
1.234
1.682
1.413
0.93
1.253
2.019
1.612
1.254
1.497
1.297
1.234
0.585
0.731
0.305
0.831
1.066
0.98
1.112
0.43
0.378
1.234
1000.0
1.619
1.35
0.867
1.19
1.955
1.549
1.191
1.433
1.234
1.17
ENDDATA
