# of pickup customers
10
# of delivery customers
15
# of customers
25
# of tasks
50
# of given tractors
1
c1
10.0
c2
1.0
c3
0.0
timeperiod
16.0
package time
4.041
3.204
4.565
3.395
3.216
4.35
4.207
4.537
4.692
4.853
3.211
4.724
3.745
3.456
4.217
4.645
3.201
4.628
3.069
3.928
3.822
4.758
4.753
4.404
3.203
terminal coordinates
100.0
100.0
customer coordinate
33.63
33.28
101.86
33.02
107.73
31.25
59.08
25.73
110.45
31.06
25.72
66.81
33.53
39.64
39.44
103.95
36.73
41.18
59.82
97.71
100.13
69.27
99.81
38.31
62.86
47.85
90.06
87.59
80.68
79.8
92.49
12.12
87.29
86.89
81.99
86.88
7.08
36.1
79.65
89.08
92.71
91.86
80.12
17.1
31.52
26.51
16.71
18.1
83.9
18.83
distance matrix
0.0
1.055
0.843
0.157
0.871
0.27
0.864
1.212
0.942
0.21
0.891
0.943
1.233
1.153
0.796
0.769
0.104
0.797
0.776
1.152
0.856
0.919
1.11
1.024
0.797
1.116
1.055
0.843
0.157
0.871
0.27
0.864
1.212
0.942
0.21
0.891
0.943
1.233
1.153
0.796
0.769
0.104
0.797
0.776
1.152
0.856
0.919
1.11
1.024
0.797
1.116
1.055
2.11
1.898
1.212
1.926
1.325
1.92
2.267
1.997
1.265
1.946
1.998
2.288
2.208
1.851
1.824
1.159
1.852
1.831
2.207
1.912
1.974
2.165
2.079
1.852
2.171
0.0
0.528
0.987
0.41
1.009
0.559
0.548
0.503
1.077
0.428
0.498
0.657
0.147
0.405
0.52
1.043
0.551
0.414
0.505
0.827
0.873
0.592
0.907
0.454
0.515
0.843
1.898
1.686
1.0
1.715
1.114
1.708
2.055
1.785
1.053
1.734
1.786
2.077
1.996
1.639
1.612
0.947
1.641
1.619
1.995
1.7
1.762
1.953
1.867
1.64
1.959
0.528
0.0
0.858
0.117
0.939
0.04
1.026
0.101
0.965
0.105
0.103
1.119
0.675
0.152
0.078
0.884
0.049
0.159
0.97
1.088
1.153
1.021
1.225
0.099
0.964
0.157
1.212
1.0
0.314
1.028
0.427
1.021
1.369
1.099
0.366
1.048
1.1
1.39
1.309
0.953
0.926
0.26
0.954
0.933
1.308
1.013
1.075
1.267
1.181
0.954
1.273
0.987
0.858
0.0
0.865
0.122
0.885
1.084
0.952
0.108
0.888
0.952
1.098
1.069
0.784
0.78
0.069
0.816
0.764
1.026
0.703
0.764
0.975
0.869
0.796
0.988
0.871
1.926
1.715
1.028
1.743
1.142
1.736
2.083
1.813
1.081
1.762
1.814
2.105
2.024
1.668
1.641
0.975
1.669
1.647
2.023
1.728
1.79
1.981
1.895
1.668
1.987
0.41
0.117
0.865
0.0
0.934
0.149
0.917
0.123
0.971
0.029
0.12
1.012
0.557
0.084
0.132
0.899
0.147
0.102
0.862
1.016
1.078
0.919
1.144
0.077
0.858
0.27
1.325
1.114
0.427
1.142
0.541
1.135
1.482
1.212
0.48
1.161
1.213
1.504
1.423
1.067
1.04
0.374
1.068
1.046
1.422
1.127
1.189
1.38
1.294
1.067
1.386
1.009
0.939
0.122
0.934
0.0
0.969
1.042
1.029
0.095
0.959
1.029
1.043
1.076
0.851
0.861
0.168
0.9
0.832
0.986
0.616
0.673
0.924
0.778
0.869
0.946
0.864
1.92
1.708
1.021
1.736
1.135
1.729
2.076
1.806
1.074
1.755
1.807
2.098
2.017
1.661
1.634
0.968
1.662
1.641
2.016
1.721
1.783
1.974
1.888
1.661
1.98
0.559
0.04
0.885
0.149
0.969
0.0
1.063
0.095
0.992
0.131
0.098
1.156
0.705
0.192
0.111
0.909
0.069
0.198
1.008
1.127
1.192
1.06
1.265
0.139
1.002
1.212
2.267
2.055
1.369
2.083
1.482
2.076
2.423
2.154
1.421
2.102
2.155
2.445
2.364
2.008
1.981
1.315
2.009
1.988
2.363
2.068
2.13
2.321
2.236
2.009
2.328
0.548
1.026
1.084
0.917
1.042
1.063
0.0
1.028
1.134
0.941
1.023
0.115
0.438
0.878
0.993
1.153
1.035
0.879
0.063
0.54
0.544
0.14
0.515
0.934
0.096
0.942
1.997
1.785
1.099
1.813
1.212
1.806
2.154
1.884
1.151
1.833
1.885
2.175
2.094
1.738
1.711
1.046
1.739
1.718
2.093
1.798
1.86
2.052
1.966
1.739
2.058
0.503
0.101
0.952
0.123
1.029
0.095
1.028
0.0
1.059
0.094
0.005
1.126
0.647
0.198
0.173
0.98
0.149
0.213
0.975
1.138
1.201
1.037
1.267
0.163
0.974
0.21
1.265
1.053
0.366
1.081
0.48
1.074
1.421
1.151
0.419
1.1
1.152
1.443
1.362
1.006
0.979
0.313
1.007
0.986
1.361
1.066
1.128
1.319
1.233
1.007
1.325
1.077
0.965
0.108
0.971
0.095
0.992
1.134
1.059
0.0
0.994
1.059
1.137
1.152
0.89
0.888
0.109
0.924
0.87
1.078
0.71
0.766
1.017
0.87
0.903
1.038
0.891
1.946
1.734
1.048
1.762
1.161
1.755
2.102
1.833
1.1
1.781
1.834
2.124
2.043
1.687
1.66
0.994
1.688
1.667
2.042
1.747
1.809
2.0
1.914
1.688
2.006
0.428
0.105
0.888
0.029
0.959
0.131
0.941
0.094
0.994
0.0
0.091
1.038
0.574
0.111
0.137
0.921
0.142
0.129
0.887
1.045
1.107
0.946
1.173
0.094
0.884
0.943
1.998
1.786
1.1
1.814
1.213
1.807
2.155
1.885
1.152
1.834
1.886
2.176
2.095
1.739
1.712
1.047
1.74
1.719
2.094
1.799
1.861
2.053
1.967
1.74
2.059
0.498
0.103
0.952
0.12
1.029
0.098
1.023
0.005
1.059
0.091
0.0
1.122
0.642
0.196
0.174
0.981
0.151
0.211
0.971
1.135
1.198
1.032
1.264
0.162
0.969
1.233
2.288
2.077
1.39
2.105
1.504
2.098
2.445
2.175
1.443
2.124
2.176
2.467
2.386
2.03
2.003
1.337
2.031
2.009
2.385
2.09
2.152
2.343
2.257
2.03
2.349
0.657
1.119
1.098
1.012
1.043
1.156
0.115
1.126
1.137
1.038
1.122
0.0
0.552
0.969
1.081
1.167
1.124
0.968
0.153
0.492
0.482
0.124
0.435
1.024
0.155
1.153
2.208
1.996
1.309
2.024
1.423
2.017
2.364
2.094
1.362
2.043
2.095
2.386
2.305
1.949
1.922
1.256
1.95
1.929
2.304
2.009
2.071
2.262
2.176
1.949
2.268
0.147
0.675
1.069
0.557
1.076
0.705
0.438
0.647
1.152
0.574
0.642
0.552
0.0
0.55
0.666
1.129
0.698
0.558
0.405
0.804
0.841
0.508
0.859
0.6
0.425
0.796
1.851
1.639
0.953
1.668
1.067
1.661
2.008
1.738
1.006
1.687
1.739
2.03
1.949
1.592
1.565
0.9
1.594
1.572
1.948
1.653
1.715
1.906
1.82
1.593
1.912
0.405
0.152
0.784
0.084
0.851
0.192
0.878
0.198
0.89
0.111
0.196
0.969
0.55
0.0
0.118
0.82
0.157
0.02
0.822
0.943
1.006
0.87
1.076
0.056
0.814
0.769
1.824
1.612
0.926
1.641
1.04
1.634
1.981
1.711
0.979
1.66
1.712
2.003
1.922
1.565
1.538
0.873
1.567
1.545
1.921
1.626
1.688
1.879
1.793
1.566
1.885
0.52
0.078
0.78
0.132
0.861
0.111
0.993
0.173
0.888
0.137
0.174
1.081
0.666
0.118
0.0
0.808
0.049
0.114
0.935
1.024
1.09
0.978
1.165
0.066
0.926
0.104
1.159
0.947
0.26
0.975
0.374
0.968
1.315
1.046
0.313
0.994
1.047
1.337
1.256
0.9
0.873
0.207
0.901
0.88
1.255
0.96
1.022
1.213
1.127
0.901
1.219
1.043
0.884
0.069
0.899
0.168
0.909
1.153
0.98
0.109
0.921
0.981
1.167
1.129
0.82
0.808
0.0
0.84
0.8
1.094
0.769
0.829
1.044
0.934
0.828
1.057
0.797
1.852
1.641
0.954
1.669
1.068
1.662
2.009
1.739
1.007
1.688
1.74
2.031
1.95
1.594
1.567
0.901
1.595
1.574
1.949
1.654
1.716
1.907
1.821
1.594
1.913
0.551
0.049
0.816
0.147
0.9
0.069
1.035
0.149
0.924
0.142
0.151
1.124
0.698
0.157
0.049
0.84
0.0
0.157
0.978
1.072
1.138
1.024
1.213
0.101
0.97
0.776
1.831
1.619
0.933
1.647
1.046
1.641
1.988
1.718
0.986
1.667
1.719
2.009
1.929
1.572
1.545
0.88
1.574
1.552
1.928
1.633
1.695
1.886
1.8
1.573
1.892
0.414
0.159
0.764
0.102
0.832
0.198
0.879
0.213
0.87
0.129
0.211
0.968
0.558
0.02
0.114
0.8
0.157
0.0
0.821
0.932
0.996
0.867
1.067
0.059
0.813
1.152
2.207
1.995
1.308
2.023
1.422
2.016
2.363
2.093
1.361
2.042
2.094
2.385
2.304
1.948
1.921
1.255
1.949
1.928
2.303
2.008
2.07
2.261
2.175
1.949
2.267
0.505
0.97
1.026
0.862
0.986
1.008
0.063
0.975
1.078
0.887
0.971
0.153
0.405
0.822
0.935
1.094
0.978
0.821
0.0
0.507
0.517
0.118
0.5
0.877
0.044
0.856
1.912
1.7
1.013
1.728
1.127
1.721
2.068
1.798
1.066
1.747
1.799
2.09
2.009
1.653
1.626
0.96
1.654
1.633
2.008
1.713
1.775
1.966
1.88
1.653
1.972
0.827
1.088
0.703
1.016
0.616
1.127
0.54
1.138
0.71
1.045
1.135
0.492
0.804
0.943
1.024
0.769
1.072
0.932
0.507
0.0
0.07
0.401
0.17
0.99
0.464
0.919
1.974
1.762
1.075
1.79
1.189
1.783
2.13
1.86
1.128
1.809
1.861
2.152
2.071
1.715
1.688
1.022
1.716
1.695
2.07
1.775
1.837
2.028
1.942
1.716
2.034
0.873
1.153
0.764
1.078
0.673
1.192
0.544
1.201
0.766
1.107
1.198
0.482
0.841
1.006
1.09
0.829
1.138
0.996
0.517
0.07
0.0
0.405
0.105
1.054
0.476
1.11
2.165
1.953
1.267
1.981
1.38
1.974
2.321
2.052
1.319
2.0
2.053
2.343
2.262
1.906
1.879
1.213
1.907
1.886
2.261
1.966
2.028
2.219
2.133
1.907
2.226
0.592
1.021
0.975
0.919
0.924
1.06
0.14
1.037
1.017
0.946
1.032
0.124
0.508
0.87
0.978
1.044
1.024
0.867
0.118
0.401
0.405
0.0
0.382
0.925
0.084
1.024
2.079
1.867
1.181
1.895
1.294
1.888
2.236
1.966
1.233
1.914
1.967
2.257
2.176
1.82
1.793
1.127
1.821
1.8
2.175
1.88
1.942
2.133
2.048
1.821
2.14
0.907
1.225
0.869
1.144
0.778
1.265
0.515
1.267
0.87
1.173
1.264
0.435
0.859
1.076
1.165
0.934
1.213
1.067
0.5
0.17
0.105
0.382
0.0
1.126
0.462
0.797
1.852
1.64
0.954
1.668
1.067
1.661
2.009
1.739
1.007
1.688
1.74
2.03
1.949
1.593
1.566
0.901
1.594
1.573
1.949
1.653
1.716
1.907
1.821
1.594
1.913
0.454
0.099
0.796
0.077
0.869
0.139
0.934
0.163
0.903
0.094
0.162
1.024
0.6
0.056
0.066
0.828
0.101
0.059
0.877
0.99
1.054
0.925
1.126
0.0
0.869
1.116
2.171
1.959
1.273
1.987
1.386
1.98
2.328
2.058
1.325
2.006
2.059
2.349
2.268
1.912
1.885
1.219
1.913
1.892
2.267
1.972
2.034
2.226
2.14
1.913
2.232
0.515
0.964
0.988
0.858
0.946
1.002
0.096
0.974
1.038
0.884
0.969
0.155
0.425
0.814
0.926
1.057
0.97
0.813
0.044
0.464
0.476
0.084
0.462
0.869
0.0
1.055
1000.0
1.898
1.212
1.926
1.325
1.92
2.267
1.997
1.265
1.946
1.998
2.288
2.208
1.851
1.824
1.159
1.852
1.831
2.207
1.912
1.974
2.165
2.079
1.852
2.171
2.11
1.898
1.212
1.926
1.325
1.92
2.267
1.997
1.265
1.946
1.998
2.288
2.208
1.851
1.824
1.159
1.852
1.831
2.207
1.912
1.974
2.165
2.079
1.852
2.171
0.843
1.898
1000.0
1.0
1.715
1.114
1.708
2.055
1.785
1.053
1.734
1.786
2.077
1.996
1.639
1.612
0.947
1.641
1.619
1.995
1.7
1.762
1.953
1.867
1.64
1.959
1.898
1.686
1.0
1.715
1.114
1.708
2.055
1.785
1.053
1.734
1.786
2.077
1.996
1.639
1.612
0.947
1.641
1.619
1.995
1.7
1.762
1.953
1.867
1.64
1.959
0.157
1.212
1.0
1000.0
1.028
0.427
1.021
1.369
1.099
0.366
1.048
1.1
1.39
1.309
0.953
0.926
0.26
0.954
0.933
1.308
1.013
1.075
1.267
1.181
0.954
1.273
1.212
1.0
0.314
1.028
0.427
1.021
1.369
1.099
0.366
1.048
1.1
1.39
1.309
0.953
0.926
0.26
0.954
0.933
1.308
1.013
1.075
1.267
1.181
0.954
1.273
0.871
1.926
1.715
1.028
1000.0
1.142
1.736
2.083
1.813
1.081
1.762
1.814
2.105
2.024
1.668
1.641
0.975
1.669
1.647
2.023
1.728
1.79
1.981
1.895
1.668
1.987
1.926
1.715
1.028
1.743
1.142
1.736
2.083
1.813
1.081
1.762
1.814
2.105
2.024
1.668
1.641
0.975
1.669
1.647
2.023
1.728
1.79
1.981
1.895
1.668
1.987
0.27
1.325
1.114
0.427
1.142
1000.0
1.135
1.482
1.212
0.48
1.161
1.213
1.504
1.423
1.067
1.04
0.374
1.068
1.046
1.422
1.127
1.189
1.38
1.294
1.067
1.386
1.325
1.114
0.427
1.142
0.541
1.135
1.482
1.212
0.48
1.161
1.213
1.504
1.423
1.067
1.04
0.374
1.068
1.046
1.422
1.127
1.189
1.38
1.294
1.067
1.386
0.864
1.92
1.708
1.021
1.736
1.135
1000.0
2.076
1.806
1.074
1.755
1.807
2.098
2.017
1.661
1.634
0.968
1.662
1.641
2.016
1.721
1.783
1.974
1.888
1.661
1.98
1.92
1.708
1.021
1.736
1.135
1.729
2.076
1.806
1.074
1.755
1.807
2.098
2.017
1.661
1.634
0.968
1.662
1.641
2.016
1.721
1.783
1.974
1.888
1.661
1.98
1.212
2.267
2.055
1.369
2.083
1.482
2.076
1000.0
2.154
1.421
2.102
2.155
2.445
2.364
2.008
1.981
1.315
2.009
1.988
2.363
2.068
2.13
2.321
2.236
2.009
2.328
2.267
2.055
1.369
2.083
1.482
2.076
2.423
2.154
1.421
2.102
2.155
2.445
2.364
2.008
1.981
1.315
2.009
1.988
2.363
2.068
2.13
2.321
2.236
2.009
2.328
0.942
1.997
1.785
1.099
1.813
1.212
1.806
2.154
1000.0
1.151
1.833
1.885
2.175
2.094
1.738
1.711
1.046
1.739
1.718
2.093
1.798
1.86
2.052
1.966
1.739
2.058
1.997
1.785
1.099
1.813
1.212
1.806
2.154
1.884
1.151
1.833
1.885
2.175
2.094
1.738
1.711
1.046
1.739
1.718
2.093
1.798
1.86
2.052
1.966
1.739
2.058
0.21
1.265
1.053
0.366
1.081
0.48
1.074
1.421
1.151
1000.0
1.1
1.152
1.443
1.362
1.006
0.979
0.313
1.007
0.986
1.361
1.066
1.128
1.319
1.233
1.007
1.325
1.265
1.053
0.366
1.081
0.48
1.074
1.421
1.151
0.419
1.1
1.152
1.443
1.362
1.006
0.979
0.313
1.007
0.986
1.361
1.066
1.128
1.319
1.233
1.007
1.325
0.891
1.946
1.734
1.048
1.762
1.161
1.755
2.102
1.833
1.1
1000.0
1.834
2.124
2.043
1.687
1.66
0.994
1.688
1.667
2.042
1.747
1.809
2.0
1.914
1.688
2.006
1.946
1.734
1.048
1.762
1.161
1.755
2.102
1.833
1.1
1.781
1.834
2.124
2.043
1.687
1.66
0.994
1.688
1.667
2.042
1.747
1.809
2.0
1.914
1.688
2.006
0.943
0.498
0.103
0.952
0.12
1.029
0.098
1.023
0.005
1.059
0.091
1000.0
2.176
2.095
1.739
1.712
1.047
1.74
1.719
2.094
1.799
1.861
2.053
1.967
1.74
2.059
1.998
1.786
1.1
1.814
1.213
1.807
2.155
1.885
1.152
1.834
1.886
2.176
2.095
1.739
1.712
1.047
1.74
1.719
2.094
1.799
1.861
2.053
1.967
1.74
2.059
1.233
0.657
1.119
1.098
1.012
1.043
1.156
0.115
1.126
1.137
1.038
2.176
1000.0
2.386
2.03
2.003
1.337
2.031
2.009
2.385
2.09
2.152
2.343
2.257
2.03
2.349
2.288
2.077
1.39
2.105
1.504
2.098
2.445
2.175
1.443
2.124
2.176
2.467
2.386
2.03
2.003
1.337
2.031
2.009
2.385
2.09
2.152
2.343
2.257
2.03
2.349
1.153
0.147
0.675
1.069
0.557
1.076
0.705
0.438
0.647
1.152
0.574
2.095
2.386
1000.0
1.949
1.922
1.256
1.95
1.929
2.304
2.009
2.071
2.262
2.176
1.949
2.268
2.208
1.996
1.309
2.024
1.423
2.017
2.364
2.094
1.362
2.043
2.095
2.386
2.305
1.949
1.922
1.256
1.95
1.929
2.304
2.009
2.071
2.262
2.176
1.949
2.268
0.796
0.405
0.152
0.784
0.084
0.851
0.192
0.878
0.198
0.89
0.111
1.739
2.03
1.949
1000.0
1.565
0.9
1.594
1.572
1.948
1.653
1.715
1.906
1.82
1.593
1.912
1.851
1.639
0.953
1.668
1.067
1.661
2.008
1.738
1.006
1.687
1.739
2.03
1.949
1.592
1.565
0.9
1.594
1.572
1.948
1.653
1.715
1.906
1.82
1.593
1.912
0.769
0.52
0.078
0.78
0.132
0.861
0.111
0.993
0.173
0.888
0.137
1.712
2.003
1.922
1.565
1000.0
0.873
1.567
1.545
1.921
1.626
1.688
1.879
1.793
1.566
1.885
1.824
1.612
0.926
1.641
1.04
1.634
1.981
1.711
0.979
1.66
1.712
2.003
1.922
1.565
1.538
0.873
1.567
1.545
1.921
1.626
1.688
1.879
1.793
1.566
1.885
0.104
1.043
0.884
0.069
0.899
0.168
0.909
1.153
0.98
0.109
0.921
1.047
1.337
1.256
0.9
0.873
1000.0
0.901
0.88
1.255
0.96
1.022
1.213
1.127
0.901
1.219
1.159
0.947
0.26
0.975
0.374
0.968
1.315
1.046
0.313
0.994
1.047
1.337
1.256
0.9
0.873
0.207
0.901
0.88
1.255
0.96
1.022
1.213
1.127
0.901
1.219
0.797
0.551
0.049
0.816
0.147
0.9
0.069
1.035
0.149
0.924
0.142
1.74
2.031
1.95
1.594
1.567
0.901
1000.0
1.574
1.949
1.654
1.716
1.907
1.821
1.594
1.913
1.852
1.641
0.954
1.669
1.068
1.662
2.009
1.739
1.007
1.688
1.74
2.031
1.95
1.594
1.567
0.901
1.595
1.574
1.949
1.654
1.716
1.907
1.821
1.594
1.913
0.776
0.414
0.159
0.764
0.102
0.832
0.198
0.879
0.213
0.87
0.129
1.719
2.009
1.929
1.572
1.545
0.88
1.574
1000.0
1.928
1.633
1.695
1.886
1.8
1.573
1.892
1.831
1.619
0.933
1.647
1.046
1.641
1.988
1.718
0.986
1.667
1.719
2.009
1.929
1.572
1.545
0.88
1.574
1.552
1.928
1.633
1.695
1.886
1.8
1.573
1.892
1.152
0.505
0.97
1.026
0.862
0.986
1.008
0.063
0.975
1.078
0.887
2.094
2.385
2.304
1.948
1.921
1.255
1.949
1.928
1000.0
2.008
2.07
2.261
2.175
1.949
2.267
2.207
1.995
1.308
2.023
1.422
2.016
2.363
2.093
1.361
2.042
2.094
2.385
2.304
1.948
1.921
1.255
1.949
1.928
2.303
2.008
2.07
2.261
2.175
1.949
2.267
0.856
0.827
1.088
0.703
1.016
0.616
1.127
0.54
1.138
0.71
1.045
1.799
2.09
2.009
1.653
1.626
0.96
1.654
1.633
2.008
1000.0
1.775
1.966
1.88
1.653
1.972
1.912
1.7
1.013
1.728
1.127
1.721
2.068
1.798
1.066
1.747
1.799
2.09
2.009
1.653
1.626
0.96
1.654
1.633
2.008
1.713
1.775
1.966
1.88
1.653
1.972
0.919
0.873
1.153
0.764
1.078
0.673
1.192
0.544
1.201
0.766
1.107
1.861
2.152
2.071
1.715
1.688
1.022
1.716
1.695
2.07
1.775
1000.0
2.028
1.942
1.716
2.034
1.974
1.762
1.075
1.79
1.189
1.783
2.13
1.86
1.128
1.809
1.861
2.152
2.071
1.715
1.688
1.022
1.716
1.695
2.07
1.775
1.837
2.028
1.942
1.716
2.034
1.11
0.592
1.021
0.975
0.919
0.924
1.06
0.14
1.037
1.017
0.946
2.053
2.343
2.262
1.906
1.879
1.213
1.907
1.886
2.261
1.966
2.028
1000.0
2.133
1.907
2.226
2.165
1.953
1.267
1.981
1.38
1.974
2.321
2.052
1.319
2.0
2.053
2.343
2.262
1.906
1.879
1.213
1.907
1.886
2.261
1.966
2.028
2.219
2.133
1.907
2.226
1.024
0.907
1.225
0.869
1.144
0.778
1.265
0.515
1.267
0.87
1.173
1.967
2.257
2.176
1.82
1.793
1.127
1.821
1.8
2.175
1.88
1.942
2.133
1000.0
1.821
2.14
2.079
1.867
1.181
1.895
1.294
1.888
2.236
1.966
1.233
1.914
1.967
2.257
2.176
1.82
1.793
1.127
1.821
1.8
2.175
1.88
1.942
2.133
2.048
1.821
2.14
0.797
0.454
0.099
0.796
0.077
0.869
0.139
0.934
0.163
0.903
0.094
1.74
2.03
1.949
1.593
1.566
0.901
1.594
1.573
1.949
1.653
1.716
1.907
1.821
1000.0
1.913
1.852
1.64
0.954
1.668
1.067
1.661
2.009
1.739
1.007
1.688
1.74
2.03
1.949
1.593
1.566
0.901
1.594
1.573
1.949
1.653
1.716
1.907
1.821
1.594
1.913
1.116
0.515
0.964
0.988
0.858
0.946
1.002
0.096
0.974
1.038
0.884
2.059
2.349
2.268
1.912
1.885
1.219
1.913
1.892
2.267
1.972
2.034
2.226
2.14
1.913
1000.0
2.171
1.959
1.273
1.987
1.386
1.98
2.328
2.058
1.325
2.006
2.059
2.349
2.268
1.912
1.885
1.219
1.913
1.892
2.267
1.972
2.034
2.226
2.14
1.913
2.232
ENDDATA
