# of pickup customers
3
# of delivery customers
7
# of customers
10
# of tasks
20
# of given tractors
1
c1
10.0
c2
1.0
c3
0.0
timeperiod
16.0
package time
3.222
3.335
4.278
4.759
3.621
4.782
3.788
4.388
3.569
3.29
terminal coordinates
100.0
100.0
customer coordinate
35.84
151.47
66.03
59.77
125.48
77.01
54.63
103.53
198.01
134.5
143.32
94.08
13.55
164.29
174.07
71.61
61.31
101.17
93.63
88.74
distance matrix
0.0
0.968
0.648
1.161
0.948
0.979
0.457
0.745
0.046
1.228
0.454
0.968
0.648
1.161
0.948
0.979
0.457
0.745
0.046
1.228
0.454
0.968
1.935
1.615
2.129
1.916
1.947
1.424
1.713
1.014
2.195
1.421
0.0
1.571
1.665
0.398
1.185
1.034
1.052
0.997
2.12
1.409
0.648
1.615
1.295
1.809
1.596
1.627
1.104
1.393
0.694
1.875
1.101
1.571
0.0
1.468
1.444
1.051
0.972
1.278
0.606
0.582
0.222
1.161
2.129
1.809
2.322
2.109
2.14
1.618
1.906
1.208
2.389
1.615
1.665
1.468
0.0
1.886
2.14
0.739
0.614
1.191
1.93
1.271
0.948
1.916
1.596
2.109
1.896
1.927
1.405
1.693
0.994
2.176
1.402
0.398
1.444
1.886
0.0
0.83
1.178
1.289
0.96
1.941
1.328
0.979
1.947
1.627
2.14
1.927
1.958
1.436
1.724
1.026
2.207
1.433
1.185
1.051
2.14
0.83
0.0
1.417
1.665
0.952
1.354
1.073
0.457
1.424
1.104
1.618
1.405
1.436
0.913
1.202
0.503
1.684
0.91
1.034
0.972
0.739
1.178
1.417
0.0
0.308
0.496
1.537
0.75
0.745
1.713
1.393
1.906
1.693
1.724
1.202
1.491
0.792
1.973
1.199
1.052
1.278
0.614
1.289
1.665
0.308
0.0
0.789
1.837
1.056
0.046
1.014
0.694
1.208
0.994
1.026
0.503
0.792
0.093
1.274
0.5
0.997
0.606
1.191
0.96
0.952
0.496
0.789
0.0
1.185
0.417
1.228
2.195
1.875
2.389
2.176
2.207
1.684
1.973
1.274
2.455
1.681
2.12
0.582
1.93
1.941
1.354
1.537
1.837
1.185
0.0
0.796
0.454
1.421
1.101
1.615
1.402
1.433
0.91
1.199
0.5
1.681
0.907
1.409
0.222
1.271
1.328
1.073
0.75
1.056
0.417
0.796
0.0
0.968
1000.0
1.615
2.129
1.916
1.947
1.424
1.713
1.014
2.195
1.421
1.935
1.615
2.129
1.916
1.947
1.424
1.713
1.014
2.195
1.421
0.648
1.615
1000.0
1.809
1.596
1.627
1.104
1.393
0.694
1.875
1.101
1.615
1.295
1.809
1.596
1.627
1.104
1.393
0.694
1.875
1.101
1.161
2.129
1.809
1000.0
2.109
2.14
1.618
1.906
1.208
2.389
1.615
2.129
1.809
2.322
2.109
2.14
1.618
1.906
1.208
2.389
1.615
0.948
0.398
1.444
1.886
1000.0
1.927
1.405
1.693
0.994
2.176
1.402
1.916
1.596
2.109
1.896
1.927
1.405
1.693
0.994
2.176
1.402
0.979
1.185
1.051
2.14
1.927
1000.0
1.436
1.724
1.026
2.207
1.433
1.947
1.627
2.14
1.927
1.958
1.436
1.724
1.026
2.207
1.433
0.457
1.034
0.972
0.739
1.405
1.436
1000.0
1.202
0.503
1.684
0.91
1.424
1.104
1.618
1.405
1.436
0.913
1.202
0.503
1.684
0.91
0.745
1.052
1.278
0.614
1.693
1.724
1.202
1000.0
0.792
1.973
1.199
1.713
1.393
1.906
1.693
1.724
1.202
1.491
0.792
1.973
1.199
0.046
0.997
0.606
1.191
0.994
1.026
0.503
0.792
1000.0
1.274
0.5
1.014
0.694
1.208
0.994
1.026
0.503
0.792
0.093
1.274
0.5
1.228
2.12
0.582
1.93
2.176
2.207
1.684
1.973
1.274
1000.0
1.681
2.195
1.875
2.389
2.176
2.207
1.684
1.973
1.274
2.455
1.681
0.454
1.409
0.222
1.271
1.402
1.433
0.91
1.199
0.5
1.681
1000.0
1.421
1.101
1.615
1.402
1.433
0.91
1.199
0.5
1.681
0.907
ENDDATA
