# of pickup customers
30
# of delivery customers
30
# of customers
60
# of tasks
120
# of given tractors
1
c1
10.0
c2
1.0
c3
0.0
timeperiod
16.0
package time
3.506
4.724
3.076
4.427
4.53
4.831
3.452
3.746
3.588
4.928
4.475
3.479
4.436
4.989
4.36
4.535
4.868
4.227
4.474
4.139
3.273
3.084
4.843
4.046
3.251
3.283
3.495
3.891
4.025
4.311
4.124
3.897
3.351
4.954
3.776
3.862
3.562
4.178
3.262
4.351
3.983
4.518
3.817
3.389
4.475
3.454
4.172
3.58
3.126
3.744
4.649
4.543
4.246
4.595
3.138
3.844
4.699
3.72
3.906
4.167
terminal coordinates
100.0
100.0
customer coordinate
93.03
48.17
93.05
48.29
175.16
161.31
18.53
46.63
37.47
31.89
83.25
87.5
87.15
160.47
162.37
85.02
80.0
139.31
155.88
92.17
31.69
154.54
28.26
167.51
101.64
74.83
153.36
91.46
147.57
129.48
92.68
34.43
78.37
158.46
30.65
35.8
150.72
95.75
156.96
138.46
173.83
142.08
47.81
164.88
21.25
161.34
165.09
31.02
153.45
26.35
161.35
80.94
34.85
139.93
99.64
41.06
127.69
164.27
152.86
33.57
111.9
100.63
116.96
58.43
86.85
94.55
156.77
95.64
54.8
156.06
138.97
126.54
122.94
104.9
87.33
139.51
131.27
147.37
102.07
115.36
141.35
140.18
137.8
91.75
116.06
130.46
141.04
127.08
86.24
144.1
132.56
151.29
127.99
91.84
60.37
61.6
88.86
113.6
83.48
144.4
101.08
136.04
57.4
100.46
147.99
128.53
101.04
55.44
133.29
144.32
95.92
139.75
68.19
131.99
112.17
101.43
145.04
101.87
145.73
102.6
distance matrix
0.0
0.172
0.648
0.229
0.829
0.954
0.769
1.241
0.669
0.964
1.103
0.53
0.367
0.329
0.758
0.796
0.528
0.464
0.769
0.699
0.216
0.998
0.847
1.014
0.85
0.202
0.494
0.841
0.355
0.619
0.663
0.417
1.041
0.442
0.738
0.998
0.935
0.649
0.178
0.741
0.734
0.923
0.693
0.842
0.811
1.153
0.846
0.814
1.027
0.787
1.074
0.769
0.551
0.906
0.64
0.152
0.737
0.661
0.804
0.874
0.831
0.172
0.648
0.229
0.829
0.954
0.769
1.241
0.669
0.964
1.103
0.53
0.367
0.329
0.758
0.796
0.528
0.464
0.769
0.699
0.216
0.998
0.847
1.014
0.85
0.202
0.494
0.841
0.355
0.619
0.663
0.417
1.041
0.442
0.738
0.998
0.935
0.649
0.178
0.741
0.734
0.923
0.693
0.842
0.811
1.153
0.846
0.814
1.027
0.787
1.074
0.769
0.551
0.906
0.64
0.152
0.737
0.661
0.804
0.874
0.831
0.172
0.345
0.82
0.401
1.002
1.126
0.942
1.414
0.842
1.137
1.275
0.703
0.539
0.501
0.931
0.968
0.701
0.636
0.942
0.871
0.388
1.171
1.019
1.186
1.023
0.374
0.666
1.014
0.527
0.791
0.835
0.59
1.213
0.615
0.91
1.171
1.107
0.821
0.35
0.914
0.907
1.095
0.865
1.014
0.983
1.325
1.018
0.986
1.199
0.96
1.247
0.941
0.723
1.079
0.812
0.325
0.909
0.833
0.976
1.046
1.003
0.0
0.578
0.063
0.871
1.073
0.881
1.087
0.615
0.996
0.943
0.36
0.196
0.156
0.848
0.92
0.359
0.292
0.729
0.795
0.045
0.851
0.846
0.872
0.964
0.12
0.325
0.837
0.191
0.753
0.608
0.258
0.883
0.272
0.855
1.011
0.952
0.777
0.04
0.875
0.698
1.019
0.683
0.885
0.909
1.004
0.879
0.911
1.048
0.801
0.927
0.877
0.38
0.91
0.638
0.083
0.663
0.599
0.899
0.859
0.752
0.648
0.82
1.296
0.877
1.477
1.602
1.417
1.889
1.317
1.612
1.751
1.178
1.015
0.977
1.406
1.443
1.176
1.112
1.417
1.347
0.863
1.646
1.495
1.662
1.498
0.85
1.142
1.489
1.003
1.267
1.311
1.065
1.689
1.09
1.386
1.646
1.583
1.297
0.826
1.389
1.382
1.571
1.34
1.49
1.459
1.801
1.494
1.462
1.674
1.435
1.722
1.416
1.199
1.554
1.287
0.8
1.385
1.309
1.452
1.522
1.479
0.578
0.0
0.597
0.528
1.597
1.416
0.794
0.065
0.588
0.722
0.65
0.589
0.561
1.405
1.437
0.67
0.552
1.28
1.346
0.58
0.549
1.419
0.527
1.496
0.696
0.5
1.409
0.634
1.255
1.153
0.685
0.656
0.509
1.383
0.549
0.512
1.29
0.616
1.377
1.254
1.571
1.255
0.54
1.459
0.681
1.457
1.462
0.604
1.378
0.61
1.416
0.638
0.438
1.212
0.659
0.089
1.139
1.451
1.425
0.184
0.229
0.401
0.877
0.458
1.058
1.183
0.999
1.47
0.898
1.194
1.332
0.759
0.596
0.558
0.987
1.025
0.757
0.693
0.999
0.928
0.445
1.227
1.076
1.243
1.079
0.431
0.723
1.071
0.584
0.848
0.892
0.646
1.27
0.671
0.967
1.228
1.164
0.878
0.407
0.97
0.963
1.152
0.922
1.071
1.04
1.382
1.075
1.043
1.256
1.016
1.304
0.998
0.78
1.135
0.869
0.381
0.966
0.89
1.033
1.103
1.06
0.063
0.597
0.0
0.921
1.093
0.898
1.056
0.639
1.042
0.907
0.301
0.138
0.105
0.856
0.942
0.299
0.242
0.692
0.807
0.023
0.825
0.822
0.851
0.983
0.108
0.283
0.812
0.128
0.782
0.568
0.195
0.849
0.23
0.876
1.053
0.995
0.802
0.054
0.902
0.663
1.029
0.658
0.935
0.921
0.978
0.866
0.922
1.092
0.782
0.901
0.893
0.323
0.949
0.615
0.102
0.678
0.557
0.91
0.83
0.765
0.829
1.002
1.477
1.058
1.659
1.783
1.599
2.071
1.499
1.794
1.932
1.36
1.196
1.158
1.588
1.625
1.358
1.293
1.599
1.528
1.045
1.827
1.676
1.843
1.679
1.031
1.323
1.671
1.184
1.448
1.492
1.247
1.87
1.272
1.567
1.828
1.764
1.478
1.007
1.571
1.564
1.752
1.522
1.671
1.64
1.982
1.675
1.643
1.856
1.616
1.904
1.598
1.38
1.736
1.469
0.982
1.566
1.49
1.633
1.703
1.66
0.871
0.528
0.921
0.0
1.625
1.483
1.284
0.466
0.143
1.237
1.098
0.982
0.941
1.518
1.471
1.113
0.993
1.591
1.451
0.898
1.057
1.676
1.023
1.547
0.982
0.96
1.671
1.014
1.289
1.475
1.08
1.174
0.947
1.439
0.222
0.161
1.336
0.91
1.394
1.557
1.657
1.522
0.014
1.549
1.169
1.663
1.554
0.219
1.614
1.108
1.489
1.095
0.208
1.469
0.929
0.545
1.469
1.548
1.703
0.582
0.954
1.126
1.602
1.183
1.783
1.908
1.723
2.195
1.623
1.918
2.056
1.484
1.32
1.282
1.712
1.749
1.482
1.418
1.723
1.653
1.169
1.952
1.801
1.967
1.804
1.156
1.448
1.795
1.309
1.573
1.617
1.371
1.994
1.396
1.692
1.952
1.889
1.603
1.132
1.695
1.688
1.877
1.646
1.796
1.765
2.107
1.799
1.767
1.98
1.741
2.028
1.722
1.505
1.86
1.593
1.106
1.691
1.615
1.757
1.827
1.785
1.073
1.597
1.093
1.625
0.0
0.198
2.144
1.61
1.767
1.989
1.321
1.203
1.189
0.291
0.16
1.305
1.313
0.879
0.307
1.097
1.918
0.715
1.944
0.114
0.989
1.367
0.73
1.161
0.345
0.916
1.179
1.935
1.315
0.218
1.836
1.77
0.307
1.047
0.231
0.853
0.179
0.741
1.634
0.213
2.07
0.549
0.218
1.844
0.641
1.994
0.207
1.351
1.769
0.716
0.996
1.686
0.939
0.232
0.787
1.781
0.769
0.942
1.417
0.999
1.599
1.723
1.539
2.011
1.439
1.734
1.872
1.3
1.136
1.098
1.528
1.565
1.298
1.233
1.539
1.468
0.985
1.768
1.616
1.783
1.62
0.971
1.263
1.611
1.124
1.388
1.432
1.187
1.81
1.212
1.507
1.768
1.704
1.419
0.948
1.511
1.504
1.692
1.462
1.612
1.58
1.922
1.615
1.583
1.796
1.557
1.844
1.538
1.32
1.676
1.409
0.922
1.506
1.43
1.573
1.643
1.6
0.881
1.416
0.898
1.483
0.198
0.0
1.947
1.434
1.626
1.791
1.123
1.006
0.993
0.13
0.091
1.107
1.115
0.715
0.116
0.903
1.723
0.577
1.749
0.085
0.793
1.17
0.59
0.963
0.201
0.736
0.981
1.737
1.118
0.049
1.688
1.622
0.15
0.853
0.149
0.685
0.177
0.572
1.493
0.086
1.874
0.425
0.094
1.7
0.494
1.798
0.017
1.153
1.615
0.539
0.802
1.506
0.758
0.099
0.648
1.6
1.241
1.414
1.889
1.47
2.071
2.195
2.011
2.482
1.911
2.206
2.344
1.771
1.608
1.57
2.0
2.037
1.769
1.705
2.011
1.94
1.457
2.239
2.088
2.255
2.091
1.443
1.735
2.083
1.596
1.86
1.904
1.658
2.282
1.683
1.979
2.24
2.176
1.89
1.419
1.983
1.975
2.164
1.934
2.083
2.052
2.394
2.087
2.055
2.268
2.028
2.316
2.01
1.792
2.147
1.881
1.393
1.978
1.902
2.045
2.115
2.072
1.087
0.794
1.056
1.284
2.144
1.947
0.0
0.841
1.296
0.167
0.839
0.941
0.956
1.889
1.997
0.859
0.832
1.514
1.848
1.056
0.253
1.713
0.266
2.032
1.157
0.777
1.697
0.984
1.838
1.396
0.975
0.21
0.83
1.928
1.214
1.209
1.858
1.106
1.958
1.507
2.062
1.566
1.295
1.96
0.115
1.82
1.96
1.276
1.712
0.184
1.941
0.809
1.126
1.549
1.157
0.747
1.372
1.947
1.685
0.703
0.669
0.842
1.317
0.898
1.499
1.623
1.439
1.911
1.339
1.634
1.772
1.2
1.036
0.998
1.428
1.465
1.198
1.133
1.439
1.368
0.885
1.667
1.516
1.683
1.52
0.871
1.163
1.511
1.024
1.288
1.332
1.087
1.71
1.112
1.407
1.668
1.604
1.318
0.847
1.411
1.404
1.592
1.362
1.511
1.48
1.822
1.515
1.483
1.696
1.456
1.744
1.438
1.22
1.576
1.309
0.822
1.406
1.33
1.473
1.543
1.5
0.615
0.065
0.639
0.466
1.61
1.434
0.841
0.0
0.523
0.777
0.709
0.64
0.611
1.428
1.45
0.729
0.61
1.327
1.368
0.62
0.601
1.459
0.575
1.512
0.733
0.56
1.45
0.684
1.267
1.2
0.738
0.712
0.567
1.399
0.484
0.447
1.304
0.654
1.387
1.3
1.591
1.296
0.478
1.479
0.727
1.492
1.482
0.539
1.416
0.659
1.434
0.699
0.373
1.252
0.694
0.1
1.187
1.473
1.468
0.185
0.964
1.137
1.612
1.194
1.794
1.918
1.734
2.206
1.634
1.929
2.067
1.495
1.331
1.293
1.723
1.76
1.493
1.428
1.734
1.663
1.18
1.963
1.811
1.978
1.815
1.166
1.458
1.806
1.319
1.583
1.628
1.382
2.005
1.407
1.702
1.963
1.9
1.614
1.143
1.706
1.699
1.887
1.657
1.807
1.775
2.117
1.81
1.778
1.991
1.752
2.039
1.733
1.515
1.871
1.604
1.117
1.701
1.625
1.768
1.838
1.795
0.996
0.588
1.042
0.143
1.767
1.626
1.296
0.523
0.0
1.268
1.198
1.093
1.054
1.66
1.613
1.214
1.094
1.72
1.594
1.02
1.084
1.811
1.044
1.69
1.109
1.055
1.806
1.128
1.431
1.603
1.192
1.207
1.048
1.582
0.11
0.088
1.478
1.035
1.536
1.688
1.8
1.656
0.133
1.692
1.182
1.802
1.697
0.081
1.751
1.128
1.632
1.193
0.171
1.604
1.057
0.585
1.595
1.691
1.836
0.599
1.103
1.275
1.751
1.332
1.932
2.056
1.872
2.344
1.772
2.067
2.205
1.633
1.469
1.431
1.861
1.898
1.631
1.567
1.872
1.802
1.318
2.101
1.949
2.116
1.953
1.304
1.597
1.944
1.458
1.722
1.766
1.52
2.143
1.545
1.841
2.101
2.038
1.752
1.281
1.844
1.837
2.026
1.795
1.945
1.914
2.255
1.948
1.916
2.129
1.89
2.177
1.871
1.654
2.009
1.742
1.255
1.84
1.764
1.906
1.976
1.934
0.943
0.722
0.907
1.237
1.989
1.791
0.167
0.777
1.268
0.0
0.677
0.787
0.805
1.73
1.843
0.696
0.677
1.347
1.69
0.909
0.184
1.546
0.233
1.876
1.005
0.625
1.53
0.828
1.689
1.229
0.815
0.068
0.679
1.774
1.196
1.182
1.706
0.959
1.808
1.34
1.903
1.4
1.249
1.802
0.167
1.654
1.801
1.258
1.546
0.162
1.784
0.646
1.099
1.384
1.009
0.692
1.205
1.788
1.518
0.669
0.53
0.703
1.178
0.759
1.36
1.484
1.3
1.771
1.2
1.495
1.633
1.06
0.897
0.859
1.289
1.326
1.058
0.994
1.3
1.229
0.746
1.528
1.377
1.544
1.38
0.732
1.024
1.372
0.885
1.149
1.193
0.947
1.571
0.972
1.268
1.529
1.465
1.179
0.708
1.272
1.264
1.453
1.223
1.372
1.341
1.683
1.376
1.344
1.557
1.317
1.605
1.299
1.081
1.436
1.17
0.682
1.267
1.191
1.334
1.404
1.361
0.36
0.65
0.301
1.098
1.321
1.123
0.839
0.709
1.198
0.677
0.0
0.164
0.206
1.055
1.181
0.023
0.104
0.709
1.018
0.315
0.645
0.891
0.688
1.207
0.367
0.15
0.877
0.181
1.04
0.581
0.143
0.629
0.15
1.109
1.182
1.135
1.051
0.354
1.153
0.693
1.227
0.736
1.112
1.128
0.783
0.985
1.128
1.231
0.88
0.714
1.115
0.03
1.072
0.714
0.393
0.706
0.561
1.114
0.874
0.77
0.367
0.539
1.015
0.596
1.196
1.32
1.136
1.608
1.036
1.331
1.469
0.897
0.733
0.695
1.125
1.162
0.895
0.831
1.136
1.066
0.582
1.365
1.213
1.38
1.217
0.568
0.861
1.208
0.722
0.986
1.03
0.784
1.407
0.809
1.105
1.365
1.302
1.016
0.545
1.108
1.101
1.29
1.059
1.209
1.178
1.519
1.212
1.18
1.393
1.154
1.441
1.135
0.918
1.273
1.006
0.519
1.104
1.028
1.17
1.24
1.198
0.196
0.589
0.138
0.982
1.203
1.006
0.941
0.64
1.093
0.787
0.164
0.0
0.045
0.951
1.056
0.165
0.111
0.698
0.908
0.151
0.722
0.855
0.754
1.091
0.22
0.166
0.843
0.05
0.904
0.569
0.099
0.732
0.116
0.987
1.09
1.038
0.92
0.192
1.022
0.675
1.125
0.693
0.997
1.021
0.87
0.923
1.021
1.135
0.829
0.796
0.999
0.184
0.982
0.659
0.235
0.66
0.553
1.008
0.851
0.738
0.329
0.501
0.977
0.558
1.158
1.282
1.098
1.57
0.998
1.293
1.431
0.859
0.695
0.657
1.087
1.124
0.857
0.793
1.098
1.028
0.544
1.327
1.175
1.342
1.179
0.53
0.823
1.17
0.684
0.948
0.992
0.746
1.369
0.771
1.067
1.327
1.264
0.978
0.507
1.07
1.063
1.252
1.021
1.171
1.14
1.481
1.174
1.142
1.355
1.116
1.403
1.097
0.88
1.235
0.968
0.481
1.066
0.99
1.132
1.202
1.16
0.156
0.561
0.105
0.941
1.189
0.993
0.956
0.611
1.054
0.805
0.206
0.045
0.0
0.944
1.04
0.209
0.137
0.72
0.898
0.114
0.73
0.87
0.759
1.078
0.201
0.18
0.858
0.075
0.884
0.592
0.139
0.748
0.127
0.972
1.054
1.0
0.902
0.159
1.002
0.695
1.117
0.706
0.956
1.011
0.881
0.93
1.012
1.097
0.839
0.806
0.987
0.224
0.946
0.669
0.206
0.636
0.577
0.999
0.869
0.716
0.758
0.931
1.406
0.987
1.588
1.712
1.528
2.0
1.428
1.723
1.861
1.289
1.125
1.087
1.517
1.554
1.287
1.222
1.528
1.457
0.974
1.756
1.605
1.772
1.609
0.96
1.252
1.6
1.113
1.377
1.421
1.176
1.799
1.201
1.496
1.757
1.693
1.407
0.936
1.5
1.493
1.681
1.451
1.6
1.569
1.911
1.604
1.572
1.785
1.545
1.833
1.527
1.309
1.665
1.398
0.911
1.495
1.419
1.562
1.632
1.589
0.848
1.405
0.856
1.518
0.291
0.13
1.889
1.428
1.66
1.73
1.055
0.951
0.944
0.0
0.221
1.038
1.059
0.593
0.067
0.864
1.673
0.447
1.703
0.186
0.748
1.117
0.46
0.906
0.284
0.625
0.915
1.679
1.066
0.165
1.716
1.65
0.235
0.816
0.271
0.565
0.174
0.452
1.528
0.078
1.822
0.296
0.075
1.732
0.366
1.747
0.113
1.085
1.636
0.425
0.766
1.493
0.648
0.061
0.519
1.587
0.796
0.968
1.443
1.025
1.625
1.749
1.565
2.037
1.465
1.76
1.898
1.326
1.162
1.124
1.554
1.591
1.324
1.26
1.565
1.495
1.011
1.794
1.642
1.809
1.646
0.997
1.289
1.637
1.15
1.415
1.459
1.213
1.836
1.238
1.533
1.794
1.731
1.445
0.974
1.537
1.53
1.719
1.488
1.638
1.607
1.948
1.641
1.609
1.822
1.583
1.87
1.564
1.347
1.702
1.435
0.948
1.533
1.456
1.599
1.669
1.627
0.92
1.437
0.942
1.471
0.16
0.091
1.997
1.45
1.613
1.843
1.181
1.056
1.04
0.221
0.0
1.166
1.167
0.804
0.201
0.945
1.768
0.668
1.791
0.085
0.84
1.22
0.681
1.016
0.186
0.82
1.039
1.788
1.167
0.075
1.681
1.614
0.147
0.895
0.083
0.773
0.224
0.66
1.48
0.167
1.92
0.515
0.175
1.69
0.585
1.843
0.108
1.211
1.612
0.625
0.843
1.527
0.842
0.183
0.74
1.621
0.528
0.701
1.176
0.757
1.358
1.482
1.298
1.769
1.198
1.493
1.631
1.058
0.895
0.857
1.287
1.324
1.056
0.992
1.298
1.227
0.744
1.526
1.375
1.542
1.378
0.73
1.022
1.37
0.883
1.147
1.191
0.945
1.569
0.97
1.266
1.527
1.463
1.177
0.706
1.27
1.262
1.451
1.221
1.37
1.339
1.681
1.374
1.342
1.555
1.315
1.603
1.297
1.079
1.434
1.168
0.68
1.265
1.189
1.332
1.402
1.359
0.359
0.67
0.299
1.113
1.305
1.107
0.859
0.729
1.214
0.696
0.023
0.165
0.209
1.038
1.166
0.0
0.121
0.686
1.002
0.315
0.667
0.869
0.71
1.191
0.359
0.17
0.854
0.175
1.027
0.559
0.129
0.649
0.166
1.094
1.2
1.152
1.037
0.351
1.14
0.671
1.21
0.715
1.127
1.111
0.804
0.964
1.11
1.249
0.859
0.736
1.099
0.051
1.09
0.693
0.388
0.727
0.538
1.097
0.852
0.792
0.464
0.636
1.112
0.693
1.293
1.418
1.233
1.705
1.133
1.428
1.567
0.994
0.831
0.793
1.222
1.26
0.992
0.928
1.233
1.163
0.679
1.462
1.311
1.478
1.314
0.666
0.958
1.305
0.819
1.083
1.127
0.881
1.505
0.906
1.202
1.462
1.399
1.113
0.642
1.205
1.198
1.387
1.157
1.306
1.275
1.617
1.31
1.278
1.49
1.251
1.538
1.233
1.015
1.37
1.104
0.616
1.201
1.125
1.268
1.338
1.295
0.292
0.552
0.242
0.993
1.313
1.115
0.832
0.61
1.094
0.677
0.104
0.111
0.137
1.059
1.167
0.121
0.0
0.768
1.016
0.25
0.617
0.938
0.652
1.2
0.331
0.065
0.925
0.153
1.015
0.639
0.159
0.622
0.046
1.098
1.08
1.031
1.031
0.296
1.132
0.749
1.232
0.778
1.007
1.129
0.764
1.017
1.129
1.128
0.918
0.69
1.109
0.107
0.97
0.749
0.342
0.613
0.62
1.116
0.929
0.682
0.769
0.942
1.417
0.999
1.599
1.723
1.539
2.011
1.439
1.734
1.872
1.3
1.136
1.098
1.528
1.565
1.298
1.233
1.539
1.468
0.985
1.768
1.616
1.783
1.62
0.971
1.263
1.611
1.124
1.388
1.433
1.187
1.81
1.212
1.507
1.768
1.705
1.419
0.948
1.511
1.504
1.692
1.462
1.612
1.58
1.922
1.615
1.583
1.796
1.557
1.844
1.538
1.32
1.676
1.409
0.922
1.506
1.43
1.573
1.643
1.6
0.729
1.28
0.692
1.591
0.879
0.715
1.514
1.327
1.72
1.347
0.709
0.698
0.72
0.593
0.804
0.686
0.768
0.0
0.603
0.712
1.347
0.211
1.393
0.78
0.612
0.833
0.193
0.65
0.771
0.129
0.612
1.312
0.799
0.734
1.74
1.68
0.745
0.689
0.829
0.039
0.722
0.146
1.604
0.668
1.476
0.362
0.663
1.776
0.249
1.413
0.7
0.736
1.638
0.192
0.663
1.356
0.148
0.649
0.171
1.435
0.699
0.871
1.347
0.928
1.528
1.653
1.468
1.94
1.368
1.663
1.802
1.229
1.066
1.028
1.457
1.495
1.227
1.163
1.468
1.398
0.914
1.697
1.546
1.713
1.549
0.901
1.193
1.54
1.054
1.318
1.362
1.116
1.74
1.141
1.437
1.697
1.634
1.348
0.877
1.44
1.433
1.622
1.392
1.541
1.51
1.852
1.545
1.513
1.725
1.486
1.773
1.468
1.25
1.605
1.339
0.851
1.436
1.36
1.503
1.573
1.53
0.795
1.346
0.807
1.451
0.307
0.116
1.848
1.368
1.594
1.69
1.018
0.908
0.898
0.067
0.201
1.002
1.016
0.603
0.0
0.814
1.628
0.477
1.657
0.194
0.7
1.073
0.488
0.864
0.223
0.62
0.877
1.638
1.022
0.132
1.65
1.584
0.177
0.765
0.233
0.572
0.225
0.458
1.462
0.114
1.778
0.338
0.116
1.666
0.391
1.703
0.103
1.048
1.571
0.424
0.714
1.435
0.642
0.105
0.547
1.529
0.216
0.388
0.863
0.445
1.045
1.169
0.985
1.457
0.885
1.18
1.318
0.746
0.582
0.544
0.974
1.011
0.744
0.679
0.985
0.914
0.431
1.214
1.062
1.229
1.066
0.417
0.709
1.057
0.57
0.835
0.879
0.633
1.256
0.658
0.953
1.214
1.151
0.865
0.394
0.957
0.95
1.138
0.908
1.058
1.027
1.368
1.061
1.029
1.242
1.003
1.29
0.984
0.767
1.122
0.855
0.368
0.952
0.876
1.019
1.089
1.047
0.045
0.58
0.023
0.898
1.097
0.903
1.056
0.62
1.02
0.909
0.315
0.151
0.114
0.864
0.945
0.315
0.25
0.712
0.814
0.0
0.823
0.839
0.847
0.987
0.119
0.287
0.83
0.147
0.782
0.589
0.215
0.85
0.234
0.879
1.031
0.974
0.803
0.05
0.903
0.683
1.036
0.675
0.912
0.928
0.976
0.88
0.929
1.07
0.798
0.899
0.898
0.336
0.928
0.632
0.102
0.662
0.579
0.917
0.848
0.75
0.998
1.171
1.646
1.227
1.827
1.952
1.768
2.239
1.667
1.963
2.101
1.528
1.365
1.327
1.756
1.794
1.526
1.462
1.768
1.697
1.214
1.996
1.845
2.012
1.848
1.2
1.492
1.84
1.353
1.617
1.661
1.415
2.039
1.44
1.736
1.997
1.933
1.647
1.176
1.739
1.732
1.921
1.691
1.84
1.809
2.151
1.844
1.812
2.025
1.785
2.073
1.767
1.549
1.904
1.638
1.15
1.735
1.659
1.802
1.872
1.829
0.851
0.549
0.825
1.057
1.918
1.723
0.253
0.601
1.084
0.184
0.645
0.722
0.73
1.673
1.768
0.667
0.617
1.347
1.628
0.823
0.0
1.536
0.062
1.807
0.93
0.556
1.521
0.768
1.604
1.223
0.77
0.129
0.607
1.701
1.012
0.998
1.626
0.873
1.725
1.335
1.847
1.381
1.069
1.742
0.155
1.629
1.742
1.074
1.525
0.076
1.717
0.616
0.915
1.358
0.924
0.513
1.201
1.729
1.516
0.485
0.847
1.019
1.495
1.076
1.676
1.801
1.616
2.088
1.516
1.811
1.949
1.377
1.213
1.175
1.605
1.642
1.375
1.311
1.616
1.546
1.062
1.845
1.694
1.86
1.697
1.049
1.341
1.688
1.202
1.466
1.51
1.264
1.887
1.289
1.585
1.845
1.782
1.496
1.025
1.588
1.581
1.77
1.539
1.689
1.658
2.0
1.692
1.661
1.873
1.634
1.921
1.615
1.398
1.753
1.486
0.999
1.584
1.508
1.65
1.72
1.678
0.846
1.419
0.822
1.676
0.715
0.577
1.713
1.459
1.811
1.546
0.891
0.855
0.87
0.447
0.668
0.869
0.938
0.211
0.477
0.839
1.536
0.0
1.579
0.627
0.727
1.004
0.018
0.805
0.68
0.317
0.779
1.508
0.964
0.606
1.842
1.78
0.643
0.806
0.709
0.208
0.545
0.164
1.688
0.513
1.669
0.169
0.507
1.872
0.087
1.603
0.56
0.92
1.746
0.209
0.77
1.499
0.341
0.494
0.072
1.583
1.014
1.186
1.662
1.243
1.843
1.967
1.783
2.255
1.683
1.978
2.116
1.544
1.38
1.342
1.772
1.809
1.542
1.478
1.783
1.713
1.229
2.012
1.86
2.027
1.864
1.215
1.508
1.855
1.369
1.633
1.677
1.431
2.054
1.456
1.751
2.012
1.949
1.663
1.192
1.755
1.748
1.937
1.706
1.856
1.825
2.166
1.859
1.827
2.04
1.801
2.088
1.782
1.565
1.92
1.653
1.166
1.751
1.675
1.817
1.887
1.845
0.872
0.527
0.851
1.023
1.944
1.749
0.266
0.575
1.044
0.233
0.688
0.754
0.759
1.703
1.791
0.71
0.652
1.393
1.657
0.847
0.062
1.579
0.0
1.833
0.957
0.589
1.564
0.801
1.625
1.268
0.808
0.185
0.638
1.726
0.968
0.957
1.648
0.896
1.746
1.38
1.877
1.423
1.034
1.77
0.155
1.668
1.771
1.03
1.566
0.085
1.744
0.659
0.874
1.398
0.948
0.482
1.246
1.758
1.561
0.445
0.85
1.023
1.498
1.079
1.679
1.804
1.62
2.091
1.52
1.815
1.953
1.38
1.217
1.179
1.609
1.646
1.378
1.314
1.62
1.549
1.066
1.848
1.697
1.864
1.7
1.052
1.344
1.692
1.205
1.469
1.513
1.267
1.891
1.292
1.588
1.849
1.785
1.499
1.028
1.591
1.584
1.773
1.543
1.692
1.661
2.003
1.696
1.664
1.877
1.637
1.925
1.619
1.401
1.756
1.49
1.002
1.587
1.511
1.654
1.724
1.681
0.964
1.496
0.983
1.547
0.114
0.085
2.032
1.512
1.69
1.876
1.207
1.091
1.078
0.186
0.085
1.191
1.2
0.78
0.194
0.987
1.807
0.627
1.833
0.0
0.878
1.255
0.641
1.048
0.259
0.809
1.065
1.822
1.203
0.113
1.755
1.689
0.213
0.938
0.168
0.752
0.141
0.638
1.557
0.114
1.959
0.466
0.12
1.765
0.548
1.883
0.093
1.237
1.684
0.61
0.886
1.585
0.832
0.133
0.699
1.68
0.202
0.374
0.85
0.431
1.031
1.156
0.971
1.443
0.871
1.166
1.304
0.732
0.568
0.53
0.96
0.997
0.73
0.666
0.971
0.901
0.417
1.2
1.049
1.215
1.052
0.404
0.696
1.043
0.557
0.821
0.865
0.619
1.242
0.644
0.94
1.2
1.137
0.851
0.38
0.943
0.936
1.125
0.894
1.044
1.013
1.355
1.047
1.016
1.228
0.989
1.276
0.97
0.753
1.108
0.841
0.354
0.939
0.863
1.006
1.075
1.033
0.12
0.696
0.108
0.982
0.989
0.793
1.157
0.733
1.109
1.005
0.367
0.22
0.201
0.748
0.84
0.359
0.331
0.612
0.7
0.119
0.93
0.727
0.957
0.878
0.0
0.38
0.718
0.188
0.685
0.494
0.235
0.949
0.327
0.772
1.128
1.068
0.701
0.08
0.803
0.581
0.922
0.564
0.995
0.814
1.081
0.762
0.815
1.163
0.682
1.005
0.788
0.393
1.027
0.518
0.055
0.779
0.487
0.803
0.74
0.867
0.494
0.666
1.142
0.723
1.323
1.448
1.263
1.735
1.163
1.458
1.597
1.024
0.861
0.823
1.252
1.289
1.022
0.958
1.263
1.193
0.709
1.492
1.341
1.508
1.344
0.696
0.988
1.335
0.849
1.113
1.157
0.911
1.535
0.936
1.232
1.492
1.429
1.143
0.672
1.235
1.228
1.417
1.186
1.336
1.305
1.647
1.34
1.308
1.52
1.281
1.568
1.262
1.045
1.4
1.133
0.646
1.231
1.155
1.298
1.368
1.325
0.325
0.5
0.283
0.96
1.367
1.17
0.777
0.56
1.055
0.625
0.15
0.166
0.18
1.117
1.22
0.17
0.065
0.833
1.073
0.287
0.556
1.004
0.589
1.255
0.38
0.0
0.99
0.212
1.064
0.704
0.225
0.568
0.054
1.151
1.036
0.989
1.082
0.336
1.183
0.814
1.291
0.844
0.974
1.186
0.705
1.082
1.187
1.086
0.983
0.63
1.164
0.139
0.925
0.814
0.385
0.557
0.685
1.174
0.994
0.622
0.841
1.014
1.489
1.071
1.671
1.795
1.611
2.083
1.511
1.806
1.944
1.372
1.208
1.17
1.6
1.637
1.37
1.305
1.611
1.54
1.057
1.84
1.688
1.855
1.692
1.043
1.335
1.683
1.196
1.46
1.505
1.259
1.882
1.284
1.579
1.84
1.777
1.491
1.02
1.583
1.576
1.764
1.534
1.684
1.652
1.994
1.687
1.655
1.868
1.629
1.916
1.61
1.393
1.748
1.481
0.994
1.578
1.502
1.645
1.715
1.672
0.837
1.409
0.812
1.671
0.73
0.59
1.697
1.45
1.806
1.53
0.877
0.843
0.858
0.46
0.681
0.854
0.925
0.193
0.488
0.83
1.521
0.018
1.564
0.641
0.718
0.99
0.0
0.793
0.689
0.301
0.766
1.492
0.951
0.618
1.836
1.774
0.653
0.798
0.721
0.191
0.561
0.154
1.683
0.527
1.654
0.185
0.521
1.866
0.097
1.588
0.573
0.905
1.739
0.202
0.762
1.489
0.325
0.508
0.059
1.573
0.355
0.527
1.003
0.584
1.184
1.309
1.124
1.596
1.024
1.319
1.458
0.885
0.722
0.684
1.113
1.15
0.883
0.819
1.124
1.054
0.57
1.353
1.202
1.369
1.205
0.557
0.849
1.196
0.71
0.974
1.018
0.772
1.396
0.797
1.093
1.353
1.29
1.004
0.533
1.096
1.089
1.278
1.047
1.197
1.166
1.508
1.201
1.169
1.381
1.142
1.429
1.124
0.906
1.261
0.994
0.507
1.092
1.016
1.159
1.229
1.186
0.191
0.634
0.128
1.014
1.161
0.963
0.984
0.684
1.128
0.828
0.181
0.05
0.075
0.906
1.016
0.175
0.153
0.65
0.864
0.147
0.768
0.805
0.801
1.048
0.188
0.212
0.793
0.0
0.867
0.521
0.07
0.774
0.164
0.946
1.128
1.074
0.881
0.177
0.984
0.626
1.08
0.643
1.028
0.976
0.916
0.874
0.976
1.172
0.779
0.842
0.957
0.206
1.021
0.609
0.213
0.707
0.505
0.963
0.802
0.786
0.619
0.791
1.267
0.848
1.448
1.573
1.388
1.86
1.288
1.583
1.722
1.149
0.986
0.948
1.377
1.415
1.147
1.083
1.388
1.318
0.835
1.617
1.466
1.633
1.469
0.821
1.113
1.46
0.974
1.238
1.282
1.036
1.66
1.061
1.357
1.617
1.554
1.268
0.797
1.36
1.353
1.542
1.312
1.461
1.43
1.772
1.465
1.433
1.646
1.406
1.693
1.388
1.17
1.525
1.259
0.771
1.356
1.28
1.423
1.493
1.45
0.753
1.255
0.782
1.289
0.345
0.201
1.838
1.267
1.431
1.689
1.04
0.904
0.884
0.284
0.186
1.027
1.015
0.771
0.223
0.782
1.604
0.68
1.625
0.259
0.685
1.064
0.689
0.867
0.0
0.758
0.898
1.631
1.01
0.153
1.497
1.431
0.051
0.732
0.122
0.736
0.377
0.626
1.298
0.28
1.758
0.556
0.287
1.507
0.593
1.68
0.211
1.068
1.427
0.58
0.681
1.345
0.776
0.286
0.747
1.44
0.663
0.835
1.311
0.892
1.492
1.617
1.432
1.904
1.332
1.628
1.766
1.193
1.03
0.992
1.421
1.459
1.191
1.127
1.433
1.362
0.879
1.661
1.51
1.677
1.513
0.865
1.157
1.505
1.018
1.282
1.326
1.08
1.704
1.105
1.401
1.662
1.598
1.312
0.841
1.404
1.397
1.586
1.356
1.505
1.474
1.816
1.509
1.477
1.69
1.45
1.738
1.432
1.214
1.569
1.303
0.815
1.4
1.324
1.467
1.537
1.494
0.608
1.153
0.568
1.475
0.916
0.736
1.396
1.2
1.603
1.229
0.581
0.569
0.592
0.625
0.82
0.559
0.639
0.129
0.62
0.589
1.223
0.317
1.268
0.809
0.494
0.704
0.301
0.521
0.758
0.0
0.482
1.192
0.67
0.747
1.619
1.56
0.74
0.568
0.832
0.112
0.772
0.187
1.489
0.702
1.354
0.443
0.698
1.656
0.329
1.289
0.722
0.609
1.516
0.2
0.546
1.227
0.025
0.684
0.293
1.306
0.417
0.59
1.065
0.646
1.247
1.371
1.187
1.658
1.087
1.382
1.52
0.947
0.784
0.746
1.176
1.213
0.945
0.881
1.187
1.116
0.633
1.415
1.264
1.431
1.267
0.619
0.911
1.259
0.772
1.036
1.08
0.834
1.458
0.859
1.155
1.416
1.352
1.066
0.595
1.158
1.151
1.34
1.11
1.259
1.228
1.57
1.263
1.231
1.444
1.204
1.492
1.186
0.968
1.323
1.057
0.569
1.154
1.078
1.221
1.291
1.248
0.258
0.685
0.195
1.08
1.179
0.981
0.975
0.738
1.192
0.815
0.143
0.099
0.139
0.915
1.039
0.129
0.159
0.612
0.877
0.215
0.77
0.779
0.808
1.065
0.235
0.225
0.766
0.07
0.898
0.482
0.0
0.765
0.188
0.967
1.19
1.137
0.908
0.24
1.011
0.591
1.088
0.619
1.094
0.988
0.913
0.86
0.987
1.234
0.76
0.842
0.973
0.172
1.082
0.591
0.269
0.754
0.465
0.974
0.77
0.828
1.041
1.213
1.689
1.27
1.87
1.994
1.81
2.282
1.71
2.005
2.143
1.571
1.407
1.369
1.799
1.836
1.569
1.505
1.81
1.74
1.256
2.039
1.887
2.054
1.891
1.242
1.535
1.882
1.396
1.66
1.704
1.458
2.081
1.483
1.778
2.039
1.976
1.69
1.219
1.782
1.775
1.964
1.733
1.883
1.852
2.193
1.886
1.854
2.067
1.828
2.115
1.809
1.592
1.947
1.68
1.193
1.778
1.701
1.844
1.914
1.872
0.883
0.656
0.849
1.174
1.935
1.737
0.21
0.712
1.207
0.068
0.629
0.732
0.748
1.679
1.788
0.649
0.622
1.312
1.638
0.85
0.129
1.508
0.185
1.822
0.949
0.568
1.492
0.774
1.631
1.192
0.765
0.0
0.622
1.719
1.137
1.121
1.65
0.9
1.751
1.303
1.852
1.359
1.185
1.75
0.17
1.612
1.75
1.199
1.505
0.133
1.731
0.599
1.039
1.341
0.951
0.629
1.168
1.737
1.482
0.609
0.442
0.615
1.09
0.671
1.272
1.396
1.212
1.683
1.112
1.407
1.545
0.972
0.809
0.771
1.201
1.238
0.97
0.906
1.212
1.141
0.658
1.44
1.289
1.456
1.292
0.644
0.936
1.284
0.797
1.061
1.105
0.859
1.483
0.884
1.18
1.441
1.377
1.091
0.62
1.184
1.176
1.365
1.135
1.284
1.253
1.595
1.288
1.256
1.469
1.229
1.517
1.211
0.993
1.348
1.082
0.594
1.179
1.103
1.246
1.316
1.273
0.272
0.509
0.23
0.947
1.315
1.118
0.83
0.567
1.048
0.679
0.15
0.116
0.127
1.066
1.167
0.166
0.046
0.799
1.022
0.234
0.607
0.964
0.638
1.203
0.327
0.054
0.951
0.164
1.01
0.67
0.188
0.622
0.0
1.098
1.035
0.986
1.028
0.282
1.129
0.779
1.24
0.803
0.962
1.135
0.757
1.037
1.135
1.083
0.941
0.682
1.112
0.15
0.924
0.771
0.331
0.572
0.652
1.122
0.957
0.644
0.738
0.91
1.386
0.967
1.567
1.692
1.507
1.979
1.407
1.702
1.841
1.268
1.105
1.067
1.496
1.533
1.266
1.202
1.507
1.437
0.953
1.736
1.585
1.751
1.588
0.94
1.232
1.579
1.093
1.357
1.401
1.155
1.778
1.18
1.476
1.736
1.673
1.387
0.916
1.479
1.472
1.661
1.43
1.58
1.549
1.891
1.583
1.552
1.764
1.525
1.812
1.506
1.289
1.644
1.377
0.89
1.475
1.399
1.542
1.612
1.569
0.855
1.383
0.876
1.439
0.218
0.049
1.928
1.399
1.582
1.774
1.109
0.987
0.972
0.165
0.075
1.094
1.098
0.734
0.132
0.879
1.701
0.606
1.726
0.113
0.772
1.151
0.618
0.946
0.153
0.747
0.967
1.719
1.098
0.0
1.645
1.579
0.104
0.83
0.106
0.703
0.224
0.589
1.449
0.134
1.853
0.46
0.142
1.657
0.522
1.777
0.062
1.139
1.573
0.553
0.778
1.472
0.768
0.145
0.677
1.567
0.998
1.171
1.646
1.228
1.828
1.952
1.768
2.24
1.668
1.963
2.101
1.529
1.365
1.327
1.757
1.794
1.527
1.462
1.768
1.697
1.214
1.997
1.845
2.012
1.849
1.2
1.492
1.84
1.353
1.617
1.662
1.416
2.039
1.441
1.736
1.997
1.934
1.648
1.177
1.74
1.733
1.921
1.691
1.841
1.809
2.151
1.844
1.812
2.025
1.786
2.073
1.767
1.549
1.905
1.638
1.151
1.735
1.659
1.802
1.872
1.829
1.011
0.549
1.053
0.222
1.836
1.688
1.214
0.484
0.11
1.196
1.182
1.09
1.054
1.716
1.681
1.2
1.08
1.74
1.65
1.031
1.012
1.842
0.968
1.755
1.128
1.036
1.836
1.128
1.497
1.619
1.19
1.137
1.035
1.645
0.0
0.066
1.543
1.051
1.605
1.709
1.861
1.684
0.218
1.751
1.102
1.842
1.756
0.062
1.785
1.051
1.693
1.175
0.111
1.633
1.078
0.529
1.61
1.749
1.863
0.529
0.935
1.107
1.583
1.164
1.764
1.889
1.704
2.176
1.604
1.9
2.038
1.465
1.302
1.264
1.693
1.731
1.463
1.399
1.705
1.634
1.151
1.933
1.782
1.949
1.785
1.137
1.429
1.777
1.29
1.554
1.598
1.352
1.976
1.377
1.673
1.934
1.87
1.584
1.113
1.676
1.669
1.858
1.628
1.777
1.746
2.088
1.781
1.749
1.962
1.722
2.01
1.704
1.486
1.841
1.575
1.087
1.672
1.596
1.739
1.809
1.766
0.952
0.512
0.995
0.161
1.77
1.622
1.209
0.447
0.088
1.182
1.135
1.038
1.0
1.65
1.614
1.152
1.031
1.68
1.584
0.974
0.998
1.78
0.957
1.689
1.068
0.989
1.774
1.074
1.431
1.56
1.137
1.121
0.986
1.579
0.066
0.0
1.476
0.992
1.539
1.649
1.795
1.622
0.159
1.685
1.095
1.778
1.69
0.097
1.722
1.041
1.627
1.128
0.083
1.571
1.018
0.502
1.552
1.683
1.802
0.513
0.649
0.821
1.297
0.878
1.478
1.603
1.419
1.89
1.318
1.614
1.752
1.179
1.016
0.978
1.407
1.445
1.177
1.113
1.419
1.348
0.865
1.647
1.496
1.663
1.499
0.851
1.143
1.491
1.004
1.268
1.312
1.066
1.69
1.091
1.387
1.648
1.584
1.298
0.827
1.39
1.383
1.572
1.342
1.491
1.46
1.802
1.495
1.463
1.676
1.436
1.724
1.418
1.2
1.555
1.289
0.801
1.386
1.31
1.453
1.523
1.48
0.777
1.29
0.802
1.336
0.307
0.15
1.858
1.304
1.478
1.706
1.051
0.92
0.902
0.235
0.147
1.037
1.031
0.745
0.177
0.803
1.626
0.643
1.648
0.213
0.701
1.082
0.653
0.881
0.051
0.74
0.908
1.65
1.028
0.104
1.543
1.476
0.0
0.754
0.103
0.711
0.327
0.6
1.345
0.229
1.779
0.513
0.235
1.553
0.556
1.702
0.16
1.08
1.471
0.556
0.702
1.38
0.759
0.235
0.711
1.474
0.178
0.35
0.826
0.407
1.007
1.132
0.948
1.419
0.847
1.143
1.281
0.708
0.545
0.507
0.936
0.974
0.706
0.642
0.948
0.877
0.394
1.176
1.025
1.192
1.028
0.38
0.672
1.02
0.533
0.797
0.841
0.595
1.219
0.62
0.916
1.177
1.113
0.827
0.356
0.919
0.912
1.101
0.871
1.02
0.989
1.331
1.024
0.992
1.205
0.965
1.253
0.947
0.729
1.084
0.818
0.33
0.915
0.839
0.982
1.052
1.009
0.04
0.616
0.054
0.91
1.047
0.853
1.106
0.654
1.035
0.959
0.354
0.192
0.159
0.816
0.895
0.351
0.296
0.689
0.765
0.05
0.873
0.806
0.896
0.938
0.08
0.336
0.798
0.177
0.732
0.568
0.24
0.9
0.282
0.83
1.051
0.992
0.754
0.0
0.853
0.658
0.988
0.643
0.923
0.88
1.026
0.841
0.881
1.088
0.762
0.949
0.849
0.376
0.95
0.598
0.052
0.7
0.56
0.869
0.819
0.789
0.741
0.914
1.389
0.97
1.571
1.695
1.511
1.983
1.411
1.706
1.844
1.272
1.108
1.07
1.5
1.537
1.27
1.205
1.511
1.44
0.957
1.739
1.588
1.755
1.591
0.943
1.235
1.583
1.096
1.36
1.404
1.158
1.782
1.184
1.479
1.74
1.676
1.39
0.919
1.483
1.476
1.664
1.434
1.583
1.552
1.894
1.587
1.555
1.768
1.528
1.816
1.51
1.292
1.648
1.381
0.894
1.478
1.402
1.545
1.615
1.572
0.875
1.377
0.902
1.394
0.231
0.149
1.958
1.387
1.536
1.808
1.153
1.022
1.002
0.271
0.083
1.14
1.132
0.829
0.233
0.903
1.725
0.709
1.746
0.168
0.803
1.183
0.721
0.984
0.122
0.832
1.011
1.751
1.129
0.106
1.605
1.539
0.103
0.853
0.0
0.796
0.305
0.683
1.403
0.234
1.878
0.566
0.242
1.613
0.624
1.801
0.165
1.182
1.538
0.643
0.801
1.466
0.852
0.247
0.78
1.561
0.734
0.907
1.382
0.963
1.564
1.688
1.504
1.975
1.404
1.699
1.837
1.264
1.101
1.063
1.493
1.53
1.262
1.198
1.504
1.433
0.95
1.732
1.581
1.748
1.584
0.936
1.228
1.576
1.089
1.353
1.397
1.151
1.775
1.176
1.472
1.733
1.669
1.383
0.912
1.476
1.469
1.657
1.427
1.576
1.545
1.887
1.58
1.548
1.761
1.521
1.809
1.503
1.285
1.641
1.374
0.886
1.471
1.395
1.538
1.608
1.565
0.698
1.254
0.663
1.557
0.853
0.685
1.507
1.3
1.688
1.34
0.693
0.675
0.695
0.565
0.773
0.671
0.749
0.039
0.572
0.683
1.335
0.208
1.38
0.752
0.581
0.814
0.191
0.626
0.736
0.112
0.591
1.303
0.779
0.703
1.709
1.649
0.711
0.658
0.796
0.0
0.699
0.114
1.571
0.641
1.466
0.348
0.636
1.744
0.233
1.401
0.67
0.721
1.608
0.156
0.631
1.331
0.135
0.622
0.181
1.411
0.923
1.095
1.571
1.152
1.752
1.877
1.692
2.164
1.592
1.887
2.026
1.453
1.29
1.252
1.681
1.719
1.451
1.387
1.692
1.622
1.138
1.921
1.77
1.937
1.773
1.125
1.417
1.764
1.278
1.542
1.586
1.34
1.964
1.365
1.661
1.921
1.858
1.572
1.101
1.664
1.657
1.846
1.616
1.765
1.734
2.076
1.769
1.737
1.949
1.71
1.997
1.692
1.474
1.829
1.563
1.075
1.66
1.584
1.727
1.797
1.754
1.019
1.571
1.029
1.657
0.179
0.177
2.062
1.591
1.8
1.903
1.227
1.125
1.117
0.174
0.224
1.21
1.232
0.722
0.225
1.036
1.847
0.545
1.877
0.141
0.922
1.291
0.561
1.08
0.377
0.772
1.088
1.852
1.24
0.224
1.861
1.795
0.327
0.988
0.305
0.699
0.0
0.59
1.667
0.112
1.995
0.377
0.109
1.874
0.476
1.921
0.169
1.258
1.785
0.573
0.938
1.66
0.797
0.12
0.617
1.753
0.693
0.865
1.34
0.922
1.522
1.646
1.462
1.934
1.362
1.657
1.795
1.223
1.059
1.021
1.451
1.488
1.221
1.157
1.462
1.392
0.908
1.691
1.539
1.706
1.543
0.894
1.186
1.534
1.047
1.312
1.356
1.11
1.733
1.135
1.43
1.691
1.628
1.342
0.871
1.434
1.427
1.616
1.385
1.535
1.504
1.845
1.538
1.506
1.719
1.48
1.767
1.461
1.244
1.599
1.332
0.845
1.43
1.353
1.496
1.566
1.524
0.683
1.255
0.658
1.522
0.741
0.572
1.566
1.296
1.656
1.4
0.736
0.693
0.706
0.452
0.66
0.715
0.778
0.146
0.458
0.675
1.381
0.164
1.423
0.638
0.564
0.844
0.154
0.643
0.626
0.187
0.619
1.359
0.803
0.589
1.684
1.622
0.6
0.643
0.683
0.114
0.59
0.0
1.535
0.528
1.518
0.258
0.524
1.715
0.146
1.45
0.556
0.766
1.586
0.057
0.609
1.335
0.212
0.509
0.181
1.419
0.842
1.014
1.49
1.071
1.671
1.796
1.612
2.083
1.511
1.807
1.945
1.372
1.209
1.171
1.6
1.638
1.37
1.306
1.612
1.541
1.058
1.84
1.689
1.856
1.692
1.044
1.336
1.684
1.197
1.461
1.505
1.259
1.883
1.284
1.58
1.841
1.777
1.491
1.02
1.583
1.576
1.765
1.535
1.684
1.653
1.995
1.688
1.656
1.869
1.629
1.917
1.611
1.393
1.748
1.482
0.994
1.579
1.503
1.646
1.716
1.673
0.885
0.54
0.935
0.014
1.634
1.493
1.295
0.478
0.133
1.249
1.112
0.997
0.956
1.528
1.48
1.127
1.007
1.604
1.462
0.912
1.069
1.688
1.034
1.557
0.995
0.974
1.683
1.028
1.298
1.489
1.094
1.185
0.962
1.449
0.218
0.159
1.345
0.923
1.403
1.571
1.667
1.535
0.0
1.559
1.18
1.675
1.564
0.211
1.626
1.119
1.499
1.11
0.211
1.482
0.943
0.557
1.482
1.558
1.716
0.592
0.811
0.983
1.459
1.04
1.64
1.765
1.58
2.052
1.48
1.775
1.914
1.341
1.178
1.14
1.569
1.607
1.339
1.275
1.58
1.51
1.027
1.809
1.658
1.825
1.661
1.013
1.305
1.652
1.166
1.43
1.474
1.228
1.852
1.253
1.549
1.809
1.746
1.46
0.989
1.552
1.545
1.734
1.504
1.653
1.622
1.964
1.657
1.625
1.838
1.598
1.885
1.58
1.362
1.717
1.451
0.963
1.548
1.472
1.615
1.685
1.642
0.909
1.459
0.921
1.549
0.213
0.086
1.96
1.479
1.692
1.802
1.128
1.021
1.011
0.078
0.167
1.111
1.129
0.668
0.114
0.928
1.742
0.513
1.77
0.114
0.814
1.186
0.527
0.976
0.28
0.702
0.988
1.75
1.135
0.134
1.751
1.685
0.229
0.88
0.234
0.641
0.112
0.528
1.559
0.0
1.891
0.354
0.008
1.765
0.435
1.816
0.072
1.159
1.675
0.503
0.829
1.548
0.726
0.019
0.585
1.642
1.153
1.325
1.801
1.382
1.982
2.107
1.922
2.394
1.822
2.117
2.255
1.683
1.519
1.481
1.911
1.948
1.681
1.617
1.922
1.852
1.368
2.151
2.0
2.166
2.003
1.355
1.647
1.994
1.508
1.772
1.816
1.57
2.193
1.595
1.891
2.151
2.088
1.802
1.331
1.894
1.887
2.076
1.845
1.995
1.964
2.306
1.998
1.966
2.179
1.94
2.227
1.921
1.704
2.059
1.792
1.305
1.89
1.814
1.956
2.026
1.984
1.004
0.681
0.978
1.169
2.07
1.874
0.115
0.727
1.182
0.167
0.783
0.87
0.881
1.822
1.92
0.804
0.764
1.476
1.778
0.976
0.155
1.669
0.155
1.959
1.081
0.705
1.654
0.916
1.758
1.354
0.913
0.17
0.757
1.853
1.102
1.095
1.779
1.026
1.878
1.466
1.995
1.518
1.18
1.891
0.0
1.768
1.891
1.163
1.663
0.079
1.868
0.753
1.012
1.497
1.077
0.632
1.331
1.878
1.645
0.588
0.846
1.018
1.494
1.075
1.675
1.799
1.615
2.087
1.515
1.81
1.948
1.376
1.212
1.174
1.604
1.641
1.374
1.31
1.615
1.545
1.061
1.844
1.692
1.859
1.696
1.047
1.34
1.687
1.201
1.465
1.509
1.263
1.886
1.288
1.583
1.844
1.781
1.495
1.024
1.587
1.58
1.769
1.538
1.688
1.657
1.998
1.691
1.659
1.872
1.633
1.92
1.614
1.397
1.752
1.485
0.998
1.583
1.507
1.649
1.719
1.677
0.879
1.457
0.866
1.663
0.549
0.425
1.82
1.492
1.802
1.654
0.985
0.923
0.93
0.296
0.515
0.964
1.017
0.362
0.338
0.88
1.629
0.169
1.668
0.466
0.762
1.082
0.185
0.874
0.556
0.443
0.86
1.612
1.037
0.46
1.842
1.778
0.513
0.841
0.566
0.348
0.377
0.258
1.675
0.354
1.768
0.0
0.347
1.868
0.115
1.699
0.408
1.015
1.752
0.271
0.798
1.541
0.469
0.335
0.24
1.63
0.814
0.986
1.462
1.043
1.643
1.767
1.583
2.055
1.483
1.778
1.916
1.344
1.18
1.142
1.572
1.609
1.342
1.278
1.583
1.513
1.029
1.812
1.661
1.827
1.664
1.016
1.308
1.655
1.169
1.433
1.477
1.231
1.854
1.256
1.552
1.812
1.749
1.463
0.992
1.555
1.548
1.737
1.506
1.656
1.625
1.966
1.659
1.627
1.84
1.601
1.888
1.582
1.365
1.72
1.453
0.966
1.551
1.475
1.617
1.687
1.645
0.911
1.462
0.922
1.554
0.218
0.094
1.96
1.482
1.697
1.801
1.128
1.021
1.012
0.075
0.175
1.11
1.129
0.663
0.116
0.929
1.742
0.507
1.771
0.12
0.815
1.187
0.521
0.976
0.287
0.698
0.987
1.75
1.135
0.142
1.756
1.69
0.235
0.881
0.242
0.636
0.109
0.524
1.564
0.008
1.891
0.347
0.0
1.77
0.429
1.817
0.079
1.158
1.679
0.499
0.83
1.55
0.722
0.015
0.579
1.644
1.027
1.199
1.674
1.256
1.856
1.98
1.796
2.268
1.696
1.991
2.129
1.557
1.393
1.355
1.785
1.822
1.555
1.49
1.796
1.725
1.242
2.025
1.873
2.04
1.877
1.228
1.52
1.868
1.381
1.646
1.69
1.444
2.067
1.469
1.764
2.025
1.962
1.676
1.205
1.768
1.761
1.949
1.719
1.869
1.838
2.179
1.872
1.84
2.053
1.814
2.101
1.795
1.578
1.933
1.666
1.179
1.763
1.687
1.83
1.9
1.858
1.048
0.604
1.092
0.219
1.844
1.7
1.276
0.539
0.081
1.258
1.231
1.135
1.097
1.732
1.69
1.249
1.128
1.776
1.666
1.07
1.074
1.872
1.03
1.765
1.163
1.086
1.866
1.172
1.507
1.656
1.234
1.199
1.083
1.657
0.062
0.097
1.553
1.088
1.613
1.744
1.874
1.715
0.211
1.765
1.163
1.868
1.77
0.0
1.814
1.113
1.706
1.225
0.166
1.664
1.113
0.588
1.648
1.764
1.896
0.59
0.787
0.96
1.435
1.016
1.616
1.741
1.557
2.028
1.456
1.752
1.89
1.317
1.154
1.116
1.545
1.583
1.315
1.251
1.557
1.486
1.003
1.785
1.634
1.801
1.637
0.989
1.281
1.629
1.142
1.406
1.45
1.204
1.828
1.229
1.525
1.786
1.722
1.436
0.965
1.528
1.521
1.71
1.48
1.629
1.598
1.94
1.633
1.601
1.814
1.574
1.862
1.556
1.338
1.693
1.427
0.939
1.524
1.448
1.591
1.661
1.618
0.801
1.378
0.782
1.614
0.641
0.494
1.712
1.416
1.751
1.546
0.88
0.829
0.839
0.366
0.585
0.859
0.918
0.249
0.391
0.798
1.525
0.087
1.566
0.548
0.682
0.983
0.097
0.779
0.593
0.329
0.76
1.505
0.941
0.522
1.785
1.722
0.556
0.762
0.624
0.233
0.476
0.146
1.626
0.435
1.663
0.115
0.429
1.814
0.0
1.595
0.477
0.91
1.691
0.17
0.723
1.46
0.354
0.415
0.156
1.547
1.074
1.247
1.722
1.304
1.904
2.028
1.844
2.316
1.744
2.039
2.177
1.605
1.441
1.403
1.833
1.87
1.603
1.538
1.844
1.773
1.29
2.073
1.921
2.088
1.925
1.276
1.568
1.916
1.429
1.693
1.738
1.492
2.115
1.517
1.812
2.073
2.01
1.724
1.253
1.816
1.809
1.997
1.767
1.917
1.885
2.227
1.92
1.888
2.101
1.862
2.149
1.843
1.626
1.981
1.714
1.227
1.811
1.735
1.878
1.948
1.905
0.927
0.61
0.901
1.108
1.994
1.798
0.184
0.659
1.128
0.162
0.714
0.796
0.806
1.747
1.843
0.736
0.69
1.413
1.703
0.899
0.076
1.603
0.085
1.883
1.005
0.63
1.588
0.842
1.68
1.289
0.842
0.133
0.682
1.777
1.051
1.041
1.702
0.949
1.801
1.401
1.921
1.45
1.119
1.816
0.079
1.699
1.817
1.113
1.595
0.0
1.793
0.685
0.958
1.428
1.0
0.567
1.267
1.804
1.581
0.529
0.769
0.941
1.416
0.998
1.598
1.722
1.538
2.01
1.438
1.733
1.871
1.299
1.135
1.097
1.527
1.564
1.297
1.233
1.538
1.468
0.984
1.767
1.615
1.782
1.619
0.97
1.262
1.61
1.124
1.388
1.432
1.186
1.809
1.211
1.506
1.767
1.704
1.418
0.947
1.51
1.503
1.692
1.461
1.611
1.58
1.921
1.614
1.582
1.795
1.556
1.843
1.537
1.32
1.675
1.408
0.921
1.506
1.429
1.572
1.642
1.6
0.877
1.416
0.893
1.489
0.207
0.017
1.941
1.434
1.632
1.784
1.115
0.999
0.987
0.113
0.108
1.099
1.109
0.7
0.103
0.898
1.717
0.56
1.744
0.093
0.788
1.164
0.573
0.957
0.211
0.722
0.973
1.731
1.112
0.062
1.693
1.627
0.16
0.849
0.165
0.67
0.169
0.556
1.499
0.072
1.868
0.408
0.079
1.706
0.477
1.793
0.0
1.145
1.619
0.524
0.798
1.505
0.744
0.083
0.632
1.599
0.551
0.723
1.199
0.78
1.38
1.505
1.32
1.792
1.22
1.515
1.654
1.081
0.918
0.88
1.309
1.347
1.079
1.015
1.32
1.25
0.767
1.549
1.398
1.565
1.401
0.753
1.045
1.393
0.906
1.17
1.214
0.968
1.592
0.993
1.289
1.549
1.486
1.2
0.729
1.292
1.285
1.474
1.244
1.393
1.362
1.704
1.397
1.365
1.578
1.338
1.626
1.32
1.102
1.457
1.191
0.703
1.288
1.212
1.355
1.425
1.382
0.38
0.638
0.323
1.095
1.351
1.153
0.809
0.699
1.193
0.646
0.03
0.184
0.224
1.085
1.211
0.051
0.107
0.736
1.048
0.336
0.616
0.92
0.659
1.237
0.393
0.139
0.905
0.206
1.068
0.609
0.172
0.599
0.15
1.139
1.175
1.128
1.08
0.376
1.182
0.721
1.258
0.766
1.11
1.159
0.753
1.015
1.158
1.225
0.91
0.685
1.145
0.0
1.064
0.744
0.417
0.691
0.588
1.144
0.902
0.752
0.906
1.079
1.554
1.135
1.736
1.86
1.676
2.147
1.576
1.871
2.009
1.436
1.273
1.235
1.665
1.702
1.434
1.37
1.676
1.605
1.122
1.904
1.753
1.92
1.756
1.108
1.4
1.748
1.261
1.525
1.569
1.323
1.947
1.348
1.644
1.905
1.841
1.555
1.084
1.648
1.641
1.829
1.599
1.748
1.717
2.059
1.752
1.72
1.933
1.693
1.981
1.675
1.457
1.813
1.546
1.058
1.643
1.567
1.71
1.78
1.737
0.91
0.438
0.949
0.208
1.769
1.615
1.126
0.373
0.171
1.099
1.072
0.982
0.946
1.636
1.612
1.09
0.97
1.638
1.571
0.928
0.915
1.746
0.874
1.684
1.027
0.925
1.739
1.021
1.427
1.516
1.082
1.039
0.924
1.573
0.111
0.083
1.471
0.95
1.538
1.608
1.785
1.586
0.211
1.675
1.012
1.752
1.679
0.166
1.691
0.958
1.619
1.064
0.0
1.537
0.979
0.423
1.507
1.672
1.765
0.43
0.64
0.812
1.287
0.869
1.469
1.593
1.409
1.881
1.309
1.604
1.742
1.17
1.006
0.968
1.398
1.435
1.168
1.104
1.409
1.339
0.855
1.638
1.486
1.653
1.49
0.841
1.133
1.481
0.994
1.259
1.303
1.057
1.68
1.082
1.377
1.638
1.575
1.289
0.818
1.381
1.374
1.563
1.332
1.482
1.451
1.792
1.485
1.453
1.666
1.427
1.714
1.408
1.191
1.546
1.279
0.792
1.377
1.3
1.443
1.513
1.471
0.638
1.212
0.615
1.469
0.716
0.539
1.549
1.252
1.604
1.384
0.714
0.659
0.669
0.425
0.625
0.693
0.749
0.192
0.424
0.632
1.358
0.209
1.398
0.61
0.518
0.814
0.202
0.609
0.58
0.2
0.591
1.341
0.771
0.553
1.633
1.571
0.556
0.598
0.643
0.156
0.573
0.057
1.482
0.503
1.497
0.271
0.499
1.664
0.17
1.428
0.524
0.744
1.537
0.0
0.561
1.294
0.224
0.484
0.236
1.379
0.152
0.325
0.8
0.381
0.982
1.106
0.922
1.393
0.822
1.117
1.255
0.682
0.519
0.481
0.911
0.948
0.68
0.616
0.922
0.851
0.368
1.15
0.999
1.166
1.002
0.354
0.646
0.994
0.507
0.771
0.815
0.569
1.193
0.594
0.89
1.151
1.087
0.801
0.33
0.894
0.886
1.075
0.845
0.994
0.963
1.305
0.998
0.966
1.179
0.939
1.227
0.921
0.703
1.058
0.792
0.304
0.889
0.813
0.956
1.026
0.983
0.083
0.659
0.102
0.929
0.996
0.802
1.157
0.694
1.057
1.009
0.393
0.235
0.206
0.766
0.843
0.388
0.342
0.663
0.714
0.102
0.924
0.77
0.948
0.886
0.055
0.385
0.762
0.213
0.681
0.546
0.269
0.951
0.331
0.778
1.078
1.018
0.702
0.052
0.801
0.631
0.938
0.609
0.943
0.829
1.077
0.798
0.83
1.113
0.723
1.0
0.798
0.417
0.979
0.561
0.0
0.744
0.54
0.818
0.786
0.834
0.737
0.909
1.385
0.966
1.566
1.691
1.506
1.978
1.406
1.701
1.84
1.267
1.104
1.066
1.495
1.533
1.265
1.201
1.506
1.436
0.952
1.735
1.584
1.751
1.587
0.939
1.231
1.578
1.092
1.356
1.4
1.154
1.778
1.179
1.475
1.735
1.672
1.386
0.915
1.478
1.471
1.66
1.43
1.579
1.548
1.89
1.583
1.551
1.763
1.524
1.811
1.506
1.288
1.643
1.377
0.889
1.474
1.398
1.541
1.611
1.568
0.663
0.089
0.678
0.545
1.686
1.506
0.747
0.1
0.585
0.692
0.706
0.66
0.636
1.493
1.527
0.727
0.613
1.356
1.435
0.662
0.513
1.499
0.482
1.585
0.779
0.557
1.489
0.707
1.345
1.227
0.754
0.629
0.572
1.472
0.529
0.502
1.38
0.7
1.466
1.331
1.66
1.335
0.557
1.548
0.632
1.541
1.55
0.588
1.46
0.567
1.505
0.691
0.423
1.294
0.744
0.0
1.212
1.54
1.503
0.095
0.661
0.833
1.309
0.89
1.49
1.615
1.43
1.902
1.33
1.625
1.764
1.191
1.028
0.99
1.419
1.456
1.189
1.125
1.43
1.36
0.876
1.659
1.508
1.675
1.511
0.863
1.155
1.502
1.016
1.28
1.324
1.078
1.701
1.103
1.399
1.659
1.596
1.31
0.839
1.402
1.395
1.584
1.353
1.503
1.472
1.814
1.507
1.475
1.687
1.448
1.735
1.429
1.212
1.567
1.3
0.813
1.398
1.322
1.465
1.535
1.492
0.599
1.139
0.557
1.469
0.939
0.758
1.372
1.187
1.595
1.205
0.561
0.553
0.577
0.648
0.842
0.538
0.62
0.148
0.642
0.579
1.201
0.341
1.246
0.832
0.487
0.685
0.325
0.505
0.776
0.025
0.465
1.168
0.652
0.768
1.61
1.552
0.759
0.56
0.852
0.135
0.797
0.212
1.482
0.726
1.331
0.469
0.722
1.648
0.354
1.267
0.744
0.588
1.507
0.224
0.54
1.212
0.0
0.707
0.315
1.291
0.804
0.976
1.452
1.033
1.633
1.757
1.573
2.045
1.473
1.768
1.906
1.334
1.17
1.132
1.562
1.599
1.332
1.268
1.573
1.503
1.019
1.802
1.65
1.817
1.654
1.006
1.298
1.645
1.159
1.423
1.467
1.221
1.844
1.246
1.542
1.802
1.739
1.453
0.982
1.545
1.538
1.727
1.496
1.646
1.615
1.956
1.649
1.617
1.83
1.591
1.878
1.572
1.355
1.71
1.443
0.956
1.541
1.465
1.607
1.677
1.635
0.899
1.451
0.91
1.548
0.232
0.099
1.947
1.473
1.691
1.788
1.114
1.008
0.999
0.061
0.183
1.097
1.116
0.649
0.105
0.917
1.729
0.494
1.758
0.133
0.803
1.174
0.508
0.963
0.286
0.684
0.974
1.737
1.122
0.145
1.749
1.683
0.235
0.869
0.247
0.622
0.12
0.509
1.558
0.019
1.878
0.335
0.015
1.764
0.415
1.804
0.083
1.144
1.672
0.484
0.818
1.54
0.707
0.0
0.566
1.634
0.874
1.046
1.522
1.103
1.703
1.827
1.643
2.115
1.543
1.838
1.976
1.404
1.24
1.202
1.632
1.669
1.402
1.338
1.643
1.573
1.089
1.872
1.72
1.887
1.724
1.075
1.368
1.715
1.229
1.493
1.537
1.291
1.914
1.316
1.612
1.872
1.809
1.523
1.052
1.615
1.608
1.797
1.566
1.716
1.685
2.026
1.719
1.687
1.9
1.661
1.948
1.642
1.425
1.78
1.513
1.026
1.611
1.535
1.677
1.747
1.705
0.859
1.425
0.83
1.703
0.787
0.648
1.685
1.468
1.836
1.518
0.874
0.851
0.869
0.519
0.74
0.852
0.929
0.171
0.547
0.848
1.516
0.072
1.561
0.699
0.74
0.994
0.059
0.802
0.747
0.293
0.77
1.482
0.957
0.677
1.863
1.802
0.711
0.819
0.78
0.181
0.617
0.181
1.716
0.585
1.645
0.24
0.579
1.896
0.156
1.581
0.632
0.902
1.765
0.236
0.786
1.503
0.315
0.566
0.0
1.586
0.831
1.003
1.479
1.06
1.66
1.785
1.6
2.072
1.5
1.795
1.934
1.361
1.198
1.16
1.589
1.627
1.359
1.295
1.6
1.53
1.047
1.829
1.678
1.845
1.681
1.033
1.325
1.672
1.186
1.45
1.494
1.248
1.872
1.273
1.569
1.829
1.766
1.48
1.009
1.572
1.565
1.754
1.524
1.673
1.642
1.984
1.677
1.645
1.858
1.618
1.905
1.6
1.382
1.737
1.471
0.983
1.568
1.492
1.635
1.705
1.662
0.752
0.184
0.765
0.582
1.781
1.6
0.703
0.185
0.599
0.669
0.77
0.738
0.716
1.587
1.621
0.792
0.682
1.435
1.529
0.75
0.485
1.583
0.445
1.68
0.867
0.622
1.573
0.786
1.44
1.306
0.828
0.609
0.644
1.567
0.529
0.513
1.474
0.789
1.561
1.411
1.753
1.419
0.592
1.642
0.588
1.63
1.644
0.59
1.547
0.529
1.599
0.752
0.43
1.379
0.834
0.095
1.291
1.634
1.586
0.0
0.172
1000.0
0.82
0.401
1.002
1.126
0.942
1.414
0.842
1.137
1.275
0.703
0.539
0.501
0.931
0.968
0.701
0.636
0.942
0.871
0.388
1.171
1.019
1.186
1.023
0.374
0.666
1.014
0.527
0.791
0.835
0.59
1.213
0.615
0.91
1.171
1.107
0.821
0.35
0.914
0.907
1.095
0.865
1.014
0.983
1.325
1.018
0.986
1.199
0.96
1.247
0.941
0.723
1.079
0.812
0.325
0.909
0.833
0.976
1.046
1.003
0.345
0.82
0.401
1.002
1.126
0.942
1.414
0.842
1.137
1.275
0.703
0.539
0.501
0.931
0.968
0.701
0.636
0.942
0.871
0.388
1.171
1.019
1.186
1.023
0.374
0.666
1.014
0.527
0.791
0.835
0.59
1.213
0.615
0.91
1.171
1.107
0.821
0.35
0.914
0.907
1.095
0.865
1.014
0.983
1.325
1.018
0.986
1.199
0.96
1.247
0.941
0.723
1.079
0.812
0.325
0.909
0.833
0.976
1.046
1.003
0.648
0.82
1000.0
0.877
1.477
1.602
1.417
1.889
1.317
1.612
1.751
1.178
1.015
0.977
1.406
1.443
1.176
1.112
1.417
1.347
0.863
1.646
1.495
1.662
1.498
0.85
1.142
1.489
1.003
1.267
1.311
1.065
1.689
1.09
1.386
1.646
1.583
1.297
0.826
1.389
1.382
1.571
1.34
1.49
1.459
1.801
1.494
1.462
1.674
1.435
1.722
1.416
1.199
1.554
1.287
0.8
1.385
1.309
1.452
1.522
1.479
0.82
1.296
0.877
1.477
1.602
1.417
1.889
1.317
1.612
1.751
1.178
1.015
0.977
1.406
1.443
1.176
1.112
1.417
1.347
0.863
1.646
1.495
1.662
1.498
0.85
1.142
1.489
1.003
1.267
1.311
1.065
1.689
1.09
1.386
1.646
1.583
1.297
0.826
1.389
1.382
1.571
1.34
1.49
1.459
1.801
1.494
1.462
1.674
1.435
1.722
1.416
1.199
1.554
1.287
0.8
1.385
1.309
1.452
1.522
1.479
0.229
0.401
0.877
1000.0
1.058
1.183
0.999
1.47
0.898
1.194
1.332
0.759
0.596
0.558
0.987
1.025
0.757
0.693
0.999
0.928
0.445
1.227
1.076
1.243
1.079
0.431
0.723
1.071
0.584
0.848
0.892
0.646
1.27
0.671
0.967
1.228
1.164
0.878
0.407
0.97
0.963
1.152
0.922
1.071
1.04
1.382
1.075
1.043
1.256
1.016
1.304
0.998
0.78
1.135
0.869
0.381
0.966
0.89
1.033
1.103
1.06
0.401
0.877
0.458
1.058
1.183
0.999
1.47
0.898
1.194
1.332
0.759
0.596
0.558
0.987
1.025
0.757
0.693
0.999
0.928
0.445
1.227
1.076
1.243
1.079
0.431
0.723
1.071
0.584
0.848
0.892
0.646
1.27
0.671
0.967
1.228
1.164
0.878
0.407
0.97
0.963
1.152
0.922
1.071
1.04
1.382
1.075
1.043
1.256
1.016
1.304
0.998
0.78
1.135
0.869
0.381
0.966
0.89
1.033
1.103
1.06
0.829
1.002
1.477
1.058
1000.0
1.783
1.599
2.071
1.499
1.794
1.932
1.36
1.196
1.158
1.588
1.625
1.358
1.293
1.599
1.528
1.045
1.827
1.676
1.843
1.679
1.031
1.323
1.671
1.184
1.448
1.492
1.247
1.87
1.272
1.567
1.828
1.764
1.478
1.007
1.571
1.564
1.752
1.522
1.671
1.64
1.982
1.675
1.643
1.856
1.616
1.904
1.598
1.38
1.736
1.469
0.982
1.566
1.49
1.633
1.703
1.66
1.002
1.477
1.058
1.659
1.783
1.599
2.071
1.499
1.794
1.932
1.36
1.196
1.158
1.588
1.625
1.358
1.293
1.599
1.528
1.045
1.827
1.676
1.843
1.679
1.031
1.323
1.671
1.184
1.448
1.492
1.247
1.87
1.272
1.567
1.828
1.764
1.478
1.007
1.571
1.564
1.752
1.522
1.671
1.64
1.982
1.675
1.643
1.856
1.616
1.904
1.598
1.38
1.736
1.469
0.982
1.566
1.49
1.633
1.703
1.66
0.954
1.126
1.602
1.183
1.783
1000.0
1.723
2.195
1.623
1.918
2.056
1.484
1.32
1.282
1.712
1.749
1.482
1.418
1.723
1.653
1.169
1.952
1.801
1.967
1.804
1.156
1.448
1.795
1.309
1.573
1.617
1.371
1.994
1.396
1.692
1.952
1.889
1.603
1.132
1.695
1.688
1.877
1.646
1.796
1.765
2.107
1.799
1.767
1.98
1.741
2.028
1.722
1.505
1.86
1.593
1.106
1.691
1.615
1.757
1.827
1.785
1.126
1.602
1.183
1.783
1.908
1.723
2.195
1.623
1.918
2.056
1.484
1.32
1.282
1.712
1.749
1.482
1.418
1.723
1.653
1.169
1.952
1.801
1.967
1.804
1.156
1.448
1.795
1.309
1.573
1.617
1.371
1.994
1.396
1.692
1.952
1.889
1.603
1.132
1.695
1.688
1.877
1.646
1.796
1.765
2.107
1.799
1.767
1.98
1.741
2.028
1.722
1.505
1.86
1.593
1.106
1.691
1.615
1.757
1.827
1.785
0.769
0.942
1.417
0.999
1.599
1.723
1000.0
2.011
1.439
1.734
1.872
1.3
1.136
1.098
1.528
1.565
1.298
1.233
1.539
1.468
0.985
1.768
1.616
1.783
1.62
0.971
1.263
1.611
1.124
1.388
1.432
1.187
1.81
1.212
1.507
1.768
1.704
1.419
0.948
1.511
1.504
1.692
1.462
1.612
1.58
1.922
1.615
1.583
1.796
1.557
1.844
1.538
1.32
1.676
1.409
0.922
1.506
1.43
1.573
1.643
1.6
0.942
1.417
0.999
1.599
1.723
1.539
2.011
1.439
1.734
1.872
1.3
1.136
1.098
1.528
1.565
1.298
1.233
1.539
1.468
0.985
1.768
1.616
1.783
1.62
0.971
1.263
1.611
1.124
1.388
1.432
1.187
1.81
1.212
1.507
1.768
1.704
1.419
0.948
1.511
1.504
1.692
1.462
1.612
1.58
1.922
1.615
1.583
1.796
1.557
1.844
1.538
1.32
1.676
1.409
0.922
1.506
1.43
1.573
1.643
1.6
1.241
1.414
1.889
1.47
2.071
2.195
2.011
1000.0
1.911
2.206
2.344
1.771
1.608
1.57
2.0
2.037
1.769
1.705
2.011
1.94
1.457
2.239
2.088
2.255
2.091
1.443
1.735
2.083
1.596
1.86
1.904
1.658
2.282
1.683
1.979
2.24
2.176
1.89
1.419
1.983
1.975
2.164
1.934
2.083
2.052
2.394
2.087
2.055
2.268
2.028
2.316
2.01
1.792
2.147
1.881
1.393
1.978
1.902
2.045
2.115
2.072
1.414
1.889
1.47
2.071
2.195
2.011
2.482
1.911
2.206
2.344
1.771
1.608
1.57
2.0
2.037
1.769
1.705
2.011
1.94
1.457
2.239
2.088
2.255
2.091
1.443
1.735
2.083
1.596
1.86
1.904
1.658
2.282
1.683
1.979
2.24
2.176
1.89
1.419
1.983
1.975
2.164
1.934
2.083
2.052
2.394
2.087
2.055
2.268
2.028
2.316
2.01
1.792
2.147
1.881
1.393
1.978
1.902
2.045
2.115
2.072
0.669
0.842
1.317
0.898
1.499
1.623
1.439
1.911
1000.0
1.634
1.772
1.2
1.036
0.998
1.428
1.465
1.198
1.133
1.439
1.368
0.885
1.667
1.516
1.683
1.52
0.871
1.163
1.511
1.024
1.288
1.332
1.087
1.71
1.112
1.407
1.668
1.604
1.318
0.847
1.411
1.404
1.592
1.362
1.511
1.48
1.822
1.515
1.483
1.696
1.456
1.744
1.438
1.22
1.576
1.309
0.822
1.406
1.33
1.473
1.543
1.5
0.842
1.317
0.898
1.499
1.623
1.439
1.911
1.339
1.634
1.772
1.2
1.036
0.998
1.428
1.465
1.198
1.133
1.439
1.368
0.885
1.667
1.516
1.683
1.52
0.871
1.163
1.511
1.024
1.288
1.332
1.087
1.71
1.112
1.407
1.668
1.604
1.318
0.847
1.411
1.404
1.592
1.362
1.511
1.48
1.822
1.515
1.483
1.696
1.456
1.744
1.438
1.22
1.576
1.309
0.822
1.406
1.33
1.473
1.543
1.5
0.964
1.137
1.612
1.194
1.794
1.918
1.734
2.206
1.634
1000.0
2.067
1.495
1.331
1.293
1.723
1.76
1.493
1.428
1.734
1.663
1.18
1.963
1.811
1.978
1.815
1.166
1.458
1.806
1.319
1.583
1.628
1.382
2.005
1.407
1.702
1.963
1.9
1.614
1.143
1.706
1.699
1.887
1.657
1.807
1.775
2.117
1.81
1.778
1.991
1.752
2.039
1.733
1.515
1.871
1.604
1.117
1.701
1.625
1.768
1.838
1.795
1.137
1.612
1.194
1.794
1.918
1.734
2.206
1.634
1.929
2.067
1.495
1.331
1.293
1.723
1.76
1.493
1.428
1.734
1.663
1.18
1.963
1.811
1.978
1.815
1.166
1.458
1.806
1.319
1.583
1.628
1.382
2.005
1.407
1.702
1.963
1.9
1.614
1.143
1.706
1.699
1.887
1.657
1.807
1.775
2.117
1.81
1.778
1.991
1.752
2.039
1.733
1.515
1.871
1.604
1.117
1.701
1.625
1.768
1.838
1.795
1.103
1.275
1.751
1.332
1.932
2.056
1.872
2.344
1.772
2.067
1000.0
1.633
1.469
1.431
1.861
1.898
1.631
1.567
1.872
1.802
1.318
2.101
1.949
2.116
1.953
1.304
1.597
1.944
1.458
1.722
1.766
1.52
2.143
1.545
1.841
2.101
2.038
1.752
1.281
1.844
1.837
2.026
1.795
1.945
1.914
2.255
1.948
1.916
2.129
1.89
2.177
1.871
1.654
2.009
1.742
1.255
1.84
1.764
1.906
1.976
1.934
1.275
1.751
1.332
1.932
2.056
1.872
2.344
1.772
2.067
2.205
1.633
1.469
1.431
1.861
1.898
1.631
1.567
1.872
1.802
1.318
2.101
1.949
2.116
1.953
1.304
1.597
1.944
1.458
1.722
1.766
1.52
2.143
1.545
1.841
2.101
2.038
1.752
1.281
1.844
1.837
2.026
1.795
1.945
1.914
2.255
1.948
1.916
2.129
1.89
2.177
1.871
1.654
2.009
1.742
1.255
1.84
1.764
1.906
1.976
1.934
0.53
0.703
1.178
0.759
1.36
1.484
1.3
1.771
1.2
1.495
1.633
1000.0
0.897
0.859
1.289
1.326
1.058
0.994
1.3
1.229
0.746
1.528
1.377
1.544
1.38
0.732
1.024
1.372
0.885
1.149
1.193
0.947
1.571
0.972
1.268
1.529
1.465
1.179
0.708
1.272
1.264
1.453
1.223
1.372
1.341
1.683
1.376
1.344
1.557
1.317
1.605
1.299
1.081
1.436
1.17
0.682
1.267
1.191
1.334
1.404
1.361
0.703
1.178
0.759
1.36
1.484
1.3
1.771
1.2
1.495
1.633
1.06
0.897
0.859
1.289
1.326
1.058
0.994
1.3
1.229
0.746
1.528
1.377
1.544
1.38
0.732
1.024
1.372
0.885
1.149
1.193
0.947
1.571
0.972
1.268
1.529
1.465
1.179
0.708
1.272
1.264
1.453
1.223
1.372
1.341
1.683
1.376
1.344
1.557
1.317
1.605
1.299
1.081
1.436
1.17
0.682
1.267
1.191
1.334
1.404
1.361
0.367
0.539
1.015
0.596
1.196
1.32
1.136
1.608
1.036
1.331
1.469
0.897
1000.0
0.695
1.125
1.162
0.895
0.831
1.136
1.066
0.582
1.365
1.213
1.38
1.217
0.568
0.861
1.208
0.722
0.986
1.03
0.784
1.407
0.809
1.105
1.365
1.302
1.016
0.545
1.108
1.101
1.29
1.059
1.209
1.178
1.519
1.212
1.18
1.393
1.154
1.441
1.135
0.918
1.273
1.006
0.519
1.104
1.028
1.17
1.24
1.198
0.539
1.015
0.596
1.196
1.32
1.136
1.608
1.036
1.331
1.469
0.897
0.733
0.695
1.125
1.162
0.895
0.831
1.136
1.066
0.582
1.365
1.213
1.38
1.217
0.568
0.861
1.208
0.722
0.986
1.03
0.784
1.407
0.809
1.105
1.365
1.302
1.016
0.545
1.108
1.101
1.29
1.059
1.209
1.178
1.519
1.212
1.18
1.393
1.154
1.441
1.135
0.918
1.273
1.006
0.519
1.104
1.028
1.17
1.24
1.198
0.329
0.501
0.977
0.558
1.158
1.282
1.098
1.57
0.998
1.293
1.431
0.859
0.695
1000.0
1.087
1.124
0.857
0.793
1.098
1.028
0.544
1.327
1.175
1.342
1.179
0.53
0.823
1.17
0.684
0.948
0.992
0.746
1.369
0.771
1.067
1.327
1.264
0.978
0.507
1.07
1.063
1.252
1.021
1.171
1.14
1.481
1.174
1.142
1.355
1.116
1.403
1.097
0.88
1.235
0.968
0.481
1.066
0.99
1.132
1.202
1.16
0.501
0.977
0.558
1.158
1.282
1.098
1.57
0.998
1.293
1.431
0.859
0.695
0.657
1.087
1.124
0.857
0.793
1.098
1.028
0.544
1.327
1.175
1.342
1.179
0.53
0.823
1.17
0.684
0.948
0.992
0.746
1.369
0.771
1.067
1.327
1.264
0.978
0.507
1.07
1.063
1.252
1.021
1.171
1.14
1.481
1.174
1.142
1.355
1.116
1.403
1.097
0.88
1.235
0.968
0.481
1.066
0.99
1.132
1.202
1.16
0.758
0.931
1.406
0.987
1.588
1.712
1.528
2.0
1.428
1.723
1.861
1.289
1.125
1.087
1000.0
1.554
1.287
1.222
1.528
1.457
0.974
1.756
1.605
1.772
1.609
0.96
1.252
1.6
1.113
1.377
1.421
1.176
1.799
1.201
1.496
1.757
1.693
1.407
0.936
1.5
1.493
1.681
1.451
1.6
1.569
1.911
1.604
1.572
1.785
1.545
1.833
1.527
1.309
1.665
1.398
0.911
1.495
1.419
1.562
1.632
1.589
0.931
1.406
0.987
1.588
1.712
1.528
2.0
1.428
1.723
1.861
1.289
1.125
1.087
1.517
1.554
1.287
1.222
1.528
1.457
0.974
1.756
1.605
1.772
1.609
0.96
1.252
1.6
1.113
1.377
1.421
1.176
1.799
1.201
1.496
1.757
1.693
1.407
0.936
1.5
1.493
1.681
1.451
1.6
1.569
1.911
1.604
1.572
1.785
1.545
1.833
1.527
1.309
1.665
1.398
0.911
1.495
1.419
1.562
1.632
1.589
0.796
0.968
1.443
1.025
1.625
1.749
1.565
2.037
1.465
1.76
1.898
1.326
1.162
1.124
1.554
1000.0
1.324
1.26
1.565
1.495
1.011
1.794
1.642
1.809
1.646
0.997
1.289
1.637
1.15
1.415
1.459
1.213
1.836
1.238
1.533
1.794
1.731
1.445
0.974
1.537
1.53
1.719
1.488
1.638
1.607
1.948
1.641
1.609
1.822
1.583
1.87
1.564
1.347
1.702
1.435
0.948
1.533
1.456
1.599
1.669
1.627
0.968
1.443
1.025
1.625
1.749
1.565
2.037
1.465
1.76
1.898
1.326
1.162
1.124
1.554
1.591
1.324
1.26
1.565
1.495
1.011
1.794
1.642
1.809
1.646
0.997
1.289
1.637
1.15
1.415
1.459
1.213
1.836
1.238
1.533
1.794
1.731
1.445
0.974
1.537
1.53
1.719
1.488
1.638
1.607
1.948
1.641
1.609
1.822
1.583
1.87
1.564
1.347
1.702
1.435
0.948
1.533
1.456
1.599
1.669
1.627
0.528
0.701
1.176
0.757
1.358
1.482
1.298
1.769
1.198
1.493
1.631
1.058
0.895
0.857
1.287
1.324
1000.0
0.992
1.298
1.227
0.744
1.526
1.375
1.542
1.378
0.73
1.022
1.37
0.883
1.147
1.191
0.945
1.569
0.97
1.266
1.527
1.463
1.177
0.706
1.27
1.262
1.451
1.221
1.37
1.339
1.681
1.374
1.342
1.555
1.315
1.603
1.297
1.079
1.434
1.168
0.68
1.265
1.189
1.332
1.402
1.359
0.701
1.176
0.757
1.358
1.482
1.298
1.769
1.198
1.493
1.631
1.058
0.895
0.857
1.287
1.324
1.056
0.992
1.298
1.227
0.744
1.526
1.375
1.542
1.378
0.73
1.022
1.37
0.883
1.147
1.191
0.945
1.569
0.97
1.266
1.527
1.463
1.177
0.706
1.27
1.262
1.451
1.221
1.37
1.339
1.681
1.374
1.342
1.555
1.315
1.603
1.297
1.079
1.434
1.168
0.68
1.265
1.189
1.332
1.402
1.359
0.464
0.636
1.112
0.693
1.293
1.418
1.233
1.705
1.133
1.428
1.567
0.994
0.831
0.793
1.222
1.26
0.992
1000.0
1.233
1.163
0.679
1.462
1.311
1.478
1.314
0.666
0.958
1.305
0.819
1.083
1.127
0.881
1.505
0.906
1.202
1.462
1.399
1.113
0.642
1.205
1.198
1.387
1.157
1.306
1.275
1.617
1.31
1.278
1.49
1.251
1.538
1.233
1.015
1.37
1.104
0.616
1.201
1.125
1.268
1.338
1.295
0.636
1.112
0.693
1.293
1.418
1.233
1.705
1.133
1.428
1.567
0.994
0.831
0.793
1.222
1.26
0.992
0.928
1.233
1.163
0.679
1.462
1.311
1.478
1.314
0.666
0.958
1.305
0.819
1.083
1.127
0.881
1.505
0.906
1.202
1.462
1.399
1.113
0.642
1.205
1.198
1.387
1.157
1.306
1.275
1.617
1.31
1.278
1.49
1.251
1.538
1.233
1.015
1.37
1.104
0.616
1.201
1.125
1.268
1.338
1.295
0.769
0.942
1.417
0.999
1.599
1.723
1.539
2.011
1.439
1.734
1.872
1.3
1.136
1.098
1.528
1.565
1.298
1.233
1000.0
1.468
0.985
1.768
1.616
1.783
1.62
0.971
1.263
1.611
1.124
1.388
1.433
1.187
1.81
1.212
1.507
1.768
1.705
1.419
0.948
1.511
1.504
1.692
1.462
1.612
1.58
1.922
1.615
1.583
1.796
1.557
1.844
1.538
1.32
1.676
1.409
0.922
1.506
1.43
1.573
1.643
1.6
0.942
1.417
0.999
1.599
1.723
1.539
2.011
1.439
1.734
1.872
1.3
1.136
1.098
1.528
1.565
1.298
1.233
1.539
1.468
0.985
1.768
1.616
1.783
1.62
0.971
1.263
1.611
1.124
1.388
1.433
1.187
1.81
1.212
1.507
1.768
1.705
1.419
0.948
1.511
1.504
1.692
1.462
1.612
1.58
1.922
1.615
1.583
1.796
1.557
1.844
1.538
1.32
1.676
1.409
0.922
1.506
1.43
1.573
1.643
1.6
0.699
0.871
1.347
0.928
1.528
1.653
1.468
1.94
1.368
1.663
1.802
1.229
1.066
1.028
1.457
1.495
1.227
1.163
1.468
1000.0
0.914
1.697
1.546
1.713
1.549
0.901
1.193
1.54
1.054
1.318
1.362
1.116
1.74
1.141
1.437
1.697
1.634
1.348
0.877
1.44
1.433
1.622
1.392
1.541
1.51
1.852
1.545
1.513
1.725
1.486
1.773
1.468
1.25
1.605
1.339
0.851
1.436
1.36
1.503
1.573
1.53
0.871
1.347
0.928
1.528
1.653
1.468
1.94
1.368
1.663
1.802
1.229
1.066
1.028
1.457
1.495
1.227
1.163
1.468
1.398
0.914
1.697
1.546
1.713
1.549
0.901
1.193
1.54
1.054
1.318
1.362
1.116
1.74
1.141
1.437
1.697
1.634
1.348
0.877
1.44
1.433
1.622
1.392
1.541
1.51
1.852
1.545
1.513
1.725
1.486
1.773
1.468
1.25
1.605
1.339
0.851
1.436
1.36
1.503
1.573
1.53
0.216
0.388
0.863
0.445
1.045
1.169
0.985
1.457
0.885
1.18
1.318
0.746
0.582
0.544
0.974
1.011
0.744
0.679
0.985
0.914
1000.0
1.214
1.062
1.229
1.066
0.417
0.709
1.057
0.57
0.835
0.879
0.633
1.256
0.658
0.953
1.214
1.151
0.865
0.394
0.957
0.95
1.138
0.908
1.058
1.027
1.368
1.061
1.029
1.242
1.003
1.29
0.984
0.767
1.122
0.855
0.368
0.952
0.876
1.019
1.089
1.047
0.388
0.863
0.445
1.045
1.169
0.985
1.457
0.885
1.18
1.318
0.746
0.582
0.544
0.974
1.011
0.744
0.679
0.985
0.914
0.431
1.214
1.062
1.229
1.066
0.417
0.709
1.057
0.57
0.835
0.879
0.633
1.256
0.658
0.953
1.214
1.151
0.865
0.394
0.957
0.95
1.138
0.908
1.058
1.027
1.368
1.061
1.029
1.242
1.003
1.29
0.984
0.767
1.122
0.855
0.368
0.952
0.876
1.019
1.089
1.047
0.998
1.171
1.646
1.227
1.827
1.952
1.768
2.239
1.667
1.963
2.101
1.528
1.365
1.327
1.756
1.794
1.526
1.462
1.768
1.697
1.214
1000.0
1.845
2.012
1.848
1.2
1.492
1.84
1.353
1.617
1.661
1.415
2.039
1.44
1.736
1.997
1.933
1.647
1.176
1.739
1.732
1.921
1.691
1.84
1.809
2.151
1.844
1.812
2.025
1.785
2.073
1.767
1.549
1.904
1.638
1.15
1.735
1.659
1.802
1.872
1.829
1.171
1.646
1.227
1.827
1.952
1.768
2.239
1.667
1.963
2.101
1.528
1.365
1.327
1.756
1.794
1.526
1.462
1.768
1.697
1.214
1.996
1.845
2.012
1.848
1.2
1.492
1.84
1.353
1.617
1.661
1.415
2.039
1.44
1.736
1.997
1.933
1.647
1.176
1.739
1.732
1.921
1.691
1.84
1.809
2.151
1.844
1.812
2.025
1.785
2.073
1.767
1.549
1.904
1.638
1.15
1.735
1.659
1.802
1.872
1.829
0.847
1.019
1.495
1.076
1.676
1.801
1.616
2.088
1.516
1.811
1.949
1.377
1.213
1.175
1.605
1.642
1.375
1.311
1.616
1.546
1.062
1.845
1000.0
1.86
1.697
1.049
1.341
1.688
1.202
1.466
1.51
1.264
1.887
1.289
1.585
1.845
1.782
1.496
1.025
1.588
1.581
1.77
1.539
1.689
1.658
2.0
1.692
1.661
1.873
1.634
1.921
1.615
1.398
1.753
1.486
0.999
1.584
1.508
1.65
1.72
1.678
1.019
1.495
1.076
1.676
1.801
1.616
2.088
1.516
1.811
1.949
1.377
1.213
1.175
1.605
1.642
1.375
1.311
1.616
1.546
1.062
1.845
1.694
1.86
1.697
1.049
1.341
1.688
1.202
1.466
1.51
1.264
1.887
1.289
1.585
1.845
1.782
1.496
1.025
1.588
1.581
1.77
1.539
1.689
1.658
2.0
1.692
1.661
1.873
1.634
1.921
1.615
1.398
1.753
1.486
0.999
1.584
1.508
1.65
1.72
1.678
1.014
1.186
1.662
1.243
1.843
1.967
1.783
2.255
1.683
1.978
2.116
1.544
1.38
1.342
1.772
1.809
1.542
1.478
1.783
1.713
1.229
2.012
1.86
1000.0
1.864
1.215
1.508
1.855
1.369
1.633
1.677
1.431
2.054
1.456
1.751
2.012
1.949
1.663
1.192
1.755
1.748
1.937
1.706
1.856
1.825
2.166
1.859
1.827
2.04
1.801
2.088
1.782
1.565
1.92
1.653
1.166
1.751
1.675
1.817
1.887
1.845
1.186
1.662
1.243
1.843
1.967
1.783
2.255
1.683
1.978
2.116
1.544
1.38
1.342
1.772
1.809
1.542
1.478
1.783
1.713
1.229
2.012
1.86
2.027
1.864
1.215
1.508
1.855
1.369
1.633
1.677
1.431
2.054
1.456
1.751
2.012
1.949
1.663
1.192
1.755
1.748
1.937
1.706
1.856
1.825
2.166
1.859
1.827
2.04
1.801
2.088
1.782
1.565
1.92
1.653
1.166
1.751
1.675
1.817
1.887
1.845
0.85
1.023
1.498
1.079
1.679
1.804
1.62
2.091
1.52
1.815
1.953
1.38
1.217
1.179
1.609
1.646
1.378
1.314
1.62
1.549
1.066
1.848
1.697
1.864
1000.0
1.052
1.344
1.692
1.205
1.469
1.513
1.267
1.891
1.292
1.588
1.849
1.785
1.499
1.028
1.591
1.584
1.773
1.543
1.692
1.661
2.003
1.696
1.664
1.877
1.637
1.925
1.619
1.401
1.756
1.49
1.002
1.587
1.511
1.654
1.724
1.681
1.023
1.498
1.079
1.679
1.804
1.62
2.091
1.52
1.815
1.953
1.38
1.217
1.179
1.609
1.646
1.378
1.314
1.62
1.549
1.066
1.848
1.697
1.864
1.7
1.052
1.344
1.692
1.205
1.469
1.513
1.267
1.891
1.292
1.588
1.849
1.785
1.499
1.028
1.591
1.584
1.773
1.543
1.692
1.661
2.003
1.696
1.664
1.877
1.637
1.925
1.619
1.401
1.756
1.49
1.002
1.587
1.511
1.654
1.724
1.681
0.202
0.374
0.85
0.431
1.031
1.156
0.971
1.443
0.871
1.166
1.304
0.732
0.568
0.53
0.96
0.997
0.73
0.666
0.971
0.901
0.417
1.2
1.049
1.215
1.052
1000.0
0.696
1.043
0.557
0.821
0.865
0.619
1.242
0.644
0.94
1.2
1.137
0.851
0.38
0.943
0.936
1.125
0.894
1.044
1.013
1.355
1.047
1.016
1.228
0.989
1.276
0.97
0.753
1.108
0.841
0.354
0.939
0.863
1.006
1.075
1.033
0.374
0.85
0.431
1.031
1.156
0.971
1.443
0.871
1.166
1.304
0.732
0.568
0.53
0.96
0.997
0.73
0.666
0.971
0.901
0.417
1.2
1.049
1.215
1.052
0.404
0.696
1.043
0.557
0.821
0.865
0.619
1.242
0.644
0.94
1.2
1.137
0.851
0.38
0.943
0.936
1.125
0.894
1.044
1.013
1.355
1.047
1.016
1.228
0.989
1.276
0.97
0.753
1.108
0.841
0.354
0.939
0.863
1.006
1.075
1.033
0.494
0.666
1.142
0.723
1.323
1.448
1.263
1.735
1.163
1.458
1.597
1.024
0.861
0.823
1.252
1.289
1.022
0.958
1.263
1.193
0.709
1.492
1.341
1.508
1.344
0.696
1000.0
1.335
0.849
1.113
1.157
0.911
1.535
0.936
1.232
1.492
1.429
1.143
0.672
1.235
1.228
1.417
1.186
1.336
1.305
1.647
1.34
1.308
1.52
1.281
1.568
1.262
1.045
1.4
1.133
0.646
1.231
1.155
1.298
1.368
1.325
0.666
1.142
0.723
1.323
1.448
1.263
1.735
1.163
1.458
1.597
1.024
0.861
0.823
1.252
1.289
1.022
0.958
1.263
1.193
0.709
1.492
1.341
1.508
1.344
0.696
0.988
1.335
0.849
1.113
1.157
0.911
1.535
0.936
1.232
1.492
1.429
1.143
0.672
1.235
1.228
1.417
1.186
1.336
1.305
1.647
1.34
1.308
1.52
1.281
1.568
1.262
1.045
1.4
1.133
0.646
1.231
1.155
1.298
1.368
1.325
0.841
1.014
1.489
1.071
1.671
1.795
1.611
2.083
1.511
1.806
1.944
1.372
1.208
1.17
1.6
1.637
1.37
1.305
1.611
1.54
1.057
1.84
1.688
1.855
1.692
1.043
1.335
1000.0
1.196
1.46
1.505
1.259
1.882
1.284
1.579
1.84
1.777
1.491
1.02
1.583
1.576
1.764
1.534
1.684
1.652
1.994
1.687
1.655
1.868
1.629
1.916
1.61
1.393
1.748
1.481
0.994
1.578
1.502
1.645
1.715
1.672
1.014
1.489
1.071
1.671
1.795
1.611
2.083
1.511
1.806
1.944
1.372
1.208
1.17
1.6
1.637
1.37
1.305
1.611
1.54
1.057
1.84
1.688
1.855
1.692
1.043
1.335
1.683
1.196
1.46
1.505
1.259
1.882
1.284
1.579
1.84
1.777
1.491
1.02
1.583
1.576
1.764
1.534
1.684
1.652
1.994
1.687
1.655
1.868
1.629
1.916
1.61
1.393
1.748
1.481
0.994
1.578
1.502
1.645
1.715
1.672
0.355
0.527
1.003
0.584
1.184
1.309
1.124
1.596
1.024
1.319
1.458
0.885
0.722
0.684
1.113
1.15
0.883
0.819
1.124
1.054
0.57
1.353
1.202
1.369
1.205
0.557
0.849
1.196
1000.0
0.974
1.018
0.772
1.396
0.797
1.093
1.353
1.29
1.004
0.533
1.096
1.089
1.278
1.047
1.197
1.166
1.508
1.201
1.169
1.381
1.142
1.429
1.124
0.906
1.261
0.994
0.507
1.092
1.016
1.159
1.229
1.186
0.527
1.003
0.584
1.184
1.309
1.124
1.596
1.024
1.319
1.458
0.885
0.722
0.684
1.113
1.15
0.883
0.819
1.124
1.054
0.57
1.353
1.202
1.369
1.205
0.557
0.849
1.196
0.71
0.974
1.018
0.772
1.396
0.797
1.093
1.353
1.29
1.004
0.533
1.096
1.089
1.278
1.047
1.197
1.166
1.508
1.201
1.169
1.381
1.142
1.429
1.124
0.906
1.261
0.994
0.507
1.092
1.016
1.159
1.229
1.186
0.619
0.791
1.267
0.848
1.448
1.573
1.388
1.86
1.288
1.583
1.722
1.149
0.986
0.948
1.377
1.415
1.147
1.083
1.388
1.318
0.835
1.617
1.466
1.633
1.469
0.821
1.113
1.46
0.974
1000.0
1.282
1.036
1.66
1.061
1.357
1.617
1.554
1.268
0.797
1.36
1.353
1.542
1.312
1.461
1.43
1.772
1.465
1.433
1.646
1.406
1.693
1.388
1.17
1.525
1.259
0.771
1.356
1.28
1.423
1.493
1.45
0.791
1.267
0.848
1.448
1.573
1.388
1.86
1.288
1.583
1.722
1.149
0.986
0.948
1.377
1.415
1.147
1.083
1.388
1.318
0.835
1.617
1.466
1.633
1.469
0.821
1.113
1.46
0.974
1.238
1.282
1.036
1.66
1.061
1.357
1.617
1.554
1.268
0.797
1.36
1.353
1.542
1.312
1.461
1.43
1.772
1.465
1.433
1.646
1.406
1.693
1.388
1.17
1.525
1.259
0.771
1.356
1.28
1.423
1.493
1.45
0.663
0.835
1.311
0.892
1.492
1.617
1.432
1.904
1.332
1.628
1.766
1.193
1.03
0.992
1.421
1.459
1.191
1.127
1.433
1.362
0.879
1.661
1.51
1.677
1.513
0.865
1.157
1.505
1.018
1.282
1000.0
1.08
1.704
1.105
1.401
1.662
1.598
1.312
0.841
1.404
1.397
1.586
1.356
1.505
1.474
1.816
1.509
1.477
1.69
1.45
1.738
1.432
1.214
1.569
1.303
0.815
1.4
1.324
1.467
1.537
1.494
0.835
1.311
0.892
1.492
1.617
1.432
1.904
1.332
1.628
1.766
1.193
1.03
0.992
1.421
1.459
1.191
1.127
1.433
1.362
0.879
1.661
1.51
1.677
1.513
0.865
1.157
1.505
1.018
1.282
1.326
1.08
1.704
1.105
1.401
1.662
1.598
1.312
0.841
1.404
1.397
1.586
1.356
1.505
1.474
1.816
1.509
1.477
1.69
1.45
1.738
1.432
1.214
1.569
1.303
0.815
1.4
1.324
1.467
1.537
1.494
0.417
0.258
0.685
0.195
1.08
1.179
0.981
0.975
0.738
1.192
0.815
0.143
0.099
0.139
0.915
1.039
0.129
0.159
0.612
0.877
0.215
0.77
0.779
0.808
1.065
0.235
0.225
0.766
0.07
0.898
0.482
1000.0
1.458
0.859
1.155
1.416
1.352
1.066
0.595
1.158
1.151
1.34
1.11
1.259
1.228
1.57
1.263
1.231
1.444
1.204
1.492
1.186
0.968
1.323
1.057
0.569
1.154
1.078
1.221
1.291
1.248
0.59
1.065
0.646
1.247
1.371
1.187
1.658
1.087
1.382
1.52
0.947
0.784
0.746
1.176
1.213
0.945
0.881
1.187
1.116
0.633
1.415
1.264
1.431
1.267
0.619
0.911
1.259
0.772
1.036
1.08
0.834
1.458
0.859
1.155
1.416
1.352
1.066
0.595
1.158
1.151
1.34
1.11
1.259
1.228
1.57
1.263
1.231
1.444
1.204
1.492
1.186
0.968
1.323
1.057
0.569
1.154
1.078
1.221
1.291
1.248
1.041
0.883
0.656
0.849
1.174
1.935
1.737
0.21
0.712
1.207
0.068
0.629
0.732
0.748
1.679
1.788
0.649
0.622
1.312
1.638
0.85
0.129
1.508
0.185
1.822
0.949
0.568
1.492
0.774
1.631
1.192
1.458
1000.0
1.483
1.778
2.039
1.976
1.69
1.219
1.782
1.775
1.964
1.733
1.883
1.852
2.193
1.886
1.854
2.067
1.828
2.115
1.809
1.592
1.947
1.68
1.193
1.778
1.701
1.844
1.914
1.872
1.213
1.689
1.27
1.87
1.994
1.81
2.282
1.71
2.005
2.143
1.571
1.407
1.369
1.799
1.836
1.569
1.505
1.81
1.74
1.256
2.039
1.887
2.054
1.891
1.242
1.535
1.882
1.396
1.66
1.704
1.458
2.081
1.483
1.778
2.039
1.976
1.69
1.219
1.782
1.775
1.964
1.733
1.883
1.852
2.193
1.886
1.854
2.067
1.828
2.115
1.809
1.592
1.947
1.68
1.193
1.778
1.701
1.844
1.914
1.872
0.442
0.272
0.509
0.23
0.947
1.315
1.118
0.83
0.567
1.048
0.679
0.15
0.116
0.127
1.066
1.167
0.166
0.046
0.799
1.022
0.234
0.607
0.964
0.638
1.203
0.327
0.054
0.951
0.164
1.01
0.67
0.859
1.483
1000.0
1.18
1.441
1.377
1.091
0.62
1.184
1.176
1.365
1.135
1.284
1.253
1.595
1.288
1.256
1.469
1.229
1.517
1.211
0.993
1.348
1.082
0.594
1.179
1.103
1.246
1.316
1.273
0.615
1.09
0.671
1.272
1.396
1.212
1.683
1.112
1.407
1.545
0.972
0.809
0.771
1.201
1.238
0.97
0.906
1.212
1.141
0.658
1.44
1.289
1.456
1.292
0.644
0.936
1.284
0.797
1.061
1.105
0.859
1.483
0.884
1.18
1.441
1.377
1.091
0.62
1.184
1.176
1.365
1.135
1.284
1.253
1.595
1.288
1.256
1.469
1.229
1.517
1.211
0.993
1.348
1.082
0.594
1.179
1.103
1.246
1.316
1.273
0.738
0.855
1.383
0.876
1.439
0.218
0.049
1.928
1.399
1.582
1.774
1.109
0.987
0.972
0.165
0.075
1.094
1.098
0.734
0.132
0.879
1.701
0.606
1.726
0.113
0.772
1.151
0.618
0.946
0.153
0.747
1.155
1.778
1.18
1000.0
1.736
1.673
1.387
0.916
1.479
1.472
1.661
1.43
1.58
1.549
1.891
1.583
1.552
1.764
1.525
1.812
1.506
1.289
1.644
1.377
0.89
1.475
1.399
1.542
1.612
1.569
0.91
1.386
0.967
1.567
1.692
1.507
1.979
1.407
1.702
1.841
1.268
1.105
1.067
1.496
1.533
1.266
1.202
1.507
1.437
0.953
1.736
1.585
1.751
1.588
0.94
1.232
1.579
1.093
1.357
1.401
1.155
1.778
1.18
1.476
1.736
1.673
1.387
0.916
1.479
1.472
1.661
1.43
1.58
1.549
1.891
1.583
1.552
1.764
1.525
1.812
1.506
1.289
1.644
1.377
0.89
1.475
1.399
1.542
1.612
1.569
0.998
1.011
0.549
1.053
0.222
1.836
1.688
1.214
0.484
0.11
1.196
1.182
1.09
1.054
1.716
1.681
1.2
1.08
1.74
1.65
1.031
1.012
1.842
0.968
1.755
1.128
1.036
1.836
1.128
1.497
1.619
1.416
2.039
1.441
1.736
1000.0
1.934
1.648
1.177
1.74
1.733
1.921
1.691
1.841
1.809
2.151
1.844
1.812
2.025
1.786
2.073
1.767
1.549
1.905
1.638
1.151
1.735
1.659
1.802
1.872
1.829
1.171
1.646
1.228
1.828
1.952
1.768
2.24
1.668
1.963
2.101
1.529
1.365
1.327
1.757
1.794
1.527
1.462
1.768
1.697
1.214
1.997
1.845
2.012
1.849
1.2
1.492
1.84
1.353
1.617
1.662
1.416
2.039
1.441
1.736
1.997
1.934
1.648
1.177
1.74
1.733
1.921
1.691
1.841
1.809
2.151
1.844
1.812
2.025
1.786
2.073
1.767
1.549
1.905
1.638
1.151
1.735
1.659
1.802
1.872
1.829
0.935
0.952
0.512
0.995
0.161
1.77
1.622
1.209
0.447
0.088
1.182
1.135
1.038
1.0
1.65
1.614
1.152
1.031
1.68
1.584
0.974
0.998
1.78
0.957
1.689
1.068
0.989
1.774
1.074
1.431
1.56
1.352
1.976
1.377
1.673
1.934
1000.0
1.584
1.113
1.676
1.669
1.858
1.628
1.777
1.746
2.088
1.781
1.749
1.962
1.722
2.01
1.704
1.486
1.841
1.575
1.087
1.672
1.596
1.739
1.809
1.766
1.107
1.583
1.164
1.764
1.889
1.704
2.176
1.604
1.9
2.038
1.465
1.302
1.264
1.693
1.731
1.463
1.399
1.705
1.634
1.151
1.933
1.782
1.949
1.785
1.137
1.429
1.777
1.29
1.554
1.598
1.352
1.976
1.377
1.673
1.934
1.87
1.584
1.113
1.676
1.669
1.858
1.628
1.777
1.746
2.088
1.781
1.749
1.962
1.722
2.01
1.704
1.486
1.841
1.575
1.087
1.672
1.596
1.739
1.809
1.766
0.649
0.777
1.29
0.802
1.336
0.307
0.15
1.858
1.304
1.478
1.706
1.051
0.92
0.902
0.235
0.147
1.037
1.031
0.745
0.177
0.803
1.626
0.643
1.648
0.213
0.701
1.082
0.653
0.881
0.051
0.74
1.066
1.69
1.091
1.387
1.648
1.584
1000.0
0.827
1.39
1.383
1.572
1.342
1.491
1.46
1.802
1.495
1.463
1.676
1.436
1.724
1.418
1.2
1.555
1.289
0.801
1.386
1.31
1.453
1.523
1.48
0.821
1.297
0.878
1.478
1.603
1.419
1.89
1.318
1.614
1.752
1.179
1.016
0.978
1.407
1.445
1.177
1.113
1.419
1.348
0.865
1.647
1.496
1.663
1.499
0.851
1.143
1.491
1.004
1.268
1.312
1.066
1.69
1.091
1.387
1.648
1.584
1.298
0.827
1.39
1.383
1.572
1.342
1.491
1.46
1.802
1.495
1.463
1.676
1.436
1.724
1.418
1.2
1.555
1.289
0.801
1.386
1.31
1.453
1.523
1.48
0.178
0.04
0.616
0.054
0.91
1.047
0.853
1.106
0.654
1.035
0.959
0.354
0.192
0.159
0.816
0.895
0.351
0.296
0.689
0.765
0.05
0.873
0.806
0.896
0.938
0.08
0.336
0.798
0.177
0.732
0.568
0.595
1.219
0.62
0.916
1.177
1.113
0.827
1000.0
0.919
0.912
1.101
0.871
1.02
0.989
1.331
1.024
0.992
1.205
0.965
1.253
0.947
0.729
1.084
0.818
0.33
0.915
0.839
0.982
1.052
1.009
0.35
0.826
0.407
1.007
1.132
0.948
1.419
0.847
1.143
1.281
0.708
0.545
0.507
0.936
0.974
0.706
0.642
0.948
0.877
0.394
1.176
1.025
1.192
1.028
0.38
0.672
1.02
0.533
0.797
0.841
0.595
1.219
0.62
0.916
1.177
1.113
0.827
0.356
0.919
0.912
1.101
0.871
1.02
0.989
1.331
1.024
0.992
1.205
0.965
1.253
0.947
0.729
1.084
0.818
0.33
0.915
0.839
0.982
1.052
1.009
0.741
0.875
1.377
0.902
1.394
0.231
0.149
1.958
1.387
1.536
1.808
1.153
1.022
1.002
0.271
0.083
1.14
1.132
0.829
0.233
0.903
1.725
0.709
1.746
0.168
0.803
1.183
0.721
0.984
0.122
0.832
1.158
1.782
1.184
1.479
1.74
1.676
1.39
0.919
1000.0
1.476
1.664
1.434
1.583
1.552
1.894
1.587
1.555
1.768
1.528
1.816
1.51
1.292
1.648
1.381
0.894
1.478
1.402
1.545
1.615
1.572
0.914
1.389
0.97
1.571
1.695
1.511
1.983
1.411
1.706
1.844
1.272
1.108
1.07
1.5
1.537
1.27
1.205
1.511
1.44
0.957
1.739
1.588
1.755
1.591
0.943
1.235
1.583
1.096
1.36
1.404
1.158
1.782
1.184
1.479
1.74
1.676
1.39
0.919
1.483
1.476
1.664
1.434
1.583
1.552
1.894
1.587
1.555
1.768
1.528
1.816
1.51
1.292
1.648
1.381
0.894
1.478
1.402
1.545
1.615
1.572
0.734
0.698
1.254
0.663
1.557
0.853
0.685
1.507
1.3
1.688
1.34
0.693
0.675
0.695
0.565
0.773
0.671
0.749
0.039
0.572
0.683
1.335
0.208
1.38
0.752
0.581
0.814
0.191
0.626
0.736
0.112
1.151
1.775
1.176
1.472
1.733
1.669
1.383
0.912
1.476
1000.0
1.657
1.427
1.576
1.545
1.887
1.58
1.548
1.761
1.521
1.809
1.503
1.285
1.641
1.374
0.886
1.471
1.395
1.538
1.608
1.565
0.907
1.382
0.963
1.564
1.688
1.504
1.975
1.404
1.699
1.837
1.264
1.101
1.063
1.493
1.53
1.262
1.198
1.504
1.433
0.95
1.732
1.581
1.748
1.584
0.936
1.228
1.576
1.089
1.353
1.397
1.151
1.775
1.176
1.472
1.733
1.669
1.383
0.912
1.476
1.469
1.657
1.427
1.576
1.545
1.887
1.58
1.548
1.761
1.521
1.809
1.503
1.285
1.641
1.374
0.886
1.471
1.395
1.538
1.608
1.565
0.923
1.019
1.571
1.029
1.657
0.179
0.177
2.062
1.591
1.8
1.903
1.227
1.125
1.117
0.174
0.224
1.21
1.232
0.722
0.225
1.036
1.847
0.545
1.877
0.141
0.922
1.291
0.561
1.08
0.377
0.772
1.34
1.964
1.365
1.661
1.921
1.858
1.572
1.101
1.664
1.657
1000.0
1.616
1.765
1.734
2.076
1.769
1.737
1.949
1.71
1.997
1.692
1.474
1.829
1.563
1.075
1.66
1.584
1.727
1.797
1.754
1.095
1.571
1.152
1.752
1.877
1.692
2.164
1.592
1.887
2.026
1.453
1.29
1.252
1.681
1.719
1.451
1.387
1.692
1.622
1.138
1.921
1.77
1.937
1.773
1.125
1.417
1.764
1.278
1.542
1.586
1.34
1.964
1.365
1.661
1.921
1.858
1.572
1.101
1.664
1.657
1.846
1.616
1.765
1.734
2.076
1.769
1.737
1.949
1.71
1.997
1.692
1.474
1.829
1.563
1.075
1.66
1.584
1.727
1.797
1.754
0.693
0.683
1.255
0.658
1.522
0.741
0.572
1.566
1.296
1.656
1.4
0.736
0.693
0.706
0.452
0.66
0.715
0.778
0.146
0.458
0.675
1.381
0.164
1.423
0.638
0.564
0.844
0.154
0.643
0.626
0.187
1.11
1.733
1.135
1.43
1.691
1.628
1.342
0.871
1.434
1.427
1.616
1000.0
1.535
1.504
1.845
1.538
1.506
1.719
1.48
1.767
1.461
1.244
1.599
1.332
0.845
1.43
1.353
1.496
1.566
1.524
0.865
1.34
0.922
1.522
1.646
1.462
1.934
1.362
1.657
1.795
1.223
1.059
1.021
1.451
1.488
1.221
1.157
1.462
1.392
0.908
1.691
1.539
1.706
1.543
0.894
1.186
1.534
1.047
1.312
1.356
1.11
1.733
1.135
1.43
1.691
1.628
1.342
0.871
1.434
1.427
1.616
1.385
1.535
1.504
1.845
1.538
1.506
1.719
1.48
1.767
1.461
1.244
1.599
1.332
0.845
1.43
1.353
1.496
1.566
1.524
0.842
0.885
0.54
0.935
0.014
1.634
1.493
1.295
0.478
0.133
1.249
1.112
0.997
0.956
1.528
1.48
1.127
1.007
1.604
1.462
0.912
1.069
1.688
1.034
1.557
0.995
0.974
1.683
1.028
1.298
1.489
1.259
1.883
1.284
1.58
1.841
1.777
1.491
1.02
1.583
1.576
1.765
1.535
1000.0
1.653
1.995
1.688
1.656
1.869
1.629
1.917
1.611
1.393
1.748
1.482
0.994
1.579
1.503
1.646
1.716
1.673
1.014
1.49
1.071
1.671
1.796
1.612
2.083
1.511
1.807
1.945
1.372
1.209
1.171
1.6
1.638
1.37
1.306
1.612
1.541
1.058
1.84
1.689
1.856
1.692
1.044
1.336
1.684
1.197
1.461
1.505
1.259
1.883
1.284
1.58
1.841
1.777
1.491
1.02
1.583
1.576
1.765
1.535
1.684
1.653
1.995
1.688
1.656
1.869
1.629
1.917
1.611
1.393
1.748
1.482
0.994
1.579
1.503
1.646
1.716
1.673
0.811
0.909
1.459
0.921
1.549
0.213
0.086
1.96
1.479
1.692
1.802
1.128
1.021
1.011
0.078
0.167
1.111
1.129
0.668
0.114
0.928
1.742
0.513
1.77
0.114
0.814
1.186
0.527
0.976
0.28
0.702
1.228
1.852
1.253
1.549
1.809
1.746
1.46
0.989
1.552
1.545
1.734
1.504
1.653
1000.0
1.964
1.657
1.625
1.838
1.598
1.885
1.58
1.362
1.717
1.451
0.963
1.548
1.472
1.615
1.685
1.642
0.983
1.459
1.04
1.64
1.765
1.58
2.052
1.48
1.775
1.914
1.341
1.178
1.14
1.569
1.607
1.339
1.275
1.58
1.51
1.027
1.809
1.658
1.825
1.661
1.013
1.305
1.652
1.166
1.43
1.474
1.228
1.852
1.253
1.549
1.809
1.746
1.46
0.989
1.552
1.545
1.734
1.504
1.653
1.622
1.964
1.657
1.625
1.838
1.598
1.885
1.58
1.362
1.717
1.451
0.963
1.548
1.472
1.615
1.685
1.642
1.153
1.004
0.681
0.978
1.169
2.07
1.874
0.115
0.727
1.182
0.167
0.783
0.87
0.881
1.822
1.92
0.804
0.764
1.476
1.778
0.976
0.155
1.669
0.155
1.959
1.081
0.705
1.654
0.916
1.758
1.354
1.57
2.193
1.595
1.891
2.151
2.088
1.802
1.331
1.894
1.887
2.076
1.845
1.995
1.964
1000.0
1.998
1.966
2.179
1.94
2.227
1.921
1.704
2.059
1.792
1.305
1.89
1.814
1.956
2.026
1.984
1.325
1.801
1.382
1.982
2.107
1.922
2.394
1.822
2.117
2.255
1.683
1.519
1.481
1.911
1.948
1.681
1.617
1.922
1.852
1.368
2.151
2.0
2.166
2.003
1.355
1.647
1.994
1.508
1.772
1.816
1.57
2.193
1.595
1.891
2.151
2.088
1.802
1.331
1.894
1.887
2.076
1.845
1.995
1.964
2.306
1.998
1.966
2.179
1.94
2.227
1.921
1.704
2.059
1.792
1.305
1.89
1.814
1.956
2.026
1.984
0.846
0.879
1.457
0.866
1.663
0.549
0.425
1.82
1.492
1.802
1.654
0.985
0.923
0.93
0.296
0.515
0.964
1.017
0.362
0.338
0.88
1.629
0.169
1.668
0.466
0.762
1.082
0.185
0.874
0.556
0.443
1.263
1.886
1.288
1.583
1.844
1.781
1.495
1.024
1.587
1.58
1.769
1.538
1.688
1.657
1.998
1000.0
1.659
1.872
1.633
1.92
1.614
1.397
1.752
1.485
0.998
1.583
1.507
1.649
1.719
1.677
1.018
1.494
1.075
1.675
1.799
1.615
2.087
1.515
1.81
1.948
1.376
1.212
1.174
1.604
1.641
1.374
1.31
1.615
1.545
1.061
1.844
1.692
1.859
1.696
1.047
1.34
1.687
1.201
1.465
1.509
1.263
1.886
1.288
1.583
1.844
1.781
1.495
1.024
1.587
1.58
1.769
1.538
1.688
1.657
1.998
1.691
1.659
1.872
1.633
1.92
1.614
1.397
1.752
1.485
0.998
1.583
1.507
1.649
1.719
1.677
0.814
0.911
1.462
0.922
1.554
0.218
0.094
1.96
1.482
1.697
1.801
1.128
1.021
1.012
0.075
0.175
1.11
1.129
0.663
0.116
0.929
1.742
0.507
1.771
0.12
0.815
1.187
0.521
0.976
0.287
0.698
1.231
1.854
1.256
1.552
1.812
1.749
1.463
0.992
1.555
1.548
1.737
1.506
1.656
1.625
1.966
1.659
1000.0
1.84
1.601
1.888
1.582
1.365
1.72
1.453
0.966
1.551
1.475
1.617
1.687
1.645
0.986
1.462
1.043
1.643
1.767
1.583
2.055
1.483
1.778
1.916
1.344
1.18
1.142
1.572
1.609
1.342
1.278
1.583
1.513
1.029
1.812
1.661
1.827
1.664
1.016
1.308
1.655
1.169
1.433
1.477
1.231
1.854
1.256
1.552
1.812
1.749
1.463
0.992
1.555
1.548
1.737
1.506
1.656
1.625
1.966
1.659
1.627
1.84
1.601
1.888
1.582
1.365
1.72
1.453
0.966
1.551
1.475
1.617
1.687
1.645
1.027
1.048
0.604
1.092
0.219
1.844
1.7
1.276
0.539
0.081
1.258
1.231
1.135
1.097
1.732
1.69
1.249
1.128
1.776
1.666
1.07
1.074
1.872
1.03
1.765
1.163
1.086
1.866
1.172
1.507
1.656
1.444
2.067
1.469
1.764
2.025
1.962
1.676
1.205
1.768
1.761
1.949
1.719
1.869
1.838
2.179
1.872
1.84
1000.0
1.814
2.101
1.795
1.578
1.933
1.666
1.179
1.763
1.687
1.83
1.9
1.858
1.199
1.674
1.256
1.856
1.98
1.796
2.268
1.696
1.991
2.129
1.557
1.393
1.355
1.785
1.822
1.555
1.49
1.796
1.725
1.242
2.025
1.873
2.04
1.877
1.228
1.52
1.868
1.381
1.646
1.69
1.444
2.067
1.469
1.764
2.025
1.962
1.676
1.205
1.768
1.761
1.949
1.719
1.869
1.838
2.179
1.872
1.84
2.053
1.814
2.101
1.795
1.578
1.933
1.666
1.179
1.763
1.687
1.83
1.9
1.858
0.787
0.801
1.378
0.782
1.614
0.641
0.494
1.712
1.416
1.751
1.546
0.88
0.829
0.839
0.366
0.585
0.859
0.918
0.249
0.391
0.798
1.525
0.087
1.566
0.548
0.682
0.983
0.097
0.779
0.593
0.329
1.204
1.828
1.229
1.525
1.786
1.722
1.436
0.965
1.528
1.521
1.71
1.48
1.629
1.598
1.94
1.633
1.601
1.814
1000.0
1.862
1.556
1.338
1.693
1.427
0.939
1.524
1.448
1.591
1.661
1.618
0.96
1.435
1.016
1.616
1.741
1.557
2.028
1.456
1.752
1.89
1.317
1.154
1.116
1.545
1.583
1.315
1.251
1.557
1.486
1.003
1.785
1.634
1.801
1.637
0.989
1.281
1.629
1.142
1.406
1.45
1.204
1.828
1.229
1.525
1.786
1.722
1.436
0.965
1.528
1.521
1.71
1.48
1.629
1.598
1.94
1.633
1.601
1.814
1.574
1.862
1.556
1.338
1.693
1.427
0.939
1.524
1.448
1.591
1.661
1.618
1.074
0.927
0.61
0.901
1.108
1.994
1.798
0.184
0.659
1.128
0.162
0.714
0.796
0.806
1.747
1.843
0.736
0.69
1.413
1.703
0.899
0.076
1.603
0.085
1.883
1.005
0.63
1.588
0.842
1.68
1.289
1.492
2.115
1.517
1.812
2.073
2.01
1.724
1.253
1.816
1.809
1.997
1.767
1.917
1.885
2.227
1.92
1.888
2.101
1.862
1000.0
1.843
1.626
1.981
1.714
1.227
1.811
1.735
1.878
1.948
1.905
1.247
1.722
1.304
1.904
2.028
1.844
2.316
1.744
2.039
2.177
1.605
1.441
1.403
1.833
1.87
1.603
1.538
1.844
1.773
1.29
2.073
1.921
2.088
1.925
1.276
1.568
1.916
1.429
1.693
1.738
1.492
2.115
1.517
1.812
2.073
2.01
1.724
1.253
1.816
1.809
1.997
1.767
1.917
1.885
2.227
1.92
1.888
2.101
1.862
2.149
1.843
1.626
1.981
1.714
1.227
1.811
1.735
1.878
1.948
1.905
0.769
0.877
1.416
0.893
1.489
0.207
0.017
1.941
1.434
1.632
1.784
1.115
0.999
0.987
0.113
0.108
1.099
1.109
0.7
0.103
0.898
1.717
0.56
1.744
0.093
0.788
1.164
0.573
0.957
0.211
0.722
1.186
1.809
1.211
1.506
1.767
1.704
1.418
0.947
1.51
1.503
1.692
1.461
1.611
1.58
1.921
1.614
1.582
1.795
1.556
1.843
1000.0
1.32
1.675
1.408
0.921
1.506
1.429
1.572
1.642
1.6
0.941
1.416
0.998
1.598
1.722
1.538
2.01
1.438
1.733
1.871
1.299
1.135
1.097
1.527
1.564
1.297
1.233
1.538
1.468
0.984
1.767
1.615
1.782
1.619
0.97
1.262
1.61
1.124
1.388
1.432
1.186
1.809
1.211
1.506
1.767
1.704
1.418
0.947
1.51
1.503
1.692
1.461
1.611
1.58
1.921
1.614
1.582
1.795
1.556
1.843
1.537
1.32
1.675
1.408
0.921
1.506
1.429
1.572
1.642
1.6
0.551
0.38
0.638
0.323
1.095
1.351
1.153
0.809
0.699
1.193
0.646
0.03
0.184
0.224
1.085
1.211
0.051
0.107
0.736
1.048
0.336
0.616
0.92
0.659
1.237
0.393
0.139
0.905
0.206
1.068
0.609
0.968
1.592
0.993
1.289
1.549
1.486
1.2
0.729
1.292
1.285
1.474
1.244
1.393
1.362
1.704
1.397
1.365
1.578
1.338
1.626
1.32
1000.0
1.457
1.191
0.703
1.288
1.212
1.355
1.425
1.382
0.723
1.199
0.78
1.38
1.505
1.32
1.792
1.22
1.515
1.654
1.081
0.918
0.88
1.309
1.347
1.079
1.015
1.32
1.25
0.767
1.549
1.398
1.565
1.401
0.753
1.045
1.393
0.906
1.17
1.214
0.968
1.592
0.993
1.289
1.549
1.486
1.2
0.729
1.292
1.285
1.474
1.244
1.393
1.362
1.704
1.397
1.365
1.578
1.338
1.626
1.32
1.102
1.457
1.191
0.703
1.288
1.212
1.355
1.425
1.382
0.906
0.91
0.438
0.949
0.208
1.769
1.615
1.126
0.373
0.171
1.099
1.072
0.982
0.946
1.636
1.612
1.09
0.97
1.638
1.571
0.928
0.915
1.746
0.874
1.684
1.027
0.925
1.739
1.021
1.427
1.516
1.323
1.947
1.348
1.644
1.905
1.841
1.555
1.084
1.648
1.641
1.829
1.599
1.748
1.717
2.059
1.752
1.72
1.933
1.693
1.981
1.675
1.457
1000.0
1.546
1.058
1.643
1.567
1.71
1.78
1.737
1.079
1.554
1.135
1.736
1.86
1.676
2.147
1.576
1.871
2.009
1.436
1.273
1.235
1.665
1.702
1.434
1.37
1.676
1.605
1.122
1.904
1.753
1.92
1.756
1.108
1.4
1.748
1.261
1.525
1.569
1.323
1.947
1.348
1.644
1.905
1.841
1.555
1.084
1.648
1.641
1.829
1.599
1.748
1.717
2.059
1.752
1.72
1.933
1.693
1.981
1.675
1.457
1.813
1.546
1.058
1.643
1.567
1.71
1.78
1.737
0.64
0.638
1.212
0.615
1.469
0.716
0.539
1.549
1.252
1.604
1.384
0.714
0.659
0.669
0.425
0.625
0.693
0.749
0.192
0.424
0.632
1.358
0.209
1.398
0.61
0.518
0.814
0.202
0.609
0.58
0.2
1.057
1.68
1.082
1.377
1.638
1.575
1.289
0.818
1.381
1.374
1.563
1.332
1.482
1.451
1.792
1.485
1.453
1.666
1.427
1.714
1.408
1.191
1.546
1000.0
0.792
1.377
1.3
1.443
1.513
1.471
0.812
1.287
0.869
1.469
1.593
1.409
1.881
1.309
1.604
1.742
1.17
1.006
0.968
1.398
1.435
1.168
1.104
1.409
1.339
0.855
1.638
1.486
1.653
1.49
0.841
1.133
1.481
0.994
1.259
1.303
1.057
1.68
1.082
1.377
1.638
1.575
1.289
0.818
1.381
1.374
1.563
1.332
1.482
1.451
1.792
1.485
1.453
1.666
1.427
1.714
1.408
1.191
1.546
1.279
0.792
1.377
1.3
1.443
1.513
1.471
0.152
0.083
0.659
0.102
0.929
0.996
0.802
1.157
0.694
1.057
1.009
0.393
0.235
0.206
0.766
0.843
0.388
0.342
0.663
0.714
0.102
0.924
0.77
0.948
0.886
0.055
0.385
0.762
0.213
0.681
0.546
0.569
1.193
0.594
0.89
1.151
1.087
0.801
0.33
0.894
0.886
1.075
0.845
0.994
0.963
1.305
0.998
0.966
1.179
0.939
1.227
0.921
0.703
1.058
0.792
1000.0
0.889
0.813
0.956
1.026
0.983
0.325
0.8
0.381
0.982
1.106
0.922
1.393
0.822
1.117
1.255
0.682
0.519
0.481
0.911
0.948
0.68
0.616
0.922
0.851
0.368
1.15
0.999
1.166
1.002
0.354
0.646
0.994
0.507
0.771
0.815
0.569
1.193
0.594
0.89
1.151
1.087
0.801
0.33
0.894
0.886
1.075
0.845
0.994
0.963
1.305
0.998
0.966
1.179
0.939
1.227
0.921
0.703
1.058
0.792
0.304
0.889
0.813
0.956
1.026
0.983
0.737
0.663
0.089
0.678
0.545
1.686
1.506
0.747
0.1
0.585
0.692
0.706
0.66
0.636
1.493
1.527
0.727
0.613
1.356
1.435
0.662
0.513
1.499
0.482
1.585
0.779
0.557
1.489
0.707
1.345
1.227
1.154
1.778
1.179
1.475
1.735
1.672
1.386
0.915
1.478
1.471
1.66
1.43
1.579
1.548
1.89
1.583
1.551
1.763
1.524
1.811
1.506
1.288
1.643
1.377
0.889
1000.0
1.398
1.541
1.611
1.568
0.909
1.385
0.966
1.566
1.691
1.506
1.978
1.406
1.701
1.84
1.267
1.104
1.066
1.495
1.533
1.265
1.201
1.506
1.436
0.952
1.735
1.584
1.751
1.587
0.939
1.231
1.578
1.092
1.356
1.4
1.154
1.778
1.179
1.475
1.735
1.672
1.386
0.915
1.478
1.471
1.66
1.43
1.579
1.548
1.89
1.583
1.551
1.763
1.524
1.811
1.506
1.288
1.643
1.377
0.889
1.474
1.398
1.541
1.611
1.568
0.661
0.599
1.139
0.557
1.469
0.939
0.758
1.372
1.187
1.595
1.205
0.561
0.553
0.577
0.648
0.842
0.538
0.62
0.148
0.642
0.579
1.201
0.341
1.246
0.832
0.487
0.685
0.325
0.505
0.776
0.025
1.078
1.701
1.103
1.399
1.659
1.596
1.31
0.839
1.402
1.395
1.584
1.353
1.503
1.472
1.814
1.507
1.475
1.687
1.448
1.735
1.429
1.212
1.567
1.3
0.813
1.398
1000.0
1.465
1.535
1.492
0.833
1.309
0.89
1.49
1.615
1.43
1.902
1.33
1.625
1.764
1.191
1.028
0.99
1.419
1.456
1.189
1.125
1.43
1.36
0.876
1.659
1.508
1.675
1.511
0.863
1.155
1.502
1.016
1.28
1.324
1.078
1.701
1.103
1.399
1.659
1.596
1.31
0.839
1.402
1.395
1.584
1.353
1.503
1.472
1.814
1.507
1.475
1.687
1.448
1.735
1.429
1.212
1.567
1.3
0.813
1.398
1.322
1.465
1.535
1.492
0.804
0.899
1.451
0.91
1.548
0.232
0.099
1.947
1.473
1.691
1.788
1.114
1.008
0.999
0.061
0.183
1.097
1.116
0.649
0.105
0.917
1.729
0.494
1.758
0.133
0.803
1.174
0.508
0.963
0.286
0.684
1.221
1.844
1.246
1.542
1.802
1.739
1.453
0.982
1.545
1.538
1.727
1.496
1.646
1.615
1.956
1.649
1.617
1.83
1.591
1.878
1.572
1.355
1.71
1.443
0.956
1.541
1.465
1000.0
1.677
1.635
0.976
1.452
1.033
1.633
1.757
1.573
2.045
1.473
1.768
1.906
1.334
1.17
1.132
1.562
1.599
1.332
1.268
1.573
1.503
1.019
1.802
1.65
1.817
1.654
1.006
1.298
1.645
1.159
1.423
1.467
1.221
1.844
1.246
1.542
1.802
1.739
1.453
0.982
1.545
1.538
1.727
1.496
1.646
1.615
1.956
1.649
1.617
1.83
1.591
1.878
1.572
1.355
1.71
1.443
0.956
1.541
1.465
1.607
1.677
1.635
0.874
0.859
1.425
0.83
1.703
0.787
0.648
1.685
1.468
1.836
1.518
0.874
0.851
0.869
0.519
0.74
0.852
0.929
0.171
0.547
0.848
1.516
0.072
1.561
0.699
0.74
0.994
0.059
0.802
0.747
0.293
1.291
1.914
1.316
1.612
1.872
1.809
1.523
1.052
1.615
1.608
1.797
1.566
1.716
1.685
2.026
1.719
1.687
1.9
1.661
1.948
1.642
1.425
1.78
1.513
1.026
1.611
1.535
1.677
1000.0
1.705
1.046
1.522
1.103
1.703
1.827
1.643
2.115
1.543
1.838
1.976
1.404
1.24
1.202
1.632
1.669
1.402
1.338
1.643
1.573
1.089
1.872
1.72
1.887
1.724
1.075
1.368
1.715
1.229
1.493
1.537
1.291
1.914
1.316
1.612
1.872
1.809
1.523
1.052
1.615
1.608
1.797
1.566
1.716
1.685
2.026
1.719
1.687
1.9
1.661
1.948
1.642
1.425
1.78
1.513
1.026
1.611
1.535
1.677
1.747
1.705
0.831
0.752
0.184
0.765
0.582
1.781
1.6
0.703
0.185
0.599
0.669
0.77
0.738
0.716
1.587
1.621
0.792
0.682
1.435
1.529
0.75
0.485
1.583
0.445
1.68
0.867
0.622
1.573
0.786
1.44
1.306
1.248
1.872
1.273
1.569
1.829
1.766
1.48
1.009
1.572
1.565
1.754
1.524
1.673
1.642
1.984
1.677
1.645
1.858
1.618
1.905
1.6
1.382
1.737
1.471
0.983
1.568
1.492
1.635
1.705
1000.0
1.003
1.479
1.06
1.66
1.785
1.6
2.072
1.5
1.795
1.934
1.361
1.198
1.16
1.589
1.627
1.359
1.295
1.6
1.53
1.047
1.829
1.678
1.845
1.681
1.033
1.325
1.672
1.186
1.45
1.494
1.248
1.872
1.273
1.569
1.829
1.766
1.48
1.009
1.572
1.565
1.754
1.524
1.673
1.642
1.984
1.677
1.645
1.858
1.618
1.905
1.6
1.382
1.737
1.471
0.983
1.568
1.492
1.635
1.705
1.662
ENDDATA
