# of pickup customers
25
# of delivery customers
25
# of customers
50
# of tasks
100
# of given tractors
1
c1
10.0
c2
1.0
c3
0.0
timeperiod
16.0
package time
3.93
3.58
3.523
3.967
4.227
4.428
4.239
4.662
4.043
4.947
4.918
3.333
3.196
4.159
3.57
3.263
3.911
4.618
4.092
3.651
3.081
4.999
4.301
3.514
3.765
4.193
3.766
3.172
3.52
3.595
3.039
4.182
3.888
4.485
3.253
3.744
3.83
3.937
3.189
3.983
4.264
3.513
3.938
4.308
4.963
4.161
3.033
4.065
3.029
4.193
terminal coordinates
100.0
100.0
customer coordinate
95.44
178.28
98.76
94.34
181.68
178.28
190.54
123.39
186.03
184.58
91.81
126.47
124.79
109.6
93.2
96.2
106.64
123.8
185.96
94.29
106.74
121.58
94.27
182.41
90.73
92.75
121.79
109.42
104.28
135.29
124.64
192.76
185.72
192.64
97.48
89.62
185.08
176.8
83.17
107.94
109.95
106.85
109.65
127.72
91.08
110.24
106.36
175.61
118.58
107.62
124.84
62.29
123.91
131.81
76.79
65.4
77.52
171.06
62.11
74.3
3.11
177.6
177.06
143.91
14.57
2.97
8.35
173.36
71.88
15.17
140.63
146.47
126.0
70.29
122.46
13.73
175.46
2.76
11.72
177.04
176.48
74.21
71.87
81.85
20.61
139.14
74.67
75.87
132.88
144.37
144.45
7.17
140.66
185.14
17.7
142.66
135.66
79.56
140.09
144.87
distance matrix
0.0
0.316
1.086
0.299
0.404
1.061
1.07
1.166
0.935
1.175
1.105
1.215
1.025
1.012
0.562
1.071
1.214
1.149
0.964
1.131
1.063
0.515
0.64
0.333
1.095
0.304
1.082
0.982
1.221
1.105
1.059
1.004
1.203
1.128
1.18
0.993
0.506
1.11
1.006
0.462
0.563
0.569
1.164
0.522
1.119
1.035
0.548
0.453
0.979
0.552
0.569
0.316
1.086
0.299
0.404
1.061
1.07
1.166
0.935
1.175
1.105
1.215
1.025
1.012
0.562
1.071
1.214
1.149
0.964
1.131
1.063
0.515
0.64
0.333
1.095
0.304
1.082
0.982
1.221
1.105
1.059
1.004
1.203
1.128
1.18
0.993
0.506
1.11
1.006
0.462
0.563
0.569
1.164
0.522
1.119
1.035
0.548
0.453
0.979
0.552
0.569
0.316
0.631
1.402
0.615
0.72
1.377
1.386
1.482
1.251
1.491
1.421
1.531
1.341
1.328
0.878
1.387
1.529
1.464
1.28
1.446
1.378
0.831
0.956
0.648
1.411
0.619
1.398
1.297
1.537
1.42
1.375
1.32
1.519
1.443
1.496
1.309
0.822
1.425
1.322
0.777
0.879
0.885
1.479
0.838
1.435
1.35
0.864
0.768
1.295
0.868
0.885
0.0
1.298
0.043
0.088
1.234
1.274
1.328
0.675
1.377
1.281
1.522
0.765
0.749
0.297
1.379
1.523
1.463
0.703
1.311
1.371
0.243
0.424
0.021
1.283
0.066
1.389
0.713
1.536
1.418
0.821
0.742
1.371
1.308
1.329
1.303
0.193
1.284
1.187
0.183
0.29
0.305
1.478
0.266
0.855
1.34
0.29
0.192
1.151
0.346
0.293
1.086
1.402
2.172
1.385
1.49
2.148
2.156
2.252
2.021
2.261
2.191
2.302
2.111
2.098
1.648
2.157
2.3
2.235
2.05
2.217
2.149
1.601
1.727
1.419
2.181
1.39
2.168
2.068
2.307
2.191
2.145
2.091
2.29
2.214
2.266
2.079
1.592
2.196
2.092
1.548
1.65
1.655
2.25
1.608
2.205
2.121
1.635
1.539
2.065
1.638
1.655
1.298
0.0
1.258
1.362
0.186
0.039
0.244
1.523
0.097
0.17
1.31
1.58
1.583
1.333
1.219
1.266
1.121
1.546
0.154
1.204
1.326
1.269
1.318
0.113
1.328
1.229
1.581
1.138
1.12
1.532
1.577
0.234
0.152
0.303
1.136
1.467
0.177
0.171
1.481
1.351
1.336
1.128
1.302
1.661
1.224
1.316
1.284
0.218
1.226
1.359
0.299
0.615
1.385
0.599
0.703
1.361
1.369
1.465
1.234
1.474
1.404
1.515
1.324
1.311
0.861
1.371
1.513
1.448
1.263
1.43
1.362
0.814
0.94
0.632
1.394
0.603
1.381
1.281
1.52
1.404
1.359
1.304
1.503
1.427
1.479
1.292
0.805
1.409
1.306
0.761
0.863
0.869
1.463
0.822
1.419
1.334
0.848
0.752
1.278
0.852
0.868
0.043
1.258
0.0
0.113
1.192
1.234
1.285
0.665
1.337
1.239
1.512
0.755
0.74
0.284
1.369
1.512
1.448
0.693
1.269
1.36
0.232
0.401
0.062
1.242
0.102
1.379
0.706
1.52
1.404
0.806
0.732
1.329
1.267
1.286
1.291
0.222
1.242
1.146
0.225
0.28
0.292
1.463
0.25
0.847
1.331
0.275
0.175
1.109
0.32
0.284
0.404
0.72
1.49
0.703
0.808
1.465
1.474
1.57
1.339
1.579
1.509
1.619
1.429
1.416
0.966
1.475
1.618
1.552
1.368
1.534
1.467
0.919
1.044
0.737
1.499
0.708
1.486
1.386
1.625
1.509
1.463
1.408
1.607
1.532
1.584
1.397
0.91
1.514
1.41
0.866
0.967
0.973
1.567
0.926
1.523
1.439
0.952
0.857
1.383
0.956
0.973
0.088
1.362
0.113
0.0
1.29
1.338
1.381
0.61
1.44
1.338
1.609
0.699
0.682
0.243
1.466
1.611
1.551
0.637
1.368
1.458
0.19
0.387
0.073
1.343
0.125
1.476
0.645
1.624
1.506
0.763
0.675
1.425
1.366
1.378
1.391
0.109
1.34
1.246
0.14
0.231
0.251
1.566
0.221
0.786
1.427
0.241
0.158
1.208
0.32
0.233
1.061
1.377
2.148
1.361
1.465
2.123
2.131
2.228
1.997
2.236
2.166
2.277
2.086
2.073
1.623
2.133
2.275
2.21
2.025
2.192
2.124
1.576
1.702
1.394
2.156
1.365
2.144
2.043
2.283
2.166
2.121
2.066
2.265
2.189
2.241
2.054
1.568
2.171
2.068
1.523
1.625
1.631
2.225
1.584
2.181
2.096
1.61
1.514
2.04
1.614
1.63
1.234
0.186
1.192
1.29
0.0
0.149
0.111
1.385
0.191
0.048
1.453
1.437
1.441
1.231
1.352
1.412
1.27
1.407
0.081
1.337
1.231
1.15
1.254
0.082
1.272
1.363
1.443
1.293
1.264
1.381
1.436
0.142
0.08
0.151
1.265
1.39
0.05
0.062
1.417
1.25
1.233
1.278
1.203
1.513
1.352
1.215
1.195
0.083
1.117
1.257
1.07
1.386
2.156
1.369
1.474
2.131
2.14
2.236
2.005
2.245
2.175
2.285
2.095
2.082
1.632
2.141
2.284
2.218
2.034
2.2
2.133
1.585
1.71
1.403
2.165
1.374
2.152
2.052
2.291
2.175
2.129
2.074
2.273
2.198
2.25
2.063
1.576
2.179
2.076
1.532
1.633
1.639
2.233
1.592
2.189
2.105
1.618
1.523
2.049
1.622
1.639
1.274
0.039
1.234
1.338
0.149
0.0
0.215
1.488
0.105
0.136
1.332
1.545
1.548
1.304
1.239
1.289
1.145
1.512
0.126
1.223
1.298
1.237
1.295
0.08
1.306
1.249
1.546
1.164
1.143
1.495
1.542
0.212
0.123
0.273
1.155
1.441
0.144
0.132
1.458
1.322
1.306
1.152
1.273
1.625
1.242
1.287
1.257
0.18
1.195
1.329
1.166
1.482
2.252
1.465
1.57
2.228
2.236
2.332
2.101
2.341
2.271
2.382
2.191
2.178
1.728
2.237
2.38
2.315
2.13
2.297
2.229
1.681
1.807
1.499
2.261
1.47
2.248
2.148
2.387
2.271
2.225
2.171
2.37
2.294
2.346
2.159
1.672
2.276
2.172
1.628
1.73
1.735
2.33
1.688
2.285
2.201
1.715
1.619
2.145
1.718
1.735
1.328
0.244
1.285
1.381
0.111
0.215
0.0
1.439
0.201
0.085
1.545
1.485
1.491
1.309
1.449
1.503
1.359
1.46
0.091
1.434
1.311
1.219
1.347
0.136
1.368
1.459
1.496
1.379
1.356
1.423
1.486
0.05
0.093
0.06
1.364
1.478
0.077
0.173
1.51
1.328
1.309
1.367
1.283
1.558
1.451
1.292
1.279
0.188
1.192
1.335
0.935
1.251
2.021
1.234
1.339
1.997
2.005
2.101
1.87
2.11
2.04
2.151
1.96
1.947
1.497
2.006
2.149
2.084
1.899
2.066
1.998
1.45
1.576
1.268
2.03
1.239
2.017
1.917
2.156
2.04
1.994
1.94
2.139
2.063
2.115
1.928
1.441
2.045
1.941
1.397
1.499
1.505
2.099
1.457
2.054
1.97
1.484
1.388
1.914
1.487
1.504
0.675
1.523
0.665
0.61
1.385
1.488
1.439
0.0
1.571
1.431
2.136
0.09
0.077
0.381
1.992
2.128
2.045
0.029
1.466
1.982
0.434
0.308
0.671
1.46
0.732
2.004
0.059
2.111
2.006
0.166
0.07
1.489
1.464
1.412
1.908
0.581
1.431
1.364
0.693
0.385
0.373
2.059
0.417
0.184
1.959
0.391
0.491
1.317
0.392
0.382
1.175
1.491
2.261
1.474
1.579
2.236
2.245
2.341
2.11
2.35
2.28
2.39
2.2
2.187
1.737
2.246
2.389
2.324
2.139
2.306
2.238
1.69
1.816
1.508
2.27
1.479
2.257
2.157
2.396
2.28
2.234
2.179
2.379
2.303
2.355
2.168
1.681
2.285
2.181
1.637
1.738
1.744
2.339
1.697
2.294
2.21
1.723
1.628
2.154
1.727
1.744
1.377
0.097
1.337
1.44
0.191
0.105
0.201
1.571
0.0
0.153
1.39
1.624
1.628
1.399
1.304
1.344
1.198
1.593
0.122
1.288
1.395
1.327
1.398
0.112
1.41
1.313
1.629
1.211
1.2
1.57
1.623
0.173
0.122
0.26
1.222
1.543
0.157
0.207
1.561
1.418
1.401
1.205
1.37
1.702
1.31
1.383
1.355
0.254
1.289
1.425
1.105
1.421
2.191
1.404
1.509
2.166
2.175
2.271
2.04
2.28
2.21
2.32
2.13
2.117
1.667
2.176
2.319
2.254
2.069
2.236
2.168
1.62
1.745
1.438
2.2
1.409
2.187
2.087
2.326
2.21
2.164
2.109
2.308
2.233
2.285
2.098
1.611
2.215
2.111
1.567
1.668
1.674
2.269
1.627
2.224
2.14
1.653
1.558
2.084
1.657
1.674
1.281
0.17
1.239
1.338
0.048
0.136
0.085
1.431
0.153
0.0
1.462
1.482
1.486
1.279
1.365
1.42
1.276
1.453
0.035
1.349
1.278
1.197
1.301
0.057
1.319
1.375
1.488
1.297
1.273
1.424
1.481
0.102
0.034
0.138
1.279
1.437
0.008
0.099
1.464
1.298
1.28
1.284
1.251
1.557
1.366
1.262
1.243
0.13
1.165
1.305
1.215
1.531
2.302
1.515
1.619
2.277
2.285
2.382
2.151
2.39
2.32
2.431
2.24
2.227
1.777
2.287
2.429
2.364
2.179
2.346
2.278
1.73
1.856
1.548
2.31
1.519
2.298
2.197
2.437
2.32
2.275
2.22
2.419
2.343
2.395
2.208
1.722
2.325
2.222
1.677
1.779
1.785
2.379
1.738
2.335
2.25
1.764
1.668
2.194
1.768
1.784
1.522
1.31
1.512
1.609
1.453
1.332
1.545
2.136
1.39
1.462
0.0
2.224
2.213
1.774
0.144
0.055
0.197
2.165
1.457
0.154
1.729
1.83
1.536
1.41
1.492
0.133
2.187
0.22
0.189
2.241
2.206
1.543
1.455
1.599
0.23
1.701
1.469
1.399
1.626
1.777
1.781
0.195
1.734
2.319
0.183
1.76
1.667
1.418
1.745
1.783
1.025
1.341
2.111
1.324
1.429
2.086
2.095
2.191
1.96
2.2
2.13
2.24
2.05
2.037
1.587
2.096
2.239
2.174
1.989
2.155
2.088
1.54
1.665
1.358
2.12
1.329
2.107
2.007
2.246
2.13
2.084
2.029
2.228
2.153
2.205
2.018
1.531
2.135
2.031
1.487
1.588
1.594
2.188
1.547
2.144
2.06
1.573
1.478
2.004
1.577
1.594
0.765
1.58
0.755
0.699
1.437
1.545
1.485
0.09
1.624
1.482
2.224
0.0
0.022
0.471
2.08
2.215
2.13
0.063
1.516
2.07
0.524
0.394
0.76
1.513
0.821
2.091
0.064
2.196
2.092
0.11
0.027
1.535
1.515
1.455
1.996
0.666
1.481
1.419
0.778
0.476
0.463
2.144
0.507
0.096
2.047
0.482
0.581
1.371
0.479
0.472
1.012
1.328
2.098
1.311
1.416
2.073
2.082
2.178
1.947
2.187
2.117
2.227
2.037
2.024
1.574
2.083
2.226
2.16
1.976
2.142
2.075
1.527
1.652
1.345
2.107
1.316
2.094
1.994
2.233
2.117
2.071
2.016
2.215
2.14
2.192
2.005
1.518
2.121
2.018
1.474
1.575
1.581
2.175
1.534
2.131
2.047
1.56
1.465
1.991
1.564
1.581
0.749
1.583
0.74
0.682
1.441
1.548
1.491
0.077
1.628
1.486
2.213
0.022
0.0
0.456
2.069
2.205
2.121
0.048
1.521
2.059
0.508
0.384
0.744
1.517
0.804
2.081
0.042
2.187
2.083
0.131
0.007
1.541
1.52
1.461
1.985
0.646
1.485
1.422
0.759
0.46
0.448
2.135
0.493
0.107
2.036
0.467
0.566
1.374
0.469
0.456
0.562
0.878
1.648
0.861
0.966
1.623
1.632
1.728
1.497
1.737
1.667
1.777
1.587
1.574
1.124
1.633
1.776
1.71
1.526
1.692
1.625
1.077
1.202
0.895
1.657
0.866
1.644
1.544
1.783
1.667
1.621
1.566
1.765
1.69
1.742
1.555
1.068
1.671
1.568
1.024
1.125
1.131
1.725
1.084
1.681
1.597
1.11
1.015
1.541
1.114
1.131
0.297
1.333
0.284
0.243
1.231
1.304
1.309
0.381
1.399
1.279
1.774
0.471
0.456
0.0
1.63
1.77
1.695
0.409
1.312
1.621
0.054
0.153
0.295
1.294
0.357
1.641
0.423
1.764
1.654
0.524
0.448
1.356
1.31
1.296
1.549
0.257
1.28
1.195
0.358
0.022
0.008
1.71
0.041
0.563
1.595
0.018
0.111
1.152
0.122
0.028
1.071
1.387
2.157
1.371
1.475
2.133
2.141
2.237
2.006
2.246
2.176
2.287
2.096
2.083
1.633
2.143
2.285
2.22
2.035
2.202
2.134
1.586
1.712
1.404
2.166
1.375
2.153
2.053
2.292
2.176
2.13
2.076
2.275
2.199
2.251
2.064
1.577
2.181
2.078
1.533
1.635
1.641
2.235
1.594
2.19
2.106
1.62
1.524
2.05
1.624
1.64
1.379
1.219
1.369
1.466
1.352
1.239
1.449
1.992
1.304
1.365
0.144
2.08
2.069
1.63
0.0
0.15
0.185
2.021
1.363
0.016
1.585
1.686
1.393
1.315
1.349
0.012
2.043
0.251
0.143
2.098
2.062
1.451
1.36
1.501
0.093
1.558
1.372
1.296
1.484
1.633
1.637
0.194
1.589
2.175
0.047
1.615
1.523
1.312
1.601
1.639
1.214
1.529
2.3
1.513
1.618
2.275
2.284
2.38
2.149
2.389
2.319
2.429
2.239
2.226
1.776
2.285
2.428
2.362
2.178
2.344
2.277
1.729
1.854
1.547
2.309
1.518
2.296
2.196
2.435
2.319
2.273
2.218
2.417
2.342
2.394
2.207
1.72
2.323
2.22
1.676
1.777
1.783
2.377
1.736
2.333
2.249
1.762
1.667
2.193
1.766
1.783
1.523
1.266
1.512
1.611
1.412
1.289
1.503
2.128
1.344
1.42
0.055
2.215
2.205
1.77
0.15
0.0
0.147
2.158
1.415
0.154
1.726
1.822
1.538
1.367
1.495
0.141
2.18
0.165
0.149
2.23
2.198
1.5
1.412
1.557
0.221
1.704
1.427
1.358
1.632
1.774
1.777
0.143
1.729
2.311
0.195
1.755
1.663
1.379
1.737
1.779
1.149
1.464
2.235
1.448
1.552
2.21
2.218
2.315
2.084
2.324
2.254
2.364
2.174
2.16
1.71
2.22
2.362
2.297
2.113
2.279
2.211
1.663
1.789
1.481
2.244
1.452
2.231
2.13
2.37
2.253
2.208
2.153
2.352
2.276
2.329
2.142
1.655
2.258
2.155
1.61
1.712
1.718
2.312
1.671
2.268
2.183
1.697
1.601
2.128
1.701
1.718
1.463
1.121
1.448
1.551
1.27
1.145
1.359
2.045
1.198
1.276
0.197
2.13
2.121
1.695
0.185
0.147
0.0
2.074
1.27
0.176
1.654
1.737
1.479
1.223
1.44
0.186
2.097
0.078
0.051
2.139
2.114
1.355
1.268
1.414
0.191
1.649
1.284
1.217
1.584
1.7
1.702
0.015
1.654
2.226
0.227
1.679
1.591
1.239
1.653
1.707
0.964
1.28
2.05
1.263
1.368
2.025
2.034
2.13
1.899
2.139
2.069
2.179
1.989
1.976
1.526
2.035
2.178
2.113
1.928
2.095
2.027
1.479
1.605
1.297
2.059
1.268
2.046
1.946
2.185
2.069
2.023
1.968
2.168
2.092
2.144
1.957
1.47
2.074
1.97
1.426
1.527
1.533
2.128
1.486
2.083
1.999
1.512
1.417
1.943
1.516
1.533
0.703
1.546
0.693
0.637
1.407
1.512
1.46
0.029
1.593
1.453
2.165
0.063
0.048
0.409
2.021
2.158
2.074
0.0
1.488
2.011
0.461
0.337
0.698
1.482
0.759
2.033
0.036
2.14
2.035
0.151
0.04
1.51
1.486
1.431
1.938
0.605
1.452
1.387
0.717
0.413
0.401
2.088
0.445
0.155
1.988
0.42
0.519
1.339
0.421
0.41
1.131
1.446
2.217
1.43
1.534
2.192
2.2
2.297
2.066
2.306
2.236
2.346
2.155
2.142
1.692
2.202
2.344
2.279
2.095
2.261
2.193
1.645
1.771
1.463
2.226
1.434
2.213
2.112
2.352
2.235
2.19
2.135
2.334
2.258
2.311
2.123
1.637
2.24
2.137
1.592
1.694
1.7
2.294
1.653
2.25
2.165
1.679
1.583
2.11
1.683
1.699
1.311
0.154
1.269
1.368
0.081
0.126
0.091
1.466
0.122
0.035
1.457
1.516
1.521
1.312
1.363
1.415
1.27
1.488
0.0
1.347
1.311
1.232
1.331
0.049
1.348
1.373
1.523
1.289
1.268
1.459
1.516
0.09
0.003
0.15
1.278
1.469
0.037
0.125
1.494
1.331
1.314
1.278
1.284
1.592
1.366
1.296
1.275
0.161
1.198
1.338
1.063
1.378
2.149
1.362
1.467
2.124
2.133
2.229
1.998
2.238
2.168
2.278
2.088
2.075
1.625
2.134
2.277
2.211
2.027
2.193
2.126
1.578
1.703
1.396
2.158
1.366
2.145
2.045
2.284
2.168
2.122
2.067
2.266
2.19
2.243
2.056
1.569
2.172
2.069
1.524
1.626
1.632
2.226
1.585
2.182
2.098
1.611
1.516
2.042
1.615
1.632
1.371
1.204
1.36
1.458
1.337
1.223
1.434
1.982
1.288
1.349
0.154
2.07
2.059
1.621
0.016
0.154
0.176
2.011
1.347
0.0
1.576
1.676
1.385
1.299
1.342
0.026
2.033
0.245
0.132
2.087
2.052
1.435
1.345
1.485
0.079
1.551
1.357
1.28
1.478
1.624
1.628
0.186
1.58
2.165
0.051
1.606
1.514
1.297
1.591
1.63
0.515
0.831
1.601
0.814
0.919
1.576
1.585
1.681
1.45
1.69
1.62
1.73
1.54
1.527
1.077
1.586
1.729
1.663
1.479
1.645
1.578
1.03
1.155
0.848
1.61
0.819
1.597
1.497
1.736
1.62
1.574
1.519
1.718
1.643
1.695
1.508
1.021
1.624
1.521
0.977
1.078
1.084
1.678
1.037
1.634
1.55
1.063
0.968
1.494
1.067
1.084
0.243
1.326
0.232
0.19
1.231
1.298
1.311
0.434
1.395
1.278
1.729
0.524
0.508
0.054
1.585
1.726
1.654
0.461
1.311
1.576
0.0
0.199
0.24
1.291
0.303
1.596
0.474
1.724
1.612
0.578
0.501
1.358
1.309
1.301
1.505
0.215
1.28
1.193
0.31
0.049
0.062
1.668
0.036
0.615
1.549
0.051
0.062
1.151
0.148
0.054
0.64
0.956
1.727
0.94
1.044
1.702
1.71
1.807
1.576
1.816
1.745
1.856
1.665
1.652
1.202
1.712
1.854
1.789
1.605
1.771
1.703
1.155
1.281
0.973
1.735
0.944
1.723
1.622
1.862
1.745
1.7
1.645
1.844
1.768
1.82
1.633
1.147
1.75
1.647
1.102
1.204
1.21
1.804
1.163
1.76
1.675
1.189
1.093
1.62
1.193
1.209
0.424
1.269
0.401
0.387
1.15
1.237
1.219
0.308
1.327
1.197
1.83
0.394
0.384
0.153
1.686
1.822
1.737
0.337
1.232
1.676
0.199
0.0
0.427
1.219
0.489
1.698
0.362
1.803
1.698
0.419
0.377
1.268
1.23
1.201
1.602
0.41
1.198
1.12
0.509
0.173
0.148
1.751
0.166
0.489
1.654
0.15
0.233
1.075
0.088
0.176
0.333
0.648
1.419
0.632
0.737
1.394
1.403
1.499
1.268
1.508
1.438
1.548
1.358
1.345
0.895
1.404
1.547
1.481
1.297
1.463
1.396
0.848
0.973
0.666
1.428
0.637
1.415
1.315
1.554
1.438
1.392
1.337
1.536
1.461
1.513
1.326
0.839
1.442
1.339
0.795
0.896
0.902
1.496
0.855
1.452
1.368
0.881
0.786
1.312
0.885
0.902
0.021
1.318
0.062
0.073
1.254
1.295
1.347
0.671
1.398
1.301
1.536
0.76
0.744
0.295
1.393
1.538
1.479
0.698
1.331
1.385
0.24
0.427
0.0
1.303
0.063
1.404
0.708
1.552
1.434
0.819
0.736
1.391
1.328
1.348
1.318
0.174
1.304
1.207
0.163
0.286
0.303
1.494
0.266
0.849
1.354
0.288
0.193
1.171
0.351
0.289
1.095
1.411
2.181
1.394
1.499
2.156
2.165
2.261
2.03
2.27
2.2
2.31
2.12
2.107
1.657
2.166
2.309
2.244
2.059
2.226
2.158
1.61
1.735
1.428
2.19
1.399
2.177
2.077
2.316
2.2
2.154
2.099
2.299
2.223
2.275
2.088
1.601
2.205
2.101
1.557
1.658
1.664
2.259
1.617
2.214
2.13
1.643
1.548
2.074
1.647
1.664
1.283
0.113
1.242
1.343
0.082
0.08
0.136
1.46
0.112
0.057
1.41
1.513
1.517
1.294
1.315
1.367
1.223
1.482
0.049
1.299
1.291
1.219
1.303
0.0
1.319
1.325
1.517
1.243
1.221
1.459
1.511
0.138
0.046
0.193
1.23
1.444
0.064
0.099
1.467
1.313
1.296
1.231
1.265
1.59
1.317
1.278
1.254
0.144
1.182
1.32
0.304
0.619
1.39
0.603
0.708
1.365
1.374
1.47
1.239
1.479
1.409
1.519
1.329
1.316
0.866
1.375
1.518
1.452
1.268
1.434
1.366
0.819
0.944
0.637
1.399
0.607
1.386
1.286
1.525
1.409
1.363
1.308
1.507
1.431
1.484
1.297
0.81
1.413
1.31
0.765
0.867
0.873
1.467
0.826
1.423
1.338
0.852
0.757
1.283
0.856
0.873
0.066
1.328
0.102
0.125
1.272
1.306
1.368
0.732
1.41
1.319
1.492
0.821
0.804
0.357
1.349
1.495
1.44
0.759
1.348
1.342
0.303
0.489
0.063
1.319
0.0
1.359
0.768
1.514
1.395
0.881
0.797
1.411
1.345
1.371
1.276
0.209
1.322
1.223
0.161
0.348
0.365
1.455
0.328
0.91
1.31
0.351
0.256
1.189
0.412
0.351
1.082
1.398
2.168
1.381
1.486
2.144
2.152
2.248
2.017
2.257
2.187
2.298
2.107
2.094
1.644
2.153
2.296
2.231
2.046
2.213
2.145
1.597
1.723
1.415
2.177
1.386
2.164
2.064
2.303
2.187
2.141
2.087
2.286
2.21
2.262
2.075
1.588
2.192
2.088
1.544
1.646
1.652
2.246
1.605
2.201
2.117
1.631
1.535
2.061
1.635
1.651
1.389
1.229
1.379
1.476
1.363
1.249
1.459
2.004
1.313
1.375
0.133
2.091
2.081
1.641
0.012
0.141
0.186
2.033
1.373
0.026
1.596
1.698
1.404
1.325
1.359
0.0
2.054
0.249
0.146
2.109
2.073
1.461
1.371
1.511
0.104
1.568
1.383
1.307
1.494
1.644
1.648
0.194
1.601
2.187
0.054
1.626
1.534
1.323
1.612
1.65
0.982
1.297
2.068
1.281
1.386
2.043
2.052
2.148
1.917
2.157
2.087
2.197
2.007
1.994
1.544
2.053
2.196
2.13
1.946
2.112
2.045
1.497
1.622
1.315
2.077
1.286
2.064
1.964
2.203
2.087
2.041
1.986
2.185
2.11
2.162
1.975
1.488
2.091
1.988
1.444
1.545
1.551
2.145
1.504
2.101
2.017
1.53
1.435
1.961
1.534
1.551
0.713
1.581
0.706
0.645
1.443
1.546
1.496
0.059
1.629
1.488
2.187
0.064
0.042
0.423
2.043
2.18
2.097
0.036
1.523
2.033
0.474
0.362
0.708
1.517
0.768
2.054
0.0
2.164
2.058
0.17
0.038
1.546
1.522
1.467
1.959
0.606
1.488
1.422
0.719
0.425
0.415
2.112
0.461
0.142
2.009
0.435
0.534
1.375
0.444
0.421
1.221
1.537
2.307
1.52
1.625
2.283
2.291
2.387
2.156
2.396
2.326
2.437
2.246
2.233
1.783
2.292
2.435
2.37
2.185
2.352
2.284
1.736
1.862
1.554
2.316
1.525
2.303
2.203
2.442
2.326
2.28
2.226
2.425
2.349
2.401
2.214
1.727
2.331
2.227
1.683
1.785
1.791
2.385
1.744
2.34
2.256
1.77
1.674
2.2
1.774
1.79
1.536
1.138
1.52
1.624
1.293
1.164
1.379
2.111
1.211
1.297
0.22
2.196
2.187
1.764
0.251
0.165
0.078
2.14
1.289
0.245
1.724
1.803
1.552
1.243
1.514
0.249
2.164
0.0
0.129
2.202
2.18
1.372
1.287
1.435
0.268
1.723
1.305
1.243
1.659
1.77
1.771
0.064
1.724
2.291
0.296
1.749
1.662
1.267
1.72
1.777
1.105
1.42
2.191
1.404
1.509
2.166
2.175
2.271
2.04
2.28
2.21
2.32
2.13
2.117
1.667
2.176
2.319
2.253
2.069
2.235
2.168
1.62
1.745
1.438
2.2
1.409
2.187
2.087
2.326
2.21
2.164
2.109
2.308
2.233
2.285
2.098
1.611
2.214
2.111
1.567
1.668
1.674
2.268
1.627
2.224
2.14
1.653
1.558
2.084
1.657
1.674
1.418
1.12
1.404
1.506
1.264
1.143
1.356
2.006
1.2
1.273
0.189
2.092
2.083
1.654
0.143
0.149
0.051
2.035
1.268
0.132
1.612
1.698
1.434
1.221
1.395
0.146
2.058
0.129
0.0
2.103
2.075
1.354
1.266
1.41
0.14
1.603
1.28
1.21
1.537
1.659
1.661
0.065
1.613
2.187
0.181
1.638
1.549
1.23
1.615
1.665
1.059
1.375
2.145
1.359
1.463
2.121
2.129
2.225
1.994
2.234
2.164
2.275
2.084
2.071
1.621
2.13
2.273
2.208
2.023
2.19
2.122
1.574
1.7
1.392
2.154
1.363
2.141
2.041
2.28
2.164
2.118
2.064
2.263
2.187
2.239
2.052
1.565
2.169
2.065
1.521
1.623
1.629
2.223
1.582
2.178
2.094
1.608
1.512
2.038
1.612
1.628
0.821
1.532
0.806
0.763
1.381
1.495
1.423
0.166
1.57
1.424
2.241
0.11
0.131
0.524
2.098
2.23
2.139
0.151
1.459
2.087
0.578
0.419
0.819
1.459
0.881
2.109
0.17
2.202
2.103
0.0
0.133
1.472
1.458
1.389
2.012
0.742
1.423
1.367
0.854
0.533
0.516
2.153
0.556
0.139
2.067
0.532
0.631
1.319
0.507
0.53
1.004
1.32
2.091
1.304
1.408
2.066
2.074
2.171
1.94
2.179
2.109
2.22
2.029
2.016
1.566
2.076
2.218
2.153
1.968
2.135
2.067
1.519
1.645
1.337
2.099
1.308
2.087
1.986
2.226
2.109
2.064
2.009
2.208
2.132
2.184
1.997
1.511
2.114
2.011
1.466
1.568
1.574
2.168
1.527
2.124
2.039
1.553
1.457
1.983
1.557
1.573
0.742
1.577
0.732
0.675
1.436
1.542
1.486
0.07
1.623
1.481
2.206
0.027
0.007
0.448
2.062
2.198
2.114
0.04
1.516
2.052
0.501
0.377
0.736
1.511
0.797
2.073
0.038
2.18
2.075
0.133
0.0
1.536
1.514
1.457
1.978
0.64
1.48
1.417
0.752
0.452
0.44
2.128
0.485
0.115
2.029
0.459
0.559
1.369
0.461
0.449
1.203
1.519
2.29
1.503
1.607
2.265
2.273
2.37
2.139
2.379
2.308
2.419
2.228
2.215
1.765
2.275
2.417
2.352
2.168
2.334
2.266
1.718
1.844
1.536
2.299
1.507
2.286
2.185
2.425
2.308
2.263
2.208
2.407
2.331
2.383
2.196
1.71
2.313
2.21
1.665
1.767
1.773
2.367
1.726
2.323
2.238
1.752
1.656
2.183
1.756
1.772
1.371
0.234
1.329
1.425
0.142
0.212
0.05
1.489
0.173
0.102
1.543
1.535
1.541
1.356
1.451
1.5
1.355
1.51
0.09
1.435
1.358
1.268
1.391
0.138
1.411
1.461
1.546
1.372
1.354
1.472
1.536
0.0
0.093
0.096
1.367
1.523
0.096
0.201
1.554
1.376
1.357
1.362
1.33
1.607
1.454
1.34
1.325
0.225
1.24
1.383
1.128
1.443
2.214
1.427
1.532
2.189
2.198
2.294
2.063
2.303
2.233
2.343
2.153
2.14
1.69
2.199
2.342
2.276
2.092
2.258
2.19
1.643
1.768
1.461
2.223
1.431
2.21
2.11
2.349
2.233
2.187
2.132
2.331
2.255
2.308
2.121
1.634
2.237
2.134
1.589
1.691
1.697
2.291
1.65
2.247
2.162
1.676
1.581
2.107
1.68
1.697
1.308
0.152
1.267
1.366
0.08
0.123
0.093
1.464
0.122
0.034
1.455
1.515
1.52
1.31
1.36
1.412
1.268
1.486
0.003
1.345
1.309
1.23
1.328
0.046
1.345
1.371
1.522
1.287
1.266
1.458
1.514
0.093
0.0
0.152
1.276
1.466
0.036
0.122
1.492
1.329
1.312
1.275
1.282
1.591
1.363
1.294
1.273
0.159
1.196
1.336
1.18
1.496
2.266
1.479
1.584
2.241
2.25
2.346
2.115
2.355
2.285
2.395
2.205
2.192
1.742
2.251
2.394
2.329
2.144
2.311
2.243
1.695
1.82
1.513
2.275
1.484
2.262
2.162
2.401
2.285
2.239
2.184
2.383
2.308
2.36
2.173
1.686
2.29
2.186
1.642
1.743
1.749
2.344
1.702
2.299
2.215
1.728
1.633
2.159
1.732
1.749
1.329
0.303
1.286
1.378
0.151
0.273
0.06
1.412
0.26
0.138
1.599
1.455
1.461
1.296
1.501
1.557
1.414
1.431
0.15
1.485
1.301
1.201
1.348
0.193
1.371
1.511
1.467
1.435
1.41
1.389
1.457
0.096
0.152
0.0
1.415
1.473
0.13
0.212
1.51
1.316
1.296
1.422
1.271
1.525
1.502
1.28
1.271
0.215
1.178
1.323
0.993
1.309
2.079
1.292
1.397
2.054
2.063
2.159
1.928
2.168
2.098
2.208
2.018
2.005
1.555
2.064
2.207
2.142
1.957
2.123
2.056
1.508
1.633
1.326
2.088
1.297
2.075
1.975
2.214
2.098
2.052
1.997
2.196
2.121
2.173
1.986
1.499
2.103
1.999
1.455
1.556
1.562
2.156
1.515
2.112
2.028
1.541
1.446
1.972
1.545
1.562
1.303
1.136
1.291
1.391
1.265
1.155
1.364
1.908
1.222
1.279
0.23
1.996
1.985
1.549
0.093
0.221
0.191
1.938
1.278
0.079
1.505
1.602
1.318
1.23
1.276
0.104
1.959
0.268
0.14
2.012
1.978
1.367
1.276
1.415
0.0
1.485
1.287
1.208
1.415
1.553
1.556
0.205
1.508
2.091
0.088
1.534
1.442
1.223
1.517
1.558
0.506
0.822
1.592
0.805
0.91
1.568
1.576
1.672
1.441
1.681
1.611
1.722
1.531
1.518
1.068
1.577
1.72
1.655
1.47
1.637
1.569
1.021
1.147
0.839
1.601
0.81
1.588
1.488
1.727
1.611
1.565
1.511
1.71
1.634
1.686
1.499
1.012
1.616
1.512
0.968
1.07
1.076
1.67
1.029
1.625
1.541
1.055
0.959
1.485
1.058
1.075
0.193
1.467
0.222
0.109
1.39
1.441
1.478
0.581
1.543
1.437
1.701
0.666
0.646
0.257
1.558
1.704
1.649
0.605
1.469
1.551
0.215
0.41
0.174
1.444
0.209
1.568
0.606
1.723
1.603
0.742
0.64
1.523
1.466
1.473
1.485
0.0
1.44
1.346
0.112
0.238
0.263
1.664
0.251
0.747
1.518
0.261
0.214
1.308
0.362
0.236
1.11
1.425
2.196
1.409
1.514
2.171
2.179
2.276
2.045
2.285
2.215
2.325
2.135
2.121
1.671
2.181
2.323
2.258
2.074
2.24
2.172
1.624
1.75
1.442
2.205
1.413
2.192
2.091
2.331
2.214
2.169
2.114
2.313
2.237
2.29
2.103
1.616
2.219
2.116
1.571
1.673
1.679
2.273
1.632
2.229
2.144
1.658
1.562
2.089
1.662
1.679
1.284
0.177
1.242
1.34
0.05
0.144
0.077
1.431
0.157
0.008
1.469
1.481
1.485
1.28
1.372
1.427
1.284
1.452
0.037
1.357
1.28
1.198
1.304
0.064
1.322
1.383
1.488
1.305
1.28
1.423
1.48
0.096
0.036
0.13
1.287
1.44
0.0
0.105
1.467
1.3
1.282
1.292
1.253
1.556
1.374
1.264
1.245
0.133
1.166
1.307
1.006
1.322
2.092
1.306
1.41
2.068
2.076
2.172
1.941
2.181
2.111
2.222
2.031
2.018
1.568
2.078
2.22
2.155
1.97
2.137
2.069
1.521
1.647
1.339
2.101
1.31
2.088
1.988
2.227
2.111
2.065
2.011
2.21
2.134
2.186
1.999
1.512
2.116
2.013
1.468
1.57
1.576
2.17
1.529
2.126
2.041
1.555
1.459
1.985
1.559
1.575
1.187
0.171
1.146
1.246
0.062
0.132
0.173
1.364
0.207
0.099
1.399
1.419
1.422
1.195
1.296
1.358
1.217
1.387
0.125
1.28
1.193
1.12
1.207
0.099
1.223
1.307
1.422
1.243
1.21
1.367
1.417
0.201
0.122
0.212
1.208
1.346
0.105
0.0
1.37
1.214
1.197
1.226
1.166
1.497
1.295
1.179
1.155
0.048
1.084
1.221
0.462
0.777
1.548
0.761
0.866
1.523
1.532
1.628
1.397
1.637
1.567
1.677
1.487
1.474
1.024
1.533
1.676
1.61
1.426
1.592
1.524
0.977
1.102
0.795
1.557
0.765
1.544
1.444
1.683
1.567
1.521
1.466
1.665
1.589
1.642
1.455
0.968
1.571
1.468
0.923
1.025
1.031
1.625
0.984
1.581
1.496
1.01
0.914
1.441
1.014
1.031
0.183
1.481
0.225
0.14
1.417
1.458
1.51
0.693
1.561
1.464
1.626
0.778
0.759
0.358
1.484
1.632
1.584
0.717
1.494
1.478
0.31
0.509
0.163
1.467
0.161
1.494
0.719
1.659
1.537
0.854
0.752
1.554
1.492
1.51
1.415
0.112
1.467
1.37
0.0
0.341
0.365
1.599
0.345
0.858
1.443
0.36
0.292
1.334
0.452
0.34
0.563
0.879
1.65
0.863
0.967
1.625
1.633
1.73
1.499
1.738
1.668
1.779
1.588
1.575
1.125
1.635
1.777
1.712
1.527
1.694
1.626
1.078
1.204
0.896
1.658
0.867
1.646
1.545
1.785
1.668
1.623
1.568
1.767
1.691
1.743
1.556
1.07
1.673
1.57
1.025
1.127
1.133
1.727
1.086
1.683
1.598
1.112
1.016
1.542
1.116
1.132
0.29
1.351
0.28
0.231
1.25
1.322
1.328
0.385
1.418
1.298
1.777
0.476
0.46
0.022
1.633
1.774
1.7
0.413
1.331
1.624
0.049
0.173
0.286
1.313
0.348
1.644
0.425
1.77
1.659
0.533
0.452
1.376
1.329
1.316
1.553
0.238
1.3
1.214
0.341
0.0
0.025
1.715
0.051
0.566
1.597
0.036
0.111
1.171
0.143
0.007
0.569
0.885
1.655
0.869
0.973
1.631
1.639
1.735
1.505
1.744
1.674
1.785
1.594
1.581
1.131
1.641
1.783
1.718
1.533
1.7
1.632
1.084
1.21
0.902
1.664
0.873
1.652
1.551
1.791
1.674
1.629
1.574
1.773
1.697
1.749
1.562
1.076
1.679
1.576
1.031
1.133
1.139
1.733
1.092
1.689
1.604
1.118
1.022
1.548
1.122
1.138
0.305
1.336
0.292
0.251
1.233
1.306
1.309
0.373
1.401
1.28
1.781
0.463
0.448
0.008
1.637
1.777
1.702
0.401
1.314
1.628
0.062
0.148
0.303
1.296
0.365
1.648
0.415
1.771
1.661
0.516
0.44
1.357
1.312
1.296
1.556
0.263
1.282
1.197
0.365
0.025
0.0
1.716
0.048
0.555
1.602
0.023
0.119
1.154
0.121
0.03
1.164
1.479
2.25
1.463
1.567
2.225
2.233
2.33
2.099
2.339
2.269
2.379
2.188
2.175
1.725
2.235
2.377
2.312
2.128
2.294
2.226
1.678
1.804
1.496
2.259
1.467
2.246
2.145
2.385
2.268
2.223
2.168
2.367
2.291
2.344
2.156
1.67
2.273
2.17
1.625
1.727
1.733
2.327
1.686
2.283
2.198
1.712
1.616
2.143
1.716
1.732
1.478
1.128
1.463
1.566
1.278
1.152
1.367
2.059
1.205
1.284
0.195
2.144
2.135
1.71
0.194
0.143
0.015
2.088
1.278
0.186
1.668
1.751
1.494
1.231
1.455
0.194
2.112
0.064
0.065
2.153
2.128
1.362
1.275
1.422
0.205
1.664
1.292
1.226
1.599
1.715
1.716
0.0
1.669
2.24
0.237
1.694
1.606
1.248
1.668
1.721
0.522
0.838
1.608
0.822
0.926
1.584
1.592
1.688
1.457
1.697
1.627
1.738
1.547
1.534
1.084
1.594
1.736
1.671
1.486
1.653
1.585
1.037
1.163
0.855
1.617
0.826
1.605
1.504
1.744
1.627
1.582
1.527
1.726
1.65
1.702
1.515
1.029
1.632
1.529
0.984
1.086
1.092
1.686
1.045
1.642
1.557
1.071
0.975
1.501
1.075
1.091
0.266
1.302
0.25
0.221
1.203
1.273
1.283
0.417
1.37
1.251
1.734
0.507
0.493
0.041
1.589
1.729
1.654
0.445
1.284
1.58
0.036
0.166
0.266
1.265
0.328
1.601
0.461
1.724
1.613
0.556
0.485
1.33
1.282
1.271
1.508
0.251
1.253
1.166
0.345
0.051
0.048
1.669
0.0
0.6
1.554
0.026
0.075
1.124
0.112
0.058
1.119
1.435
2.205
1.419
1.523
2.181
2.189
2.285
2.054
2.294
2.224
2.335
2.144
2.131
1.681
2.19
2.333
2.268
2.083
2.25
2.182
1.634
1.76
1.452
2.214
1.423
2.201
2.101
2.34
2.224
2.178
2.124
2.323
2.247
2.299
2.112
1.625
2.229
2.126
1.581
1.683
1.689
2.283
1.642
2.238
2.154
1.668
1.572
2.098
1.672
1.688
0.855
1.661
0.847
0.786
1.513
1.625
1.558
0.184
1.702
1.557
2.319
0.096
0.107
0.563
2.175
2.311
2.226
0.155
1.592
2.165
0.615
0.489
0.849
1.59
0.91
2.187
0.142
2.291
2.187
0.139
0.115
1.607
1.591
1.525
2.091
0.747
1.556
1.497
0.858
0.566
0.555
2.24
0.6
0.0
2.143
0.574
0.674
1.449
0.575
0.563
1.035
1.35
2.121
1.334
1.439
2.096
2.105
2.201
1.97
2.21
2.14
2.25
2.06
2.047
1.597
2.106
2.249
2.183
1.999
2.165
2.098
1.55
1.675
1.368
2.13
1.338
2.117
2.017
2.256
2.14
2.094
2.039
2.238
2.162
2.215
2.028
1.541
2.144
2.041
1.496
1.598
1.604
2.198
1.557
2.154
2.07
1.583
1.488
2.014
1.587
1.604
1.34
1.224
1.331
1.427
1.352
1.242
1.451
1.959
1.31
1.366
0.183
2.047
2.036
1.595
0.047
0.195
0.227
1.988
1.366
0.051
1.549
1.654
1.354
1.317
1.31
0.054
2.009
0.296
0.181
2.067
2.029
1.454
1.363
1.502
0.088
1.518
1.374
1.295
1.443
1.597
1.602
0.237
1.554
2.143
0.0
1.58
1.487
1.309
1.568
1.603
0.548
0.864
1.635
0.848
0.952
1.61
1.618
1.715
1.484
1.723
1.653
1.764
1.573
1.56
1.11
1.62
1.762
1.697
1.512
1.679
1.611
1.063
1.189
0.881
1.643
0.852
1.631
1.53
1.77
1.653
1.608
1.553
1.752
1.676
1.728
1.541
1.055
1.658
1.555
1.01
1.112
1.118
1.712
1.071
1.668
1.583
1.097
1.001
1.527
1.101
1.117
0.29
1.316
0.275
0.241
1.215
1.287
1.292
0.391
1.383
1.262
1.76
0.482
0.467
0.018
1.615
1.755
1.679
0.42
1.296
1.606
0.051
0.15
0.288
1.278
0.351
1.626
0.435
1.749
1.638
0.532
0.459
1.34
1.294
1.28
1.534
0.261
1.264
1.179
0.36
0.036
0.023
1.694
0.026
0.574
1.58
0.0
0.1
1.136
0.109
0.043
0.453
0.768
1.539
0.752
0.857
1.514
1.523
1.619
1.388
1.628
1.558
1.668
1.478
1.465
1.015
1.524
1.667
1.601
1.417
1.583
1.516
0.968
1.093
0.786
1.548
0.757
1.535
1.435
1.674
1.558
1.512
1.457
1.656
1.581
1.633
1.446
0.959
1.562
1.459
0.914
1.016
1.022
1.616
0.975
1.572
1.488
1.001
0.906
1.432
1.005
1.022
0.192
1.284
0.175
0.158
1.195
1.257
1.279
0.491
1.355
1.243
1.667
0.581
0.566
0.111
1.523
1.663
1.591
0.519
1.275
1.514
0.062
0.233
0.193
1.254
0.256
1.534
0.534
1.662
1.549
0.631
0.559
1.325
1.273
1.271
1.442
0.214
1.245
1.155
0.292
0.111
0.119
1.606
0.075
0.674
1.487
0.1
0.0
1.114
0.162
0.116
0.979
1.295
2.065
1.278
1.383
2.04
2.049
2.145
1.914
2.154
2.084
2.194
2.004
1.991
1.541
2.05
2.193
2.128
1.943
2.11
2.042
1.494
1.62
1.312
2.074
1.283
2.061
1.961
2.2
2.084
2.038
1.983
2.183
2.107
2.159
1.972
1.485
2.089
1.985
1.441
1.542
1.548
2.143
1.501
2.098
2.014
1.527
1.432
1.958
1.531
1.548
1.151
0.218
1.109
1.208
0.083
0.18
0.188
1.317
0.254
0.13
1.418
1.371
1.374
1.152
1.312
1.379
1.239
1.339
0.161
1.297
1.151
1.075
1.171
0.144
1.189
1.323
1.375
1.267
1.23
1.319
1.369
0.225
0.159
0.215
1.223
1.308
0.133
0.048
1.334
1.171
1.154
1.248
1.124
1.449
1.309
1.136
1.114
0.0
1.04
1.178
0.552
0.868
1.638
0.852
0.956
1.614
1.622
1.718
1.487
1.727
1.657
1.768
1.577
1.564
1.114
1.624
1.766
1.701
1.516
1.683
1.615
1.067
1.193
0.885
1.647
0.856
1.635
1.534
1.774
1.657
1.612
1.557
1.756
1.68
1.732
1.545
1.058
1.662
1.559
1.014
1.116
1.122
1.716
1.075
1.672
1.587
1.101
1.005
1.531
1.105
1.121
0.346
1.226
0.32
0.32
1.117
1.195
1.192
0.392
1.289
1.165
1.745
0.479
0.469
0.122
1.601
1.737
1.653
0.421
1.198
1.591
0.148
0.088
0.351
1.182
0.412
1.612
0.444
1.72
1.615
0.507
0.461
1.24
1.196
1.178
1.517
0.362
1.166
1.084
0.452
0.143
0.121
1.668
0.112
0.575
1.568
0.109
0.162
1.04
0.0
0.149
0.569
0.885
1.655
0.868
0.973
1.63
1.639
1.735
1.504
1.744
1.674
1.784
1.594
1.581
1.131
1.64
1.783
1.718
1.533
1.699
1.632
1.084
1.209
0.902
1.664
0.873
1.651
1.551
1.79
1.674
1.628
1.573
1.772
1.697
1.749
1.562
1.075
1.679
1.575
1.031
1.132
1.138
1.732
1.091
1.688
1.604
1.117
1.022
1.548
1.121
1.138
0.293
1.359
0.284
0.233
1.257
1.329
1.335
0.382
1.425
1.305
1.783
0.472
0.456
0.028
1.639
1.779
1.707
0.41
1.338
1.63
0.054
0.176
0.289
1.32
0.351
1.65
0.421
1.777
1.665
0.53
0.449
1.383
1.336
1.323
1.558
0.236
1.307
1.221
0.34
0.007
0.03
1.721
0.058
0.563
1.603
0.043
0.116
1.178
0.149
0.0
0.316
1000.0
1.402
0.615
0.72
1.377
1.386
1.482
1.251
1.491
1.421
1.531
1.341
1.328
0.878
1.387
1.529
1.464
1.28
1.446
1.378
0.831
0.956
0.648
1.411
0.619
1.398
1.297
1.537
1.42
1.375
1.32
1.519
1.443
1.496
1.309
0.822
1.425
1.322
0.777
0.879
0.885
1.479
0.838
1.435
1.35
0.864
0.768
1.295
0.868
0.885
0.631
1.402
0.615
0.72
1.377
1.386
1.482
1.251
1.491
1.421
1.531
1.341
1.328
0.878
1.387
1.529
1.464
1.28
1.446
1.378
0.831
0.956
0.648
1.411
0.619
1.398
1.297
1.537
1.42
1.375
1.32
1.519
1.443
1.496
1.309
0.822
1.425
1.322
0.777
0.879
0.885
1.479
0.838
1.435
1.35
0.864
0.768
1.295
0.868
0.885
1.086
1.402
1000.0
1.385
1.49
2.148
2.156
2.252
2.021
2.261
2.191
2.302
2.111
2.098
1.648
2.157
2.3
2.235
2.05
2.217
2.149
1.601
1.727
1.419
2.181
1.39
2.168
2.068
2.307
2.191
2.145
2.091
2.29
2.214
2.266
2.079
1.592
2.196
2.092
1.548
1.65
1.655
2.25
1.608
2.205
2.121
1.635
1.539
2.065
1.638
1.655
1.402
2.172
1.385
1.49
2.148
2.156
2.252
2.021
2.261
2.191
2.302
2.111
2.098
1.648
2.157
2.3
2.235
2.05
2.217
2.149
1.601
1.727
1.419
2.181
1.39
2.168
2.068
2.307
2.191
2.145
2.091
2.29
2.214
2.266
2.079
1.592
2.196
2.092
1.548
1.65
1.655
2.25
1.608
2.205
2.121
1.635
1.539
2.065
1.638
1.655
0.299
0.615
1.385
1000.0
0.703
1.361
1.369
1.465
1.234
1.474
1.404
1.515
1.324
1.311
0.861
1.371
1.513
1.448
1.263
1.43
1.362
0.814
0.94
0.632
1.394
0.603
1.381
1.281
1.52
1.404
1.359
1.304
1.503
1.427
1.479
1.292
0.805
1.409
1.306
0.761
0.863
0.869
1.463
0.822
1.419
1.334
0.848
0.752
1.278
0.852
0.868
0.615
1.385
0.599
0.703
1.361
1.369
1.465
1.234
1.474
1.404
1.515
1.324
1.311
0.861
1.371
1.513
1.448
1.263
1.43
1.362
0.814
0.94
0.632
1.394
0.603
1.381
1.281
1.52
1.404
1.359
1.304
1.503
1.427
1.479
1.292
0.805
1.409
1.306
0.761
0.863
0.869
1.463
0.822
1.419
1.334
0.848
0.752
1.278
0.852
0.868
0.404
0.72
1.49
0.703
1000.0
1.465
1.474
1.57
1.339
1.579
1.509
1.619
1.429
1.416
0.966
1.475
1.618
1.552
1.368
1.534
1.467
0.919
1.044
0.737
1.499
0.708
1.486
1.386
1.625
1.509
1.463
1.408
1.607
1.532
1.584
1.397
0.91
1.514
1.41
0.866
0.967
0.973
1.567
0.926
1.523
1.439
0.952
0.857
1.383
0.956
0.973
0.72
1.49
0.703
0.808
1.465
1.474
1.57
1.339
1.579
1.509
1.619
1.429
1.416
0.966
1.475
1.618
1.552
1.368
1.534
1.467
0.919
1.044
0.737
1.499
0.708
1.486
1.386
1.625
1.509
1.463
1.408
1.607
1.532
1.584
1.397
0.91
1.514
1.41
0.866
0.967
0.973
1.567
0.926
1.523
1.439
0.952
0.857
1.383
0.956
0.973
1.061
1.377
2.148
1.361
1.465
1000.0
2.131
2.228
1.997
2.236
2.166
2.277
2.086
2.073
1.623
2.133
2.275
2.21
2.025
2.192
2.124
1.576
1.702
1.394
2.156
1.365
2.144
2.043
2.283
2.166
2.121
2.066
2.265
2.189
2.241
2.054
1.568
2.171
2.068
1.523
1.625
1.631
2.225
1.584
2.181
2.096
1.61
1.514
2.04
1.614
1.63
1.377
2.148
1.361
1.465
2.123
2.131
2.228
1.997
2.236
2.166
2.277
2.086
2.073
1.623
2.133
2.275
2.21
2.025
2.192
2.124
1.576
1.702
1.394
2.156
1.365
2.144
2.043
2.283
2.166
2.121
2.066
2.265
2.189
2.241
2.054
1.568
2.171
2.068
1.523
1.625
1.631
2.225
1.584
2.181
2.096
1.61
1.514
2.04
1.614
1.63
1.07
1.386
2.156
1.369
1.474
2.131
1000.0
2.236
2.005
2.245
2.175
2.285
2.095
2.082
1.632
2.141
2.284
2.218
2.034
2.2
2.133
1.585
1.71
1.403
2.165
1.374
2.152
2.052
2.291
2.175
2.129
2.074
2.273
2.198
2.25
2.063
1.576
2.179
2.076
1.532
1.633
1.639
2.233
1.592
2.189
2.105
1.618
1.523
2.049
1.622
1.639
1.386
2.156
1.369
1.474
2.131
2.14
2.236
2.005
2.245
2.175
2.285
2.095
2.082
1.632
2.141
2.284
2.218
2.034
2.2
2.133
1.585
1.71
1.403
2.165
1.374
2.152
2.052
2.291
2.175
2.129
2.074
2.273
2.198
2.25
2.063
1.576
2.179
2.076
1.532
1.633
1.639
2.233
1.592
2.189
2.105
1.618
1.523
2.049
1.622
1.639
1.166
1.482
2.252
1.465
1.57
2.228
2.236
1000.0
2.101
2.341
2.271
2.382
2.191
2.178
1.728
2.237
2.38
2.315
2.13
2.297
2.229
1.681
1.807
1.499
2.261
1.47
2.248
2.148
2.387
2.271
2.225
2.171
2.37
2.294
2.346
2.159
1.672
2.276
2.172
1.628
1.73
1.735
2.33
1.688
2.285
2.201
1.715
1.619
2.145
1.718
1.735
1.482
2.252
1.465
1.57
2.228
2.236
2.332
2.101
2.341
2.271
2.382
2.191
2.178
1.728
2.237
2.38
2.315
2.13
2.297
2.229
1.681
1.807
1.499
2.261
1.47
2.248
2.148
2.387
2.271
2.225
2.171
2.37
2.294
2.346
2.159
1.672
2.276
2.172
1.628
1.73
1.735
2.33
1.688
2.285
2.201
1.715
1.619
2.145
1.718
1.735
0.935
1.251
2.021
1.234
1.339
1.997
2.005
2.101
1000.0
2.11
2.04
2.151
1.96
1.947
1.497
2.006
2.149
2.084
1.899
2.066
1.998
1.45
1.576
1.268
2.03
1.239
2.017
1.917
2.156
2.04
1.994
1.94
2.139
2.063
2.115
1.928
1.441
2.045
1.941
1.397
1.499
1.505
2.099
1.457
2.054
1.97
1.484
1.388
1.914
1.487
1.504
1.251
2.021
1.234
1.339
1.997
2.005
2.101
1.87
2.11
2.04
2.151
1.96
1.947
1.497
2.006
2.149
2.084
1.899
2.066
1.998
1.45
1.576
1.268
2.03
1.239
2.017
1.917
2.156
2.04
1.994
1.94
2.139
2.063
2.115
1.928
1.441
2.045
1.941
1.397
1.499
1.505
2.099
1.457
2.054
1.97
1.484
1.388
1.914
1.487
1.504
1.175
1.491
2.261
1.474
1.579
2.236
2.245
2.341
2.11
1000.0
2.28
2.39
2.2
2.187
1.737
2.246
2.389
2.324
2.139
2.306
2.238
1.69
1.816
1.508
2.27
1.479
2.257
2.157
2.396
2.28
2.234
2.179
2.379
2.303
2.355
2.168
1.681
2.285
2.181
1.637
1.738
1.744
2.339
1.697
2.294
2.21
1.723
1.628
2.154
1.727
1.744
1.491
2.261
1.474
1.579
2.236
2.245
2.341
2.11
2.35
2.28
2.39
2.2
2.187
1.737
2.246
2.389
2.324
2.139
2.306
2.238
1.69
1.816
1.508
2.27
1.479
2.257
2.157
2.396
2.28
2.234
2.179
2.379
2.303
2.355
2.168
1.681
2.285
2.181
1.637
1.738
1.744
2.339
1.697
2.294
2.21
1.723
1.628
2.154
1.727
1.744
1.105
1.421
2.191
1.404
1.509
2.166
2.175
2.271
2.04
2.28
1000.0
2.32
2.13
2.117
1.667
2.176
2.319
2.254
2.069
2.236
2.168
1.62
1.745
1.438
2.2
1.409
2.187
2.087
2.326
2.21
2.164
2.109
2.308
2.233
2.285
2.098
1.611
2.215
2.111
1.567
1.668
1.674
2.269
1.627
2.224
2.14
1.653
1.558
2.084
1.657
1.674
1.421
2.191
1.404
1.509
2.166
2.175
2.271
2.04
2.28
2.21
2.32
2.13
2.117
1.667
2.176
2.319
2.254
2.069
2.236
2.168
1.62
1.745
1.438
2.2
1.409
2.187
2.087
2.326
2.21
2.164
2.109
2.308
2.233
2.285
2.098
1.611
2.215
2.111
1.567
1.668
1.674
2.269
1.627
2.224
2.14
1.653
1.558
2.084
1.657
1.674
1.215
1.531
2.302
1.515
1.619
2.277
2.285
2.382
2.151
2.39
2.32
1000.0
2.24
2.227
1.777
2.287
2.429
2.364
2.179
2.346
2.278
1.73
1.856
1.548
2.31
1.519
2.298
2.197
2.437
2.32
2.275
2.22
2.419
2.343
2.395
2.208
1.722
2.325
2.222
1.677
1.779
1.785
2.379
1.738
2.335
2.25
1.764
1.668
2.194
1.768
1.784
1.531
2.302
1.515
1.619
2.277
2.285
2.382
2.151
2.39
2.32
2.431
2.24
2.227
1.777
2.287
2.429
2.364
2.179
2.346
2.278
1.73
1.856
1.548
2.31
1.519
2.298
2.197
2.437
2.32
2.275
2.22
2.419
2.343
2.395
2.208
1.722
2.325
2.222
1.677
1.779
1.785
2.379
1.738
2.335
2.25
1.764
1.668
2.194
1.768
1.784
1.025
1.341
2.111
1.324
1.429
2.086
2.095
2.191
1.96
2.2
2.13
2.24
1000.0
2.037
1.587
2.096
2.239
2.174
1.989
2.155
2.088
1.54
1.665
1.358
2.12
1.329
2.107
2.007
2.246
2.13
2.084
2.029
2.228
2.153
2.205
2.018
1.531
2.135
2.031
1.487
1.588
1.594
2.188
1.547
2.144
2.06
1.573
1.478
2.004
1.577
1.594
1.341
2.111
1.324
1.429
2.086
2.095
2.191
1.96
2.2
2.13
2.24
2.05
2.037
1.587
2.096
2.239
2.174
1.989
2.155
2.088
1.54
1.665
1.358
2.12
1.329
2.107
2.007
2.246
2.13
2.084
2.029
2.228
2.153
2.205
2.018
1.531
2.135
2.031
1.487
1.588
1.594
2.188
1.547
2.144
2.06
1.573
1.478
2.004
1.577
1.594
1.012
1.328
2.098
1.311
1.416
2.073
2.082
2.178
1.947
2.187
2.117
2.227
2.037
1000.0
1.574
2.083
2.226
2.16
1.976
2.142
2.075
1.527
1.652
1.345
2.107
1.316
2.094
1.994
2.233
2.117
2.071
2.016
2.215
2.14
2.192
2.005
1.518
2.121
2.018
1.474
1.575
1.581
2.175
1.534
2.131
2.047
1.56
1.465
1.991
1.564
1.581
1.328
2.098
1.311
1.416
2.073
2.082
2.178
1.947
2.187
2.117
2.227
2.037
2.024
1.574
2.083
2.226
2.16
1.976
2.142
2.075
1.527
1.652
1.345
2.107
1.316
2.094
1.994
2.233
2.117
2.071
2.016
2.215
2.14
2.192
2.005
1.518
2.121
2.018
1.474
1.575
1.581
2.175
1.534
2.131
2.047
1.56
1.465
1.991
1.564
1.581
0.562
0.878
1.648
0.861
0.966
1.623
1.632
1.728
1.497
1.737
1.667
1.777
1.587
1.574
1000.0
1.633
1.776
1.71
1.526
1.692
1.625
1.077
1.202
0.895
1.657
0.866
1.644
1.544
1.783
1.667
1.621
1.566
1.765
1.69
1.742
1.555
1.068
1.671
1.568
1.024
1.125
1.131
1.725
1.084
1.681
1.597
1.11
1.015
1.541
1.114
1.131
0.878
1.648
0.861
0.966
1.623
1.632
1.728
1.497
1.737
1.667
1.777
1.587
1.574
1.124
1.633
1.776
1.71
1.526
1.692
1.625
1.077
1.202
0.895
1.657
0.866
1.644
1.544
1.783
1.667
1.621
1.566
1.765
1.69
1.742
1.555
1.068
1.671
1.568
1.024
1.125
1.131
1.725
1.084
1.681
1.597
1.11
1.015
1.541
1.114
1.131
1.071
1.387
2.157
1.371
1.475
2.133
2.141
2.237
2.006
2.246
2.176
2.287
2.096
2.083
1.633
1000.0
2.285
2.22
2.035
2.202
2.134
1.586
1.712
1.404
2.166
1.375
2.153
2.053
2.292
2.176
2.13
2.076
2.275
2.199
2.251
2.064
1.577
2.181
2.078
1.533
1.635
1.641
2.235
1.594
2.19
2.106
1.62
1.524
2.05
1.624
1.64
1.387
2.157
1.371
1.475
2.133
2.141
2.237
2.006
2.246
2.176
2.287
2.096
2.083
1.633
2.143
2.285
2.22
2.035
2.202
2.134
1.586
1.712
1.404
2.166
1.375
2.153
2.053
2.292
2.176
2.13
2.076
2.275
2.199
2.251
2.064
1.577
2.181
2.078
1.533
1.635
1.641
2.235
1.594
2.19
2.106
1.62
1.524
2.05
1.624
1.64
1.214
1.529
2.3
1.513
1.618
2.275
2.284
2.38
2.149
2.389
2.319
2.429
2.239
2.226
1.776
2.285
1000.0
2.362
2.178
2.344
2.277
1.729
1.854
1.547
2.309
1.518
2.296
2.196
2.435
2.319
2.273
2.218
2.417
2.342
2.394
2.207
1.72
2.323
2.22
1.676
1.777
1.783
2.377
1.736
2.333
2.249
1.762
1.667
2.193
1.766
1.783
1.529
2.3
1.513
1.618
2.275
2.284
2.38
2.149
2.389
2.319
2.429
2.239
2.226
1.776
2.285
2.428
2.362
2.178
2.344
2.277
1.729
1.854
1.547
2.309
1.518
2.296
2.196
2.435
2.319
2.273
2.218
2.417
2.342
2.394
2.207
1.72
2.323
2.22
1.676
1.777
1.783
2.377
1.736
2.333
2.249
1.762
1.667
2.193
1.766
1.783
1.149
1.464
2.235
1.448
1.552
2.21
2.218
2.315
2.084
2.324
2.254
2.364
2.174
2.16
1.71
2.22
2.362
1000.0
2.113
2.279
2.211
1.663
1.789
1.481
2.244
1.452
2.231
2.13
2.37
2.253
2.208
2.153
2.352
2.276
2.329
2.142
1.655
2.258
2.155
1.61
1.712
1.718
2.312
1.671
2.268
2.183
1.697
1.601
2.128
1.701
1.718
1.464
2.235
1.448
1.552
2.21
2.218
2.315
2.084
2.324
2.254
2.364
2.174
2.16
1.71
2.22
2.362
2.297
2.113
2.279
2.211
1.663
1.789
1.481
2.244
1.452
2.231
2.13
2.37
2.253
2.208
2.153
2.352
2.276
2.329
2.142
1.655
2.258
2.155
1.61
1.712
1.718
2.312
1.671
2.268
2.183
1.697
1.601
2.128
1.701
1.718
0.964
1.28
2.05
1.263
1.368
2.025
2.034
2.13
1.899
2.139
2.069
2.179
1.989
1.976
1.526
2.035
2.178
2.113
1000.0
2.095
2.027
1.479
1.605
1.297
2.059
1.268
2.046
1.946
2.185
2.069
2.023
1.968
2.168
2.092
2.144
1.957
1.47
2.074
1.97
1.426
1.527
1.533
2.128
1.486
2.083
1.999
1.512
1.417
1.943
1.516
1.533
1.28
2.05
1.263
1.368
2.025
2.034
2.13
1.899
2.139
2.069
2.179
1.989
1.976
1.526
2.035
2.178
2.113
1.928
2.095
2.027
1.479
1.605
1.297
2.059
1.268
2.046
1.946
2.185
2.069
2.023
1.968
2.168
2.092
2.144
1.957
1.47
2.074
1.97
1.426
1.527
1.533
2.128
1.486
2.083
1.999
1.512
1.417
1.943
1.516
1.533
1.131
1.446
2.217
1.43
1.534
2.192
2.2
2.297
2.066
2.306
2.236
2.346
2.155
2.142
1.692
2.202
2.344
2.279
2.095
1000.0
2.193
1.645
1.771
1.463
2.226
1.434
2.213
2.112
2.352
2.235
2.19
2.135
2.334
2.258
2.311
2.123
1.637
2.24
2.137
1.592
1.694
1.7
2.294
1.653
2.25
2.165
1.679
1.583
2.11
1.683
1.699
1.446
2.217
1.43
1.534
2.192
2.2
2.297
2.066
2.306
2.236
2.346
2.155
2.142
1.692
2.202
2.344
2.279
2.095
2.261
2.193
1.645
1.771
1.463
2.226
1.434
2.213
2.112
2.352
2.235
2.19
2.135
2.334
2.258
2.311
2.123
1.637
2.24
2.137
1.592
1.694
1.7
2.294
1.653
2.25
2.165
1.679
1.583
2.11
1.683
1.699
1.063
1.378
2.149
1.362
1.467
2.124
2.133
2.229
1.998
2.238
2.168
2.278
2.088
2.075
1.625
2.134
2.277
2.211
2.027
2.193
1000.0
1.578
1.703
1.396
2.158
1.366
2.145
2.045
2.284
2.168
2.122
2.067
2.266
2.19
2.243
2.056
1.569
2.172
2.069
1.524
1.626
1.632
2.226
1.585
2.182
2.098
1.611
1.516
2.042
1.615
1.632
1.378
2.149
1.362
1.467
2.124
2.133
2.229
1.998
2.238
2.168
2.278
2.088
2.075
1.625
2.134
2.277
2.211
2.027
2.193
2.126
1.578
1.703
1.396
2.158
1.366
2.145
2.045
2.284
2.168
2.122
2.067
2.266
2.19
2.243
2.056
1.569
2.172
2.069
1.524
1.626
1.632
2.226
1.585
2.182
2.098
1.611
1.516
2.042
1.615
1.632
0.515
0.831
1.601
0.814
0.919
1.576
1.585
1.681
1.45
1.69
1.62
1.73
1.54
1.527
1.077
1.586
1.729
1.663
1.479
1.645
1.578
1000.0
1.155
0.848
1.61
0.819
1.597
1.497
1.736
1.62
1.574
1.519
1.718
1.643
1.695
1.508
1.021
1.624
1.521
0.977
1.078
1.084
1.678
1.037
1.634
1.55
1.063
0.968
1.494
1.067
1.084
0.831
1.601
0.814
0.919
1.576
1.585
1.681
1.45
1.69
1.62
1.73
1.54
1.527
1.077
1.586
1.729
1.663
1.479
1.645
1.578
1.03
1.155
0.848
1.61
0.819
1.597
1.497
1.736
1.62
1.574
1.519
1.718
1.643
1.695
1.508
1.021
1.624
1.521
0.977
1.078
1.084
1.678
1.037
1.634
1.55
1.063
0.968
1.494
1.067
1.084
0.64
0.956
1.727
0.94
1.044
1.702
1.71
1.807
1.576
1.816
1.745
1.856
1.665
1.652
1.202
1.712
1.854
1.789
1.605
1.771
1.703
1.155
1000.0
0.973
1.735
0.944
1.723
1.622
1.862
1.745
1.7
1.645
1.844
1.768
1.82
1.633
1.147
1.75
1.647
1.102
1.204
1.21
1.804
1.163
1.76
1.675
1.189
1.093
1.62
1.193
1.209
0.956
1.727
0.94
1.044
1.702
1.71
1.807
1.576
1.816
1.745
1.856
1.665
1.652
1.202
1.712
1.854
1.789
1.605
1.771
1.703
1.155
1.281
0.973
1.735
0.944
1.723
1.622
1.862
1.745
1.7
1.645
1.844
1.768
1.82
1.633
1.147
1.75
1.647
1.102
1.204
1.21
1.804
1.163
1.76
1.675
1.189
1.093
1.62
1.193
1.209
0.333
0.648
1.419
0.632
0.737
1.394
1.403
1.499
1.268
1.508
1.438
1.548
1.358
1.345
0.895
1.404
1.547
1.481
1.297
1.463
1.396
0.848
0.973
1000.0
1.428
0.637
1.415
1.315
1.554
1.438
1.392
1.337
1.536
1.461
1.513
1.326
0.839
1.442
1.339
0.795
0.896
0.902
1.496
0.855
1.452
1.368
0.881
0.786
1.312
0.885
0.902
0.648
1.419
0.632
0.737
1.394
1.403
1.499
1.268
1.508
1.438
1.548
1.358
1.345
0.895
1.404
1.547
1.481
1.297
1.463
1.396
0.848
0.973
0.666
1.428
0.637
1.415
1.315
1.554
1.438
1.392
1.337
1.536
1.461
1.513
1.326
0.839
1.442
1.339
0.795
0.896
0.902
1.496
0.855
1.452
1.368
0.881
0.786
1.312
0.885
0.902
1.095
1.411
2.181
1.394
1.499
2.156
2.165
2.261
2.03
2.27
2.2
2.31
2.12
2.107
1.657
2.166
2.309
2.244
2.059
2.226
2.158
1.61
1.735
1.428
1000.0
1.399
2.177
2.077
2.316
2.2
2.154
2.099
2.299
2.223
2.275
2.088
1.601
2.205
2.101
1.557
1.658
1.664
2.259
1.617
2.214
2.13
1.643
1.548
2.074
1.647
1.664
1.411
2.181
1.394
1.499
2.156
2.165
2.261
2.03
2.27
2.2
2.31
2.12
2.107
1.657
2.166
2.309
2.244
2.059
2.226
2.158
1.61
1.735
1.428
2.19
1.399
2.177
2.077
2.316
2.2
2.154
2.099
2.299
2.223
2.275
2.088
1.601
2.205
2.101
1.557
1.658
1.664
2.259
1.617
2.214
2.13
1.643
1.548
2.074
1.647
1.664
0.304
0.619
1.39
0.603
0.708
1.365
1.374
1.47
1.239
1.479
1.409
1.519
1.329
1.316
0.866
1.375
1.518
1.452
1.268
1.434
1.366
0.819
0.944
0.637
1.399
1000.0
1.386
1.286
1.525
1.409
1.363
1.308
1.507
1.431
1.484
1.297
0.81
1.413
1.31
0.765
0.867
0.873
1.467
0.826
1.423
1.338
0.852
0.757
1.283
0.856
0.873
0.619
1.39
0.603
0.708
1.365
1.374
1.47
1.239
1.479
1.409
1.519
1.329
1.316
0.866
1.375
1.518
1.452
1.268
1.434
1.366
0.819
0.944
0.637
1.399
0.607
1.386
1.286
1.525
1.409
1.363
1.308
1.507
1.431
1.484
1.297
0.81
1.413
1.31
0.765
0.867
0.873
1.467
0.826
1.423
1.338
0.852
0.757
1.283
0.856
0.873
1.082
1.389
1.229
1.379
1.476
1.363
1.249
1.459
2.004
1.313
1.375
0.133
2.091
2.081
1.641
0.012
0.141
0.186
2.033
1.373
0.026
1.596
1.698
1.404
1.325
1.359
1000.0
2.064
2.303
2.187
2.141
2.087
2.286
2.21
2.262
2.075
1.588
2.192
2.088
1.544
1.646
1.652
2.246
1.605
2.201
2.117
1.631
1.535
2.061
1.635
1.651
1.398
2.168
1.381
1.486
2.144
2.152
2.248
2.017
2.257
2.187
2.298
2.107
2.094
1.644
2.153
2.296
2.231
2.046
2.213
2.145
1.597
1.723
1.415
2.177
1.386
2.164
2.064
2.303
2.187
2.141
2.087
2.286
2.21
2.262
2.075
1.588
2.192
2.088
1.544
1.646
1.652
2.246
1.605
2.201
2.117
1.631
1.535
2.061
1.635
1.651
0.982
0.713
1.581
0.706
0.645
1.443
1.546
1.496
0.059
1.629
1.488
2.187
0.064
0.042
0.423
2.043
2.18
2.097
0.036
1.523
2.033
0.474
0.362
0.708
1.517
0.768
2.064
1000.0
2.203
2.087
2.041
1.986
2.185
2.11
2.162
1.975
1.488
2.091
1.988
1.444
1.545
1.551
2.145
1.504
2.101
2.017
1.53
1.435
1.961
1.534
1.551
1.297
2.068
1.281
1.386
2.043
2.052
2.148
1.917
2.157
2.087
2.197
2.007
1.994
1.544
2.053
2.196
2.13
1.946
2.112
2.045
1.497
1.622
1.315
2.077
1.286
2.064
1.964
2.203
2.087
2.041
1.986
2.185
2.11
2.162
1.975
1.488
2.091
1.988
1.444
1.545
1.551
2.145
1.504
2.101
2.017
1.53
1.435
1.961
1.534
1.551
1.221
1.536
1.138
1.52
1.624
1.293
1.164
1.379
2.111
1.211
1.297
0.22
2.196
2.187
1.764
0.251
0.165
0.078
2.14
1.289
0.245
1.724
1.803
1.552
1.243
1.514
2.303
2.203
1000.0
2.326
2.28
2.226
2.425
2.349
2.401
2.214
1.727
2.331
2.227
1.683
1.785
1.791
2.385
1.744
2.34
2.256
1.77
1.674
2.2
1.774
1.79
1.537
2.307
1.52
1.625
2.283
2.291
2.387
2.156
2.396
2.326
2.437
2.246
2.233
1.783
2.292
2.435
2.37
2.185
2.352
2.284
1.736
1.862
1.554
2.316
1.525
2.303
2.203
2.442
2.326
2.28
2.226
2.425
2.349
2.401
2.214
1.727
2.331
2.227
1.683
1.785
1.791
2.385
1.744
2.34
2.256
1.77
1.674
2.2
1.774
1.79
1.105
1.418
1.12
1.404
1.506
1.264
1.143
1.356
2.006
1.2
1.273
0.189
2.092
2.083
1.654
0.143
0.149
0.051
2.035
1.268
0.132
1.612
1.698
1.434
1.221
1.395
2.187
2.087
2.326
1000.0
2.164
2.109
2.308
2.233
2.285
2.098
1.611
2.214
2.111
1.567
1.668
1.674
2.268
1.627
2.224
2.14
1.653
1.558
2.084
1.657
1.674
1.42
2.191
1.404
1.509
2.166
2.175
2.271
2.04
2.28
2.21
2.32
2.13
2.117
1.667
2.176
2.319
2.253
2.069
2.235
2.168
1.62
1.745
1.438
2.2
1.409
2.187
2.087
2.326
2.21
2.164
2.109
2.308
2.233
2.285
2.098
1.611
2.214
2.111
1.567
1.668
1.674
2.268
1.627
2.224
2.14
1.653
1.558
2.084
1.657
1.674
1.059
0.821
1.532
0.806
0.763
1.381
1.495
1.423
0.166
1.57
1.424
2.241
0.11
0.131
0.524
2.098
2.23
2.139
0.151
1.459
2.087
0.578
0.419
0.819
1.459
0.881
2.141
2.041
2.28
2.164
1000.0
2.064
2.263
2.187
2.239
2.052
1.565
2.169
2.065
1.521
1.623
1.629
2.223
1.582
2.178
2.094
1.608
1.512
2.038
1.612
1.628
1.375
2.145
1.359
1.463
2.121
2.129
2.225
1.994
2.234
2.164
2.275
2.084
2.071
1.621
2.13
2.273
2.208
2.023
2.19
2.122
1.574
1.7
1.392
2.154
1.363
2.141
2.041
2.28
2.164
2.118
2.064
2.263
2.187
2.239
2.052
1.565
2.169
2.065
1.521
1.623
1.629
2.223
1.582
2.178
2.094
1.608
1.512
2.038
1.612
1.628
1.004
0.742
1.577
0.732
0.675
1.436
1.542
1.486
0.07
1.623
1.481
2.206
0.027
0.007
0.448
2.062
2.198
2.114
0.04
1.516
2.052
0.501
0.377
0.736
1.511
0.797
2.087
1.986
2.226
2.109
2.064
1000.0
2.208
2.132
2.184
1.997
1.511
2.114
2.011
1.466
1.568
1.574
2.168
1.527
2.124
2.039
1.553
1.457
1.983
1.557
1.573
1.32
2.091
1.304
1.408
2.066
2.074
2.171
1.94
2.179
2.109
2.22
2.029
2.016
1.566
2.076
2.218
2.153
1.968
2.135
2.067
1.519
1.645
1.337
2.099
1.308
2.087
1.986
2.226
2.109
2.064
2.009
2.208
2.132
2.184
1.997
1.511
2.114
2.011
1.466
1.568
1.574
2.168
1.527
2.124
2.039
1.553
1.457
1.983
1.557
1.573
1.203
1.371
0.234
1.329
1.425
0.142
0.212
0.05
1.489
0.173
0.102
1.543
1.535
1.541
1.356
1.451
1.5
1.355
1.51
0.09
1.435
1.358
1.268
1.391
0.138
1.411
2.286
2.185
2.425
2.308
2.263
2.208
1000.0
2.331
2.383
2.196
1.71
2.313
2.21
1.665
1.767
1.773
2.367
1.726
2.323
2.238
1.752
1.656
2.183
1.756
1.772
1.519
2.29
1.503
1.607
2.265
2.273
2.37
2.139
2.379
2.308
2.419
2.228
2.215
1.765
2.275
2.417
2.352
2.168
2.334
2.266
1.718
1.844
1.536
2.299
1.507
2.286
2.185
2.425
2.308
2.263
2.208
2.407
2.331
2.383
2.196
1.71
2.313
2.21
1.665
1.767
1.773
2.367
1.726
2.323
2.238
1.752
1.656
2.183
1.756
1.772
1.128
1.308
0.152
1.267
1.366
0.08
0.123
0.093
1.464
0.122
0.034
1.455
1.515
1.52
1.31
1.36
1.412
1.268
1.486
0.003
1.345
1.309
1.23
1.328
0.046
1.345
2.21
2.11
2.349
2.233
2.187
2.132
2.331
1000.0
2.308
2.121
1.634
2.237
2.134
1.589
1.691
1.697
2.291
1.65
2.247
2.162
1.676
1.581
2.107
1.68
1.697
1.443
2.214
1.427
1.532
2.189
2.198
2.294
2.063
2.303
2.233
2.343
2.153
2.14
1.69
2.199
2.342
2.276
2.092
2.258
2.19
1.643
1.768
1.461
2.223
1.431
2.21
2.11
2.349
2.233
2.187
2.132
2.331
2.255
2.308
2.121
1.634
2.237
2.134
1.589
1.691
1.697
2.291
1.65
2.247
2.162
1.676
1.581
2.107
1.68
1.697
1.18
1.329
0.303
1.286
1.378
0.151
0.273
0.06
1.412
0.26
0.138
1.599
1.455
1.461
1.296
1.501
1.557
1.414
1.431
0.15
1.485
1.301
1.201
1.348
0.193
1.371
2.262
2.162
2.401
2.285
2.239
2.184
2.383
2.308
1000.0
2.173
1.686
2.29
2.186
1.642
1.743
1.749
2.344
1.702
2.299
2.215
1.728
1.633
2.159
1.732
1.749
1.496
2.266
1.479
1.584
2.241
2.25
2.346
2.115
2.355
2.285
2.395
2.205
2.192
1.742
2.251
2.394
2.329
2.144
2.311
2.243
1.695
1.82
1.513
2.275
1.484
2.262
2.162
2.401
2.285
2.239
2.184
2.383
2.308
2.36
2.173
1.686
2.29
2.186
1.642
1.743
1.749
2.344
1.702
2.299
2.215
1.728
1.633
2.159
1.732
1.749
0.993
1.303
1.136
1.291
1.391
1.265
1.155
1.364
1.908
1.222
1.279
0.23
1.996
1.985
1.549
0.093
0.221
0.191
1.938
1.278
0.079
1.505
1.602
1.318
1.23
1.276
2.075
1.975
2.214
2.098
2.052
1.997
2.196
2.121
2.173
1000.0
1.499
2.103
1.999
1.455
1.556
1.562
2.156
1.515
2.112
2.028
1.541
1.446
1.972
1.545
1.562
1.309
2.079
1.292
1.397
2.054
2.063
2.159
1.928
2.168
2.098
2.208
2.018
2.005
1.555
2.064
2.207
2.142
1.957
2.123
2.056
1.508
1.633
1.326
2.088
1.297
2.075
1.975
2.214
2.098
2.052
1.997
2.196
2.121
2.173
1.986
1.499
2.103
1.999
1.455
1.556
1.562
2.156
1.515
2.112
2.028
1.541
1.446
1.972
1.545
1.562
0.506
0.193
1.467
0.222
0.109
1.39
1.441
1.478
0.581
1.543
1.437
1.701
0.666
0.646
0.257
1.558
1.704
1.649
0.605
1.469
1.551
0.215
0.41
0.174
1.444
0.209
1.588
1.488
1.727
1.611
1.565
1.511
1.71
1.634
1.686
1.499
1000.0
1.616
1.512
0.968
1.07
1.076
1.67
1.029
1.625
1.541
1.055
0.959
1.485
1.058
1.075
0.822
1.592
0.805
0.91
1.568
1.576
1.672
1.441
1.681
1.611
1.722
1.531
1.518
1.068
1.577
1.72
1.655
1.47
1.637
1.569
1.021
1.147
0.839
1.601
0.81
1.588
1.488
1.727
1.611
1.565
1.511
1.71
1.634
1.686
1.499
1.012
1.616
1.512
0.968
1.07
1.076
1.67
1.029
1.625
1.541
1.055
0.959
1.485
1.058
1.075
1.11
1.284
0.177
1.242
1.34
0.05
0.144
0.077
1.431
0.157
0.008
1.469
1.481
1.485
1.28
1.372
1.427
1.284
1.452
0.037
1.357
1.28
1.198
1.304
0.064
1.322
2.192
2.091
2.331
2.214
2.169
2.114
2.313
2.237
2.29
2.103
1.616
1000.0
2.116
1.571
1.673
1.679
2.273
1.632
2.229
2.144
1.658
1.562
2.089
1.662
1.679
1.425
2.196
1.409
1.514
2.171
2.179
2.276
2.045
2.285
2.215
2.325
2.135
2.121
1.671
2.181
2.323
2.258
2.074
2.24
2.172
1.624
1.75
1.442
2.205
1.413
2.192
2.091
2.331
2.214
2.169
2.114
2.313
2.237
2.29
2.103
1.616
2.219
2.116
1.571
1.673
1.679
2.273
1.632
2.229
2.144
1.658
1.562
2.089
1.662
1.679
1.006
1.187
0.171
1.146
1.246
0.062
0.132
0.173
1.364
0.207
0.099
1.399
1.419
1.422
1.195
1.296
1.358
1.217
1.387
0.125
1.28
1.193
1.12
1.207
0.099
1.223
2.088
1.988
2.227
2.111
2.065
2.011
2.21
2.134
2.186
1.999
1.512
2.116
1000.0
1.468
1.57
1.576
2.17
1.529
2.126
2.041
1.555
1.459
1.985
1.559
1.575
1.322
2.092
1.306
1.41
2.068
2.076
2.172
1.941
2.181
2.111
2.222
2.031
2.018
1.568
2.078
2.22
2.155
1.97
2.137
2.069
1.521
1.647
1.339
2.101
1.31
2.088
1.988
2.227
2.111
2.065
2.011
2.21
2.134
2.186
1.999
1.512
2.116
2.013
1.468
1.57
1.576
2.17
1.529
2.126
2.041
1.555
1.459
1.985
1.559
1.575
0.462
0.183
1.481
0.225
0.14
1.417
1.458
1.51
0.693
1.561
1.464
1.626
0.778
0.759
0.358
1.484
1.632
1.584
0.717
1.494
1.478
0.31
0.509
0.163
1.467
0.161
1.544
1.444
1.683
1.567
1.521
1.466
1.665
1.589
1.642
1.455
0.968
1.571
1.468
1000.0
1.025
1.031
1.625
0.984
1.581
1.496
1.01
0.914
1.441
1.014
1.031
0.777
1.548
0.761
0.866
1.523
1.532
1.628
1.397
1.637
1.567
1.677
1.487
1.474
1.024
1.533
1.676
1.61
1.426
1.592
1.524
0.977
1.102
0.795
1.557
0.765
1.544
1.444
1.683
1.567
1.521
1.466
1.665
1.589
1.642
1.455
0.968
1.571
1.468
0.923
1.025
1.031
1.625
0.984
1.581
1.496
1.01
0.914
1.441
1.014
1.031
0.563
0.29
1.351
0.28
0.231
1.25
1.322
1.328
0.385
1.418
1.298
1.777
0.476
0.46
0.022
1.633
1.774
1.7
0.413
1.331
1.624
0.049
0.173
0.286
1.313
0.348
1.646
1.545
1.785
1.668
1.623
1.568
1.767
1.691
1.743
1.556
1.07
1.673
1.57
1.025
1000.0
1.133
1.727
1.086
1.683
1.598
1.112
1.016
1.542
1.116
1.132
0.879
1.65
0.863
0.967
1.625
1.633
1.73
1.499
1.738
1.668
1.779
1.588
1.575
1.125
1.635
1.777
1.712
1.527
1.694
1.626
1.078
1.204
0.896
1.658
0.867
1.646
1.545
1.785
1.668
1.623
1.568
1.767
1.691
1.743
1.556
1.07
1.673
1.57
1.025
1.127
1.133
1.727
1.086
1.683
1.598
1.112
1.016
1.542
1.116
1.132
0.569
0.305
1.336
0.292
0.251
1.233
1.306
1.309
0.373
1.401
1.28
1.781
0.463
0.448
0.008
1.637
1.777
1.702
0.401
1.314
1.628
0.062
0.148
0.303
1.296
0.365
1.652
1.551
1.791
1.674
1.629
1.574
1.773
1.697
1.749
1.562
1.076
1.679
1.576
1.031
1.133
1000.0
1.733
1.092
1.689
1.604
1.118
1.022
1.548
1.122
1.138
0.885
1.655
0.869
0.973
1.631
1.639
1.735
1.505
1.744
1.674
1.785
1.594
1.581
1.131
1.641
1.783
1.718
1.533
1.7
1.632
1.084
1.21
0.902
1.664
0.873
1.652
1.551
1.791
1.674
1.629
1.574
1.773
1.697
1.749
1.562
1.076
1.679
1.576
1.031
1.133
1.139
1.733
1.092
1.689
1.604
1.118
1.022
1.548
1.122
1.138
1.164
1.478
1.128
1.463
1.566
1.278
1.152
1.367
2.059
1.205
1.284
0.195
2.144
2.135
1.71
0.194
0.143
0.015
2.088
1.278
0.186
1.668
1.751
1.494
1.231
1.455
2.246
2.145
2.385
2.268
2.223
2.168
2.367
2.291
2.344
2.156
1.67
2.273
2.17
1.625
1.727
1.733
1000.0
1.686
2.283
2.198
1.712
1.616
2.143
1.716
1.732
1.479
2.25
1.463
1.567
2.225
2.233
2.33
2.099
2.339
2.269
2.379
2.188
2.175
1.725
2.235
2.377
2.312
2.128
2.294
2.226
1.678
1.804
1.496
2.259
1.467
2.246
2.145
2.385
2.268
2.223
2.168
2.367
2.291
2.344
2.156
1.67
2.273
2.17
1.625
1.727
1.733
2.327
1.686
2.283
2.198
1.712
1.616
2.143
1.716
1.732
0.522
0.266
1.302
0.25
0.221
1.203
1.273
1.283
0.417
1.37
1.251
1.734
0.507
0.493
0.041
1.589
1.729
1.654
0.445
1.284
1.58
0.036
0.166
0.266
1.265
0.328
1.605
1.504
1.744
1.627
1.582
1.527
1.726
1.65
1.702
1.515
1.029
1.632
1.529
0.984
1.086
1.092
1.686
1000.0
1.642
1.557
1.071
0.975
1.501
1.075
1.091
0.838
1.608
0.822
0.926
1.584
1.592
1.688
1.457
1.697
1.627
1.738
1.547
1.534
1.084
1.594
1.736
1.671
1.486
1.653
1.585
1.037
1.163
0.855
1.617
0.826
1.605
1.504
1.744
1.627
1.582
1.527
1.726
1.65
1.702
1.515
1.029
1.632
1.529
0.984
1.086
1.092
1.686
1.045
1.642
1.557
1.071
0.975
1.501
1.075
1.091
1.119
0.855
1.661
0.847
0.786
1.513
1.625
1.558
0.184
1.702
1.557
2.319
0.096
0.107
0.563
2.175
2.311
2.226
0.155
1.592
2.165
0.615
0.489
0.849
1.59
0.91
2.201
2.101
2.34
2.224
2.178
2.124
2.323
2.247
2.299
2.112
1.625
2.229
2.126
1.581
1.683
1.689
2.283
1.642
1000.0
2.154
1.668
1.572
2.098
1.672
1.688
1.435
2.205
1.419
1.523
2.181
2.189
2.285
2.054
2.294
2.224
2.335
2.144
2.131
1.681
2.19
2.333
2.268
2.083
2.25
2.182
1.634
1.76
1.452
2.214
1.423
2.201
2.101
2.34
2.224
2.178
2.124
2.323
2.247
2.299
2.112
1.625
2.229
2.126
1.581
1.683
1.689
2.283
1.642
2.238
2.154
1.668
1.572
2.098
1.672
1.688
1.035
1.34
1.224
1.331
1.427
1.352
1.242
1.451
1.959
1.31
1.366
0.183
2.047
2.036
1.595
0.047
0.195
0.227
1.988
1.366
0.051
1.549
1.654
1.354
1.317
1.31
2.117
2.017
2.256
2.14
2.094
2.039
2.238
2.162
2.215
2.028
1.541
2.144
2.041
1.496
1.598
1.604
2.198
1.557
2.154
1000.0
1.583
1.488
2.014
1.587
1.604
1.35
2.121
1.334
1.439
2.096
2.105
2.201
1.97
2.21
2.14
2.25
2.06
2.047
1.597
2.106
2.249
2.183
1.999
2.165
2.098
1.55
1.675
1.368
2.13
1.338
2.117
2.017
2.256
2.14
2.094
2.039
2.238
2.162
2.215
2.028
1.541
2.144
2.041
1.496
1.598
1.604
2.198
1.557
2.154
2.07
1.583
1.488
2.014
1.587
1.604
0.548
0.29
1.316
0.275
0.241
1.215
1.287
1.292
0.391
1.383
1.262
1.76
0.482
0.467
0.018
1.615
1.755
1.679
0.42
1.296
1.606
0.051
0.15
0.288
1.278
0.351
1.631
1.53
1.77
1.653
1.608
1.553
1.752
1.676
1.728
1.541
1.055
1.658
1.555
1.01
1.112
1.118
1.712
1.071
1.668
1.583
1000.0
1.001
1.527
1.101
1.117
0.864
1.635
0.848
0.952
1.61
1.618
1.715
1.484
1.723
1.653
1.764
1.573
1.56
1.11
1.62
1.762
1.697
1.512
1.679
1.611
1.063
1.189
0.881
1.643
0.852
1.631
1.53
1.77
1.653
1.608
1.553
1.752
1.676
1.728
1.541
1.055
1.658
1.555
1.01
1.112
1.118
1.712
1.071
1.668
1.583
1.097
1.001
1.527
1.101
1.117
0.453
0.192
1.284
0.175
0.158
1.195
1.257
1.279
0.491
1.355
1.243
1.667
0.581
0.566
0.111
1.523
1.663
1.591
0.519
1.275
1.514
0.062
0.233
0.193
1.254
0.256
1.535
1.435
1.674
1.558
1.512
1.457
1.656
1.581
1.633
1.446
0.959
1.562
1.459
0.914
1.016
1.022
1.616
0.975
1.572
1.488
1.001
1000.0
1.432
1.005
1.022
0.768
1.539
0.752
0.857
1.514
1.523
1.619
1.388
1.628
1.558
1.668
1.478
1.465
1.015
1.524
1.667
1.601
1.417
1.583
1.516
0.968
1.093
0.786
1.548
0.757
1.535
1.435
1.674
1.558
1.512
1.457
1.656
1.581
1.633
1.446
0.959
1.562
1.459
0.914
1.016
1.022
1.616
0.975
1.572
1.488
1.001
0.906
1.432
1.005
1.022
0.979
1.151
0.218
1.109
1.208
0.083
0.18
0.188
1.317
0.254
0.13
1.418
1.371
1.374
1.152
1.312
1.379
1.239
1.339
0.161
1.297
1.151
1.075
1.171
0.144
1.189
2.061
1.961
2.2
2.084
2.038
1.983
2.183
2.107
2.159
1.972
1.485
2.089
1.985
1.441
1.542
1.548
2.143
1.501
2.098
2.014
1.527
1.432
1000.0
1.531
1.548
1.295
2.065
1.278
1.383
2.04
2.049
2.145
1.914
2.154
2.084
2.194
2.004
1.991
1.541
2.05
2.193
2.128
1.943
2.11
2.042
1.494
1.62
1.312
2.074
1.283
2.061
1.961
2.2
2.084
2.038
1.983
2.183
2.107
2.159
1.972
1.485
2.089
1.985
1.441
1.542
1.548
2.143
1.501
2.098
2.014
1.527
1.432
1.958
1.531
1.548
0.552
0.346
1.226
0.32
0.32
1.117
1.195
1.192
0.392
1.289
1.165
1.745
0.479
0.469
0.122
1.601
1.737
1.653
0.421
1.198
1.591
0.148
0.088
0.351
1.182
0.412
1.635
1.534
1.774
1.657
1.612
1.557
1.756
1.68
1.732
1.545
1.058
1.662
1.559
1.014
1.116
1.122
1.716
1.075
1.672
1.587
1.101
1.005
1.531
1000.0
1.121
0.868
1.638
0.852
0.956
1.614
1.622
1.718
1.487
1.727
1.657
1.768
1.577
1.564
1.114
1.624
1.766
1.701
1.516
1.683
1.615
1.067
1.193
0.885
1.647
0.856
1.635
1.534
1.774
1.657
1.612
1.557
1.756
1.68
1.732
1.545
1.058
1.662
1.559
1.014
1.116
1.122
1.716
1.075
1.672
1.587
1.101
1.005
1.531
1.105
1.121
0.569
0.293
1.359
0.284
0.233
1.257
1.329
1.335
0.382
1.425
1.305
1.783
0.472
0.456
0.028
1.639
1.779
1.707
0.41
1.338
1.63
0.054
0.176
0.289
1.32
0.351
1.651
1.551
1.79
1.674
1.628
1.573
1.772
1.697
1.749
1.562
1.075
1.679
1.575
1.031
1.132
1.138
1.732
1.091
1.688
1.604
1.117
1.022
1.548
1.121
1000.0
0.885
1.655
0.868
0.973
1.63
1.639
1.735
1.504
1.744
1.674
1.784
1.594
1.581
1.131
1.64
1.783
1.718
1.533
1.699
1.632
1.084
1.209
0.902
1.664
0.873
1.651
1.551
1.79
1.674
1.628
1.573
1.772
1.697
1.749
1.562
1.075
1.679
1.575
1.031
1.132
1.138
1.732
1.091
1.688
1.604
1.117
1.022
1.548
1.121
1.138
ENDDATA
