# of pickup customers
7
# of delivery customers
3
# of customers
10
# of tasks
20
# of given tractors
1
c1
10.0
c2
1.0
c3
0.0
timeperiod
16.0
package time
4.206
4.145
4.794
4.076
3.778
4.464
3.106
4.843
3.494
3.478
terminal coordinates
100.0
100.0
customer coordinate
108.99
120.28
88.43
118.01
87.81
4.81
86.92
91.86
10.51
33.59
185.01
147.11
174.07
110.79
169.52
134.09
13.75
116.82
138.89
78.8
distance matrix
0.0
1.069
0.641
0.937
0.262
0.882
1.264
1.09
0.234
1.22
0.871
1.069
0.641
0.937
0.262
0.882
1.264
1.09
0.234
1.22
0.871
1.069
2.137
1.71
2.006
1.331
1.951
2.332
2.159
1.302
2.288
1.94
0.0
0.494
0.291
0.935
0.328
1.449
2.158
0.879
1.359
1.628
0.641
1.71
1.282
1.578
0.904
1.523
1.905
1.732
0.875
1.861
1.513
0.494
0.0
0.522
0.455
0.493
1.453
1.718
0.519
1.376
1.38
0.937
2.006
1.578
1.874
1.2
1.819
2.201
2.028
1.171
2.157
1.808
0.291
0.522
0.0
0.873
0.057
1.159
2.004
0.717
1.069
1.374
0.262
1.331
0.904
1.2
0.525
1.145
1.526
1.353
0.496
1.482
1.134
0.935
0.455
0.873
0.0
0.825
1.445
1.274
0.335
1.389
1.128
0.882
1.951
1.523
1.819
1.145
1.765
2.146
1.973
1.116
2.102
1.754
0.328
0.493
0.057
0.825
0.0
1.128
1.947
0.661
1.039
1.321
1.264
2.332
1.905
2.201
1.526
2.146
2.528
2.354
1.497
2.484
2.135
1.449
1.453
1.159
1.445
1.128
0.0
1.821
1.109
0.093
0.779
1.09
2.159
1.732
2.028
1.353
1.973
2.354
2.181
1.324
2.31
1.962
2.158
1.718
2.004
1.274
1.947
1.821
0.0
1.29
1.833
1.051
0.234
1.302
0.875
1.171
0.496
1.116
1.497
1.324
0.467
1.453
1.105
0.879
0.519
0.717
0.335
0.661
1.109
1.29
0.0
1.054
0.87
1.22
2.288
1.861
2.157
1.482
2.102
2.484
2.31
1.453
2.439
2.091
1.359
1.376
1.069
1.389
1.039
0.093
1.833
1.054
0.0
0.805
0.871
1.94
1.513
1.808
1.134
1.754
2.135
1.962
1.105
2.091
1.743
1.628
1.38
1.374
1.128
1.321
0.779
1.051
0.87
0.805
0.0
1.069
1000.0
1.71
2.006
1.331
1.951
2.332
2.159
1.302
2.288
1.94
2.137
1.71
2.006
1.331
1.951
2.332
2.159
1.302
2.288
1.94
0.641
1.71
1000.0
1.578
0.904
1.523
1.905
1.732
0.875
1.861
1.513
1.71
1.282
1.578
0.904
1.523
1.905
1.732
0.875
1.861
1.513
0.937
2.006
1.578
1000.0
1.2
1.819
2.201
2.028
1.171
2.157
1.808
2.006
1.578
1.874
1.2
1.819
2.201
2.028
1.171
2.157
1.808
0.262
1.331
0.904
1.2
1000.0
1.145
1.526
1.353
0.496
1.482
1.134
1.331
0.904
1.2
0.525
1.145
1.526
1.353
0.496
1.482
1.134
0.882
1.951
1.523
1.819
1.145
1000.0
2.146
1.973
1.116
2.102
1.754
1.951
1.523
1.819
1.145
1.765
2.146
1.973
1.116
2.102
1.754
1.264
2.332
1.905
2.201
1.526
2.146
1000.0
2.354
1.497
2.484
2.135
2.332
1.905
2.201
1.526
2.146
2.528
2.354
1.497
2.484
2.135
1.09
2.159
1.732
2.028
1.353
1.973
2.354
1000.0
1.324
2.31
1.962
2.159
1.732
2.028
1.353
1.973
2.354
2.181
1.324
2.31
1.962
0.234
0.879
0.519
0.717
0.335
0.661
1.109
1.29
1000.0
1.453
1.105
1.302
0.875
1.171
0.496
1.116
1.497
1.324
0.467
1.453
1.105
1.22
1.359
1.376
1.069
1.389
1.039
0.093
1.833
1.453
1000.0
2.091
2.288
1.861
2.157
1.482
2.102
2.484
2.31
1.453
2.439
2.091
0.871
1.628
1.38
1.374
1.128
1.321
0.779
1.051
1.105
2.091
1000.0
1.94
1.513
1.808
1.134
1.754
2.135
1.962
1.105
2.091
1.743
ENDDATA
