# of pickup customers
4
# of delivery customers
5
# of customers
9
# of tasks
18
# of given tractors
1
c1
10.0
c2
1.0
c3
0.0
timeperiod
16.0
package time
4.756
3.996
3.02
3.671
4.541
4.705
4.312
4.939
4.658
terminal coordinates
100.0
100.0
customer coordinate
103.73
130.75
1.9
196.2
45.02
94.72
52.91
7.3
66.26
139.85
81.23
6.3
33.98
61.95
15.11
63.1
25.8
64.04
distance matrix
0.0
0.5
0.45
1.696
1.458
0.836
1.063
0.748
1.484
0.616
0.5
0.45
1.696
1.458
0.836
1.063
0.748
1.484
0.616
0.5
1.001
0.951
2.196
1.959
1.336
1.563
1.248
1.985
1.117
0.0
0.807
2.099
1.757
1.219
1.563
1.151
1.867
1.057
0.45
0.951
0.901
2.146
1.909
1.286
1.514
1.198
1.935
1.067
0.807
0.0
1.863
1.009
1.098
0.941
0.999
1.692
0.834
1.696
2.196
2.146
3.391
3.154
2.532
2.759
2.444
3.18
2.312
2.099
1.863
0.0
2.453
0.88
1.165
0.954
0.253
1.081
1.458
1.959
1.909
3.154
2.917
2.294
2.522
2.206
2.943
2.075
1.757
1.009
2.453
0.0
1.922
1.29
1.828
2.363
1.667
0.836
1.336
1.286
2.532
2.294
1.672
1.899
1.584
2.32
1.452
1.219
1.098
0.88
1.922
0.0
0.854
0.1
0.653
0.267
1.063
1.563
1.514
2.759
2.522
1.899
2.126
1.811
2.547
1.68
1.563
0.941
1.165
1.29
0.854
0.0
0.796
1.101
0.708
0.748
1.248
1.198
2.444
2.206
1.584
1.811
1.496
2.232
1.364
1.151
0.999
0.954
1.828
0.1
0.796
0.0
0.736
0.167
1.484
1.985
1.935
3.18
2.943
2.32
2.547
2.232
2.968
2.101
1.867
1.692
0.253
2.363
0.653
1.101
0.736
0.0
0.878
0.616
1.117
1.067
2.312
2.075
1.452
1.68
1.364
2.101
1.233
1.057
0.834
1.081
1.667
0.267
0.708
0.167
0.878
0.0
0.5
1000.0
0.951
2.196
1.959
1.336
1.563
1.248
1.985
1.117
1.001
0.951
2.196
1.959
1.336
1.563
1.248
1.985
1.117
0.45
0.951
1000.0
2.146
1.909
1.286
1.514
1.198
1.935
1.067
0.951
0.901
2.146
1.909
1.286
1.514
1.198
1.935
1.067
1.696
2.196
2.146
1000.0
3.154
2.532
2.759
2.444
3.18
2.312
2.196
2.146
3.391
3.154
2.532
2.759
2.444
3.18
2.312
1.458
1.959
1.909
3.154
1000.0
2.294
2.522
2.206
2.943
2.075
1.959
1.909
3.154
2.917
2.294
2.522
2.206
2.943
2.075
0.836
1.219
1.098
0.88
1.922
1000.0
1.899
1.584
2.32
1.452
1.336
1.286
2.532
2.294
1.672
1.899
1.584
2.32
1.452
1.063
1.563
0.941
1.165
1.29
1.899
1000.0
1.811
2.547
1.68
1.563
1.514
2.759
2.522
1.899
2.126
1.811
2.547
1.68
0.748
1.151
0.999
0.954
1.828
1.584
1.811
1000.0
2.232
1.364
1.248
1.198
2.444
2.206
1.584
1.811
1.496
2.232
1.364
1.484
1.867
1.692
0.253
2.363
2.32
2.547
2.232
1000.0
2.101
1.985
1.935
3.18
2.943
2.32
2.547
2.232
2.968
2.101
0.616
1.057
0.834
1.081
1.667
1.452
1.68
1.364
2.101
1000.0
1.117
1.067
2.312
2.075
1.452
1.68
1.364
2.101
1.233
ENDDATA
