# of pickup customers
5
# of delivery customers
4
# of customers
9
# of tasks
18
# of given tractors
1
c1
10.0
c2
1.0
c3
0.0
timeperiod
16.0
package time
4.082
4.458
3.281
3.54
3.421
3.497
4.116
4.443
4.911
terminal coordinates
100.0
100.0
customer coordinate
7.4
26.38
34.96
134.02
98.04
173.9
162.01
90.22
164.08
48.95
187.48
64.06
72.07
145.95
69.57
108.31
43.82
72.99
distance matrix
0.0
1.322
1.429
0.929
0.55
0.575
0.999
0.782
0.713
0.869
1.322
1.429
0.929
0.55
0.575
0.999
0.782
0.713
0.869
1.322
2.643
2.751
2.251
1.872
1.897
2.321
2.104
2.035
2.191
0.0
1.748
0.393
1.609
1.659
2.097
2.07
1.037
1.981
1.429
2.751
2.858
2.358
1.979
2.004
2.428
2.211
2.142
2.298
1.748
0.0
1.546
1.973
1.035
2.361
1.963
1.965
2.238
0.929
2.251
2.358
1.858
1.479
1.504
1.928
1.711
1.642
1.798
0.393
1.546
0.0
1.242
1.292
1.738
1.682
0.736
1.618
0.55
1.872
1.979
1.479
1.1
1.125
1.549
1.332
1.263
1.419
1.609
1.973
1.242
0.0
1.027
0.499
0.572
0.652
0.376
0.575
1.897
2.004
1.504
1.125
1.15
1.574
1.357
1.288
1.444
1.659
1.035
1.292
1.027
0.0
1.346
0.928
1.28
1.23
0.999
2.321
2.428
1.928
1.549
1.574
1.998
1.781
1.712
1.868
2.097
2.361
1.738
0.499
1.346
0.0
0.507
1.094
0.13
0.782
2.104
2.211
1.711
1.332
1.357
1.781
1.564
1.495
1.651
2.07
1.963
1.682
0.572
0.928
0.507
0.0
1.206
0.442
0.713
2.035
2.142
1.642
1.263
1.288
1.712
1.495
1.426
1.582
1.037
1.965
0.736
0.652
1.28
1.094
1.206
0.0
0.993
0.869
2.191
2.298
1.798
1.419
1.444
1.868
1.651
1.582
1.738
1.981
2.238
1.618
0.376
1.23
0.13
0.442
0.993
0.0
1.322
1000.0
2.751
2.251
1.872
1.897
2.321
2.104
2.035
2.191
2.643
2.751
2.251
1.872
1.897
2.321
2.104
2.035
2.191
1.429
2.751
1000.0
2.358
1.979
2.004
2.428
2.211
2.142
2.298
2.751
2.858
2.358
1.979
2.004
2.428
2.211
2.142
2.298
0.929
2.251
2.358
1000.0
1.479
1.504
1.928
1.711
1.642
1.798
2.251
2.358
1.858
1.479
1.504
1.928
1.711
1.642
1.798
0.55
1.872
1.979
1.479
1000.0
1.125
1.549
1.332
1.263
1.419
1.872
1.979
1.479
1.1
1.125
1.549
1.332
1.263
1.419
0.575
1.897
2.004
1.504
1.125
1000.0
1.574
1.357
1.288
1.444
1.897
2.004
1.504
1.125
1.15
1.574
1.357
1.288
1.444
0.999
2.097
2.361
1.738
0.499
1.346
1000.0
1.781
1.712
1.868
2.321
2.428
1.928
1.549
1.574
1.998
1.781
1.712
1.868
0.782
2.07
1.963
1.682
0.572
0.928
1.781
1000.0
1.495
1.651
2.104
2.211
1.711
1.332
1.357
1.781
1.564
1.495
1.651
0.713
1.037
1.965
0.736
0.652
1.28
1.712
1.495
1000.0
1.582
2.035
2.142
1.642
1.263
1.288
1.712
1.495
1.426
1.582
0.869
1.981
2.238
1.618
0.376
1.23
1.868
1.651
1.582
1000.0
2.191
2.298
1.798
1.419
1.444
1.868
1.651
1.582
1.738
ENDDATA
