# of pickup customers
10
# of delivery customers
10
# of customers
20
# of tasks
40
# of given tractors
1
c1
10.0
c2
1.0
c3
0.0
timeperiod
16.0
package time
4.156
4.167
3.014
4.076
4.552
4.586
4.614
4.219
3.736
3.652
4.936
4.702
4.908
3.724
3.95
4.302
3.739
4.485
4.829
3.805
terminal coordinates
100.0
100.0
customer coordinate
135.35
24.91
139.77
20.94
138.1
63.86
9.38
197.1
25.06
46.64
31.56
36.17
58.25
10.65
166.14
111.49
128.82
88.23
94.4
54.72
88.56
97.32
148.15
63.54
9.43
3.62
87.69
173.24
78.44
33.33
186.76
118.09
108.02
10.85
91.55
131.67
196.39
8.98
56.96
6.44
distance matrix
0.0
0.464
0.939
0.781
1.088
1.228
1.287
1.143
1.52
0.975
1.067
1.381
0.829
0.531
1.578
0.833
0.421
1.258
1.147
0.543
1.299
0.464
0.939
0.781
1.088
1.228
1.287
1.143
1.52
0.975
1.067
1.381
0.829
0.531
1.578
0.833
0.421
1.258
1.147
0.543
1.299
0.464
0.929
1.404
1.245
1.553
1.693
1.751
1.608
1.985
1.439
1.532
1.846
1.294
0.996
2.042
1.298
0.886
1.722
1.612
1.007
1.764
0.0
1.385
0.747
1.464
0.99
1.388
1.575
1.31
1.384
1.306
1.786
1.294
0.994
1.837
0.387
0.616
1.35
1.156
0.647
1.439
0.939
1.404
1.878
1.72
2.027
2.167
2.226
2.082
2.46
1.914
2.007
2.321
1.769
1.471
2.517
1.773
1.36
2.197
2.086
1.482
2.238
1.385
0.0
1.57
0.425
1.791
1.268
0.228
2.352
0.236
0.845
1.121
0.295
0.438
1.095
1.767
1.164
1.795
1.359
1.005
1.196
0.781
1.245
1.72
1.561
1.869
2.009
2.067
1.924
2.301
1.755
1.848
2.162
1.61
1.312
2.358
1.614
1.202
2.038
1.928
1.323
2.08
0.747
1.57
0.0
1.823
1.734
2.041
1.797
0.782
1.678
1.848
1.436
1.348
1.136
2.356
0.781
0.409
0.618
1.855
1.273
2.066
1.088
1.553
2.027
1.869
2.177
2.316
2.375
2.231
2.609
2.063
2.156
2.47
1.918
1.62
2.666
1.922
1.509
2.346
2.235
1.631
2.388
1.464
0.425
1.823
0.0
1.613
0.921
0.335
2.594
0.193
0.496
1.546
0.708
0.726
0.671
1.848
1.416
2.139
1.083
0.922
0.829
1.228
1.693
2.167
2.009
2.316
2.456
2.515
2.371
2.749
2.203
2.296
2.61
2.058
1.76
2.806
2.062
1.649
2.486
2.375
1.771
2.527
0.99
1.791
1.734
1.613
0.0
0.931
1.883
2.176
1.656
1.182
2.586
1.862
1.586
1.593
1.085
1.564
2.34
0.623
0.807
1.043
1.287
1.751
2.226
2.067
2.375
2.515
2.573
2.43
2.807
2.261
2.354
2.668
2.116
1.818
2.864
2.12
1.708
2.544
2.434
1.829
2.586
1.388
1.268
2.041
0.921
0.931
0.0
1.252
2.696
1.054
0.429
2.325
1.472
1.307
0.671
1.686
1.708
2.543
0.312
0.768
0.12
1.143
1.608
2.082
1.924
2.231
2.371
2.43
2.286
2.663
2.118
2.211
2.524
1.972
1.675
2.721
1.977
1.564
2.401
2.29
1.686
2.442
1.575
0.228
1.797
0.335
1.883
1.252
0.0
2.579
0.228
0.824
1.269
0.506
0.662
0.961
1.96
1.39
2.019
1.393
1.13
1.163
1.52
1.985
2.46
2.301
2.609
2.749
2.807
2.663
3.041
2.495
2.588
2.902
2.35
2.052
3.098
2.354
1.941
2.778
2.668
2.063
2.82
1.31
2.352
0.782
2.594
2.176
2.696
2.579
0.0
2.455
2.568
2.076
2.126
1.918
3.091
1.092
1.19
0.901
2.463
1.939
2.741
0.975
1.439
1.914
1.755
2.063
2.203
2.261
2.118
2.495
1.949
2.042
2.356
1.804
1.506
2.552
1.808
1.396
2.232
2.122
1.517
2.274
1.384
0.236
1.678
0.193
1.656
1.054
0.228
2.455
0.0
0.625
1.356
0.515
0.556
0.864
1.771
1.269
1.964
1.174
0.907
0.973
1.067
1.532
2.007
1.848
2.156
2.296
2.354
2.211
2.588
2.042
2.135
2.449
1.897
1.599
2.645
1.901
1.489
2.325
2.215
1.61
2.367
1.306
0.845
1.848
0.496
1.182
0.429
0.824
2.568
0.625
0.0
1.927
1.068
0.945
0.53
1.662
1.472
2.282
0.602
0.666
0.351
1.381
1.846
2.321
2.162
2.47
2.61
2.668
2.524
2.902
2.356
2.449
2.763
2.211
1.913
2.959
2.215
1.802
2.639
2.529
1.924
2.681
1.786
1.121
1.436
1.546
2.586
2.325
1.269
2.076
1.356
1.927
0.0
0.86
1.039
2.214
2.061
1.213
1.222
2.332
1.803
2.273
0.829
1.294
1.769
1.61
1.918
2.058
2.116
1.972
2.35
1.804
1.897
2.211
1.659
1.361
2.407
1.663
1.25
2.087
1.977
1.372
2.129
1.294
0.295
1.348
0.708
1.862
1.472
0.506
2.126
0.515
1.068
0.86
0.0
0.303
1.378
1.658
0.957
1.516
1.511
1.055
1.415
0.531
0.996
1.471
1.312
1.62
1.76
1.818
1.675
2.052
1.506
1.599
1.913
1.361
1.063
2.109
1.365
0.953
1.789
1.679
1.074
1.831
0.994
0.438
1.136
0.726
1.586
1.307
0.662
1.918
0.556
0.945
1.039
0.303
0.0
1.353
1.364
0.728
1.414
1.293
0.782
1.271
1.578
2.042
2.517
2.358
2.666
2.806
2.864
2.721
3.098
2.552
2.645
2.959
2.407
2.109
3.155
2.411
1.999
2.835
2.725
2.12
2.877
1.837
1.095
2.356
0.671
1.593
0.671
0.961
3.091
0.864
0.53
2.214
1.378
1.353
0.0
2.19
1.967
2.75
0.97
1.195
0.554
0.833
1.298
1.773
1.614
1.922
2.062
2.12
1.977
2.354
1.808
1.901
2.215
1.663
1.365
2.411
1.667
1.255
2.091
1.981
1.376
2.133
0.387
1.767
0.781
1.848
1.085
1.686
1.96
1.092
1.771
1.662
2.061
1.658
1.364
2.19
0.0
0.847
1.391
1.419
0.996
1.753
0.421
0.886
1.36
1.202
1.509
1.649
1.708
1.564
1.941
1.396
1.489
1.802
1.25
0.953
1.999
1.255
0.842
1.679
1.568
0.964
1.72
0.616
1.164
0.409
1.416
1.564
1.708
1.39
1.19
1.269
1.472
1.213
0.957
0.728
1.967
0.847
0.0
0.838
1.561
0.958
1.719
1.258
1.722
2.197
2.038
2.346
2.486
2.544
2.401
2.778
2.232
2.325
2.639
2.087
1.789
2.835
2.091
1.679
2.515
2.405
1.8
2.557
1.35
1.795
0.618
2.139
2.34
2.543
2.019
0.901
1.964
2.282
1.222
1.516
1.414
2.75
1.391
0.838
0.0
2.397
1.795
2.549
1.147
1.612
2.086
1.928
2.235
2.375
2.434
2.29
2.668
2.122
2.215
2.529
1.977
1.679
2.725
1.981
1.568
2.405
2.294
1.69
2.446
1.156
1.359
1.855
1.083
0.623
0.312
1.393
2.463
1.174
0.602
2.332
1.511
1.293
0.97
1.419
1.561
2.397
0.0
0.605
0.42
0.543
1.007
1.482
1.323
1.631
1.771
1.829
1.686
2.063
1.517
1.61
1.924
1.372
1.074
2.12
1.376
0.964
1.8
1.69
1.085
1.842
0.647
1.005
1.273
0.922
0.807
0.768
1.13
1.939
0.907
0.666
1.803
1.055
0.782
1.195
0.996
0.958
1.795
0.605
0.0
0.803
1.299
1.764
2.238
2.08
2.388
2.527
2.586
2.442
2.82
2.274
2.367
2.681
2.129
1.831
2.877
2.133
1.72
2.557
2.446
1.842
2.599
1.439
1.196
2.066
0.829
1.043
0.12
1.163
2.741
0.973
0.351
2.273
1.415
1.271
0.554
1.753
1.719
2.549
0.42
0.803
0.0
0.464
1000.0
1.404
1.245
1.553
1.693
1.751
1.608
1.985
1.439
1.532
1.846
1.294
0.996
2.042
1.298
0.886
1.722
1.612
1.007
1.764
0.929
1.404
1.245
1.553
1.693
1.751
1.608
1.985
1.439
1.532
1.846
1.294
0.996
2.042
1.298
0.886
1.722
1.612
1.007
1.764
0.939
1.404
1000.0
1.72
2.027
2.167
2.226
2.082
2.46
1.914
2.007
2.321
1.769
1.471
2.517
1.773
1.36
2.197
2.086
1.482
2.238
1.404
1.878
1.72
2.027
2.167
2.226
2.082
2.46
1.914
2.007
2.321
1.769
1.471
2.517
1.773
1.36
2.197
2.086
1.482
2.238
0.781
1.245
1.72
1000.0
1.869
2.009
2.067
1.924
2.301
1.755
1.848
2.162
1.61
1.312
2.358
1.614
1.202
2.038
1.928
1.323
2.08
1.245
1.72
1.561
1.869
2.009
2.067
1.924
2.301
1.755
1.848
2.162
1.61
1.312
2.358
1.614
1.202
2.038
1.928
1.323
2.08
1.088
1.553
2.027
1.869
1000.0
2.316
2.375
2.231
2.609
2.063
2.156
2.47
1.918
1.62
2.666
1.922
1.509
2.346
2.235
1.631
2.388
1.553
2.027
1.869
2.177
2.316
2.375
2.231
2.609
2.063
2.156
2.47
1.918
1.62
2.666
1.922
1.509
2.346
2.235
1.631
2.388
1.228
1.693
2.167
2.009
2.316
1000.0
2.515
2.371
2.749
2.203
2.296
2.61
2.058
1.76
2.806
2.062
1.649
2.486
2.375
1.771
2.527
1.693
2.167
2.009
2.316
2.456
2.515
2.371
2.749
2.203
2.296
2.61
2.058
1.76
2.806
2.062
1.649
2.486
2.375
1.771
2.527
1.287
1.751
2.226
2.067
2.375
2.515
1000.0
2.43
2.807
2.261
2.354
2.668
2.116
1.818
2.864
2.12
1.708
2.544
2.434
1.829
2.586
1.751
2.226
2.067
2.375
2.515
2.573
2.43
2.807
2.261
2.354
2.668
2.116
1.818
2.864
2.12
1.708
2.544
2.434
1.829
2.586
1.143
1.608
2.082
1.924
2.231
2.371
2.43
1000.0
2.663
2.118
2.211
2.524
1.972
1.675
2.721
1.977
1.564
2.401
2.29
1.686
2.442
1.608
2.082
1.924
2.231
2.371
2.43
2.286
2.663
2.118
2.211
2.524
1.972
1.675
2.721
1.977
1.564
2.401
2.29
1.686
2.442
1.52
1.985
2.46
2.301
2.609
2.749
2.807
2.663
1000.0
2.495
2.588
2.902
2.35
2.052
3.098
2.354
1.941
2.778
2.668
2.063
2.82
1.985
2.46
2.301
2.609
2.749
2.807
2.663
3.041
2.495
2.588
2.902
2.35
2.052
3.098
2.354
1.941
2.778
2.668
2.063
2.82
0.975
1.439
1.914
1.755
2.063
2.203
2.261
2.118
2.495
1000.0
2.042
2.356
1.804
1.506
2.552
1.808
1.396
2.232
2.122
1.517
2.274
1.439
1.914
1.755
2.063
2.203
2.261
2.118
2.495
1.949
2.042
2.356
1.804
1.506
2.552
1.808
1.396
2.232
2.122
1.517
2.274
1.067
1.532
2.007
1.848
2.156
2.296
2.354
2.211
2.588
2.042
1000.0
2.449
1.897
1.599
2.645
1.901
1.489
2.325
2.215
1.61
2.367
1.532
2.007
1.848
2.156
2.296
2.354
2.211
2.588
2.042
2.135
2.449
1.897
1.599
2.645
1.901
1.489
2.325
2.215
1.61
2.367
1.381
1.786
1.121
1.436
1.546
2.586
2.325
1.269
2.076
1.356
1.927
1000.0
2.211
1.913
2.959
2.215
1.802
2.639
2.529
1.924
2.681
1.846
2.321
2.162
2.47
2.61
2.668
2.524
2.902
2.356
2.449
2.763
2.211
1.913
2.959
2.215
1.802
2.639
2.529
1.924
2.681
0.829
1.294
0.295
1.348
0.708
1.862
1.472
0.506
2.126
0.515
1.068
2.211
1000.0
1.361
2.407
1.663
1.25
2.087
1.977
1.372
2.129
1.294
1.769
1.61
1.918
2.058
2.116
1.972
2.35
1.804
1.897
2.211
1.659
1.361
2.407
1.663
1.25
2.087
1.977
1.372
2.129
0.531
0.994
0.438
1.136
0.726
1.586
1.307
0.662
1.918
0.556
0.945
1.913
1.361
1000.0
2.109
1.365
0.953
1.789
1.679
1.074
1.831
0.996
1.471
1.312
1.62
1.76
1.818
1.675
2.052
1.506
1.599
1.913
1.361
1.063
2.109
1.365
0.953
1.789
1.679
1.074
1.831
1.578
1.837
1.095
2.356
0.671
1.593
0.671
0.961
3.091
0.864
0.53
2.959
2.407
2.109
1000.0
2.411
1.999
2.835
2.725
2.12
2.877
2.042
2.517
2.358
2.666
2.806
2.864
2.721
3.098
2.552
2.645
2.959
2.407
2.109
3.155
2.411
1.999
2.835
2.725
2.12
2.877
0.833
0.387
1.767
0.781
1.848
1.085
1.686
1.96
1.092
1.771
1.662
2.215
1.663
1.365
2.411
1000.0
1.255
2.091
1.981
1.376
2.133
1.298
1.773
1.614
1.922
2.062
2.12
1.977
2.354
1.808
1.901
2.215
1.663
1.365
2.411
1.667
1.255
2.091
1.981
1.376
2.133
0.421
0.616
1.164
0.409
1.416
1.564
1.708
1.39
1.19
1.269
1.472
1.802
1.25
0.953
1.999
1.255
1000.0
1.679
1.568
0.964
1.72
0.886
1.36
1.202
1.509
1.649
1.708
1.564
1.941
1.396
1.489
1.802
1.25
0.953
1.999
1.255
0.842
1.679
1.568
0.964
1.72
1.258
1.35
1.795
0.618
2.139
2.34
2.543
2.019
0.901
1.964
2.282
2.639
2.087
1.789
2.835
2.091
1.679
1000.0
2.405
1.8
2.557
1.722
2.197
2.038
2.346
2.486
2.544
2.401
2.778
2.232
2.325
2.639
2.087
1.789
2.835
2.091
1.679
2.515
2.405
1.8
2.557
1.147
1.156
1.359
1.855
1.083
0.623
0.312
1.393
2.463
1.174
0.602
2.529
1.977
1.679
2.725
1.981
1.568
2.405
1000.0
1.69
2.446
1.612
2.086
1.928
2.235
2.375
2.434
2.29
2.668
2.122
2.215
2.529
1.977
1.679
2.725
1.981
1.568
2.405
2.294
1.69
2.446
0.543
0.647
1.005
1.273
0.922
0.807
0.768
1.13
1.939
0.907
0.666
1.924
1.372
1.074
2.12
1.376
0.964
1.8
1.69
1000.0
1.842
1.007
1.482
1.323
1.631
1.771
1.829
1.686
2.063
1.517
1.61
1.924
1.372
1.074
2.12
1.376
0.964
1.8
1.69
1.085
1.842
1.299
1.439
1.196
2.066
0.829
1.043
0.12
1.163
2.741
0.973
0.351
2.681
2.129
1.831
2.877
2.133
1.72
2.557
2.446
1.842
1000.0
1.764
2.238
2.08
2.388
2.527
2.586
2.442
2.82
2.274
2.367
2.681
2.129
1.831
2.877
2.133
1.72
2.557
2.446
1.842
2.599
ENDDATA
