# of pickup customers
2
# of delivery customers
3
# of customers
5
# of tasks
10
# of given tractors
1
c1
10.0
c2
1.0
c3
0.0
timeperiod
16.0
package time
4.126
4.816
4.828
3.536
3.047
terminal coordinates
100.0
100.0
customer coordinate
7.22
103.96
127.6
7.33
105.88
141.61
44.11
36.91
43.74
72.67
distance matrix
0.0
1.271
0.7
0.861
1.355
0.349
1.271
0.7
0.861
1.355
0.349
1.271
2.542
1.971
2.132
2.626
1.62
0.0
1.717
1.994
1.223
1.504
0.7
1.971
1.401
1.561
2.056
1.05
1.717
0.0
0.309
1.208
0.358
0.861
2.132
1.561
1.722
2.216
1.21
1.994
0.309
0.0
1.506
0.523
1.355
2.626
2.056
2.216
2.71
1.705
1.223
1.208
1.506
0.0
1.284
0.349
1.62
1.05
1.21
1.705
0.699
1.504
0.358
0.523
1.284
0.0
1.271
1000.0
1.971
2.132
2.626
1.62
2.542
1.971
2.132
2.626
1.62
0.7
1.971
1000.0
1.561
2.056
1.05
1.971
1.401
1.561
2.056
1.05
0.861
1.994
0.309
1000.0
2.216
1.21
2.132
1.561
1.722
2.216
1.21
1.355
1.223
1.208
2.216
1000.0
1.705
2.626
2.056
2.216
2.71
1.705
0.349
1.504
0.358
1.21
1.705
1000.0
1.62
1.05
1.21
1.705
0.699
ENDDATA
