# of pickup customers
10
# of delivery customers
10
# of customers
20
# of tasks
40
# of given tractors
1
c1
10.0
c2
1.0
c3
0.0
timeperiod
16.0
package time
4.056
3.231
4.572
3.291
4.065
4.889
4.699
3.049
3.195
4.733
4.622
3.17
4.701
3.927
4.867
4.749
3.767
3.259
4.383
3.878
terminal coordinates
100.0
100.0
customer coordinate
127.3
106.46
34.78
105.15
116.01
174.16
50.5
106.1
137.55
49.47
110.16
119.42
150.73
130.61
117.89
171.43
47.5
174.14
182.73
142.34
57.81
146.81
181.34
141.45
139.83
151.19
195.74
144.93
72.0
191.19
138.79
139.08
71.17
60.4
52.97
142.98
186.21
150.86
146.76
76.99
distance matrix
0.0
0.628
0.591
1.303
0.522
0.537
1.126
1.347
0.567
0.586
1.303
0.501
0.545
0.729
0.626
0.629
1.042
1.262
1.124
1.188
0.602
0.628
0.591
1.303
0.522
0.537
1.126
1.347
0.567
0.586
1.303
0.501
0.545
0.729
0.626
0.629
1.042
1.262
1.124
1.188
0.602
0.628
1.256
1.219
1.931
1.15
1.165
1.755
1.975
1.195
1.214
1.931
1.129
1.174
1.358
1.254
1.257
1.67
1.89
1.752
1.816
1.231
0.0
1.143
1.929
1.082
1.035
1.306
1.973
1.121
0.219
1.93
1.035
1.021
0.337
0.053
0.132
1.199
1.89
1.302
1.31
0.305
0.591
1.219
1.181
1.894
1.113
1.127
1.717
1.938
1.157
1.176
1.894
1.092
1.136
1.32
1.216
1.22
1.633
1.852
1.715
1.779
1.193
1.143
0.0
0.995
0.069
0.148
0.848
0.929
0.024
1.013
0.903
0.11
0.189
1.096
1.122
1.182
0.814
0.886
0.848
0.953
0.981
1.303
1.931
1.894
2.606
1.825
1.84
2.43
2.65
1.87
1.889
2.606
1.804
1.849
2.033
1.929
1.932
2.345
2.565
2.427
2.491
1.906
1.929
0.995
0.0
1.011
1.14
1.783
0.266
1.001
1.876
0.221
1.082
1.183
1.999
1.929
1.912
1.774
0.17
1.783
1.899
1.873
0.522
1.15
1.113
1.825
1.044
1.059
1.649
1.869
1.089
1.108
1.825
1.023
1.068
1.251
1.148
1.151
1.564
1.784
1.646
1.71
1.124
1.082
0.069
1.011
0.0
0.137
0.871
0.963
0.045
0.958
0.933
0.071
0.181
1.047
1.062
1.117
0.829
0.912
0.87
0.972
0.93
0.537
1.165
1.127
1.84
1.059
1.073
1.663
1.884
1.103
1.122
1.84
1.038
1.082
1.266
1.162
1.166
1.579
1.798
1.66
1.724
1.139
1.035
0.148
1.14
0.137
0.0
0.741
1.077
0.139
0.89
1.051
0.074
0.044
0.962
1.01
1.086
0.694
1.034
0.74
0.838
0.852
1.126
1.755
1.717
2.43
1.649
1.663
2.253
2.474
1.693
1.712
2.43
1.628
1.672
1.856
1.752
1.755
2.168
2.388
2.25
2.314
1.729
1.306
0.848
1.783
0.871
0.741
0.0
1.643
0.854
1.091
1.637
0.815
0.701
1.042
1.259
1.415
0.108
1.643
0.004
0.121
1.009
1.347
1.975
1.938
2.65
1.869
1.884
2.474
2.694
1.914
1.933
2.65
1.848
1.893
2.077
1.973
1.976
2.389
2.609
2.471
2.535
1.95
1.973
0.929
0.266
0.963
1.077
1.643
0.0
0.941
1.891
0.058
1.031
1.115
1.999
1.966
1.973
1.649
0.125
1.644
1.763
1.877
0.567
1.195
1.157
1.87
1.089
1.103
1.693
1.914
1.134
1.152
1.87
1.068
1.112
1.296
1.192
1.196
1.609
1.828
1.691
1.755
1.169
1.121
0.024
1.001
0.045
0.139
0.854
0.941
0.0
0.993
0.914
0.092
0.182
1.078
1.1
1.159
0.817
0.896
0.854
0.958
0.963
0.586
1.214
1.176
1.889
1.108
1.122
1.712
1.933
1.152
1.171
1.889
1.087
1.131
1.315
1.211
1.214
1.628
1.847
1.709
1.773
1.188
0.219
1.013
1.876
0.958
0.89
1.091
1.891
0.993
0.0
1.853
0.902
0.869
0.165
0.169
0.342
0.983
1.818
1.087
1.092
0.086
1.303
1.931
1.894
2.606
1.825
1.84
2.43
2.65
1.87
1.889
2.606
1.804
1.849
2.033
1.929
1.932
2.345
2.565
2.427
2.491
1.906
1.93
0.903
0.221
0.933
1.051
1.637
0.058
0.914
1.853
0.0
1.002
1.09
1.963
1.924
1.928
1.639
0.067
1.638
1.756
1.84
0.501
1.129
1.092
1.804
1.023
1.038
1.628
1.848
1.068
1.087
1.804
1.002
1.047
1.231
1.127
1.13
1.543
1.763
1.625
1.689
1.104
1.035
0.11
1.082
0.071
0.074
0.815
1.031
0.092
0.902
1.002
0.0
0.116
0.986
1.013
1.077
0.768
0.982
0.814
0.913
0.871
0.545
1.174
1.136
1.849
1.068
1.082
1.672
1.893
1.112
1.131
1.849
1.047
1.091
1.275
1.171
1.174
1.588
1.807
1.669
1.733
1.148
1.021
0.189
1.183
0.181
0.044
0.701
1.115
0.182
0.869
1.09
0.116
0.0
0.935
0.993
1.077
0.652
1.075
0.7
0.797
0.827
0.729
1.358
1.32
2.033
1.251
1.266
1.856
2.077
1.296
1.315
2.033
1.231
1.275
1.459
1.355
1.358
1.771
1.991
1.853
1.917
1.332
0.337
1.096
1.999
1.047
0.962
1.042
1.999
1.078
0.165
1.963
0.986
0.935
0.0
0.285
0.469
0.934
1.932
1.038
1.026
0.128
0.626
1.254
1.216
1.929
1.148
1.162
1.752
1.973
1.192
1.211
1.929
1.127
1.171
1.355
1.251
1.255
1.668
1.887
1.749
1.814
1.228
0.053
1.122
1.929
1.062
1.01
1.259
1.966
1.1
0.169
1.924
1.013
0.993
0.285
0.0
0.184
1.151
1.885
1.255
1.261
0.254
0.629
1.257
1.22
1.932
1.151
1.166
1.755
1.976
1.196
1.214
1.932
1.13
1.174
1.358
1.255
1.258
1.671
1.891
1.753
1.817
1.231
0.132
1.182
1.912
1.117
1.086
1.415
1.973
1.159
0.342
1.928
1.077
1.077
0.469
0.184
0.0
1.309
1.884
1.411
1.425
0.428
1.042
1.67
1.633
2.345
1.564
1.579
2.168
2.389
1.609
1.628
2.345
1.543
1.588
1.771
1.668
1.671
2.084
2.304
2.166
2.23
1.644
1.199
0.814
1.774
0.829
0.694
0.108
1.649
0.817
0.983
1.639
0.768
0.652
0.934
1.151
1.309
0.0
1.641
0.104
0.149
0.901
1.262
1.89
1.852
2.565
1.784
1.798
2.388
2.609
1.828
1.847
2.565
1.763
1.807
1.991
1.887
1.891
2.304
2.523
2.386
2.45
1.864
1.89
0.886
0.17
0.912
1.034
1.643
0.125
0.896
1.818
0.067
0.982
1.075
1.932
1.885
1.884
1.641
0.0
1.644
1.761
1.808
1.124
1.752
1.715
2.427
1.646
1.66
2.25
2.471
1.691
1.709
2.427
1.625
1.669
1.853
1.749
1.753
2.166
2.386
2.248
2.312
1.726
1.302
0.848
1.783
0.87
0.74
0.004
1.644
0.854
1.087
1.638
0.814
0.7
1.038
1.255
1.411
0.104
1.644
0.0
0.119
1.005
1.188
1.816
1.779
2.491
1.71
1.724
2.314
2.535
1.755
1.773
2.491
1.689
1.733
1.917
1.814
1.817
2.23
2.45
2.312
2.376
1.79
1.31
0.953
1.899
0.972
0.838
0.121
1.763
0.958
1.092
1.756
0.913
0.797
1.026
1.261
1.425
0.149
1.761
0.119
0.0
1.008
0.602
1.231
1.193
1.906
1.124
1.139
1.729
1.95
1.169
1.188
1.906
1.104
1.148
1.332
1.228
1.231
1.644
1.864
1.726
1.79
1.205
0.305
0.981
1.873
0.93
0.852
1.009
1.877
0.963
0.086
1.84
0.871
0.827
0.128
0.254
0.428
0.901
1.808
1.005
1.008
0.0
0.628
1000.0
1.219
1.931
1.15
1.165
1.755
1.975
1.195
1.214
1.931
1.129
1.174
1.358
1.254
1.257
1.67
1.89
1.752
1.816
1.231
1.256
1.219
1.931
1.15
1.165
1.755
1.975
1.195
1.214
1.931
1.129
1.174
1.358
1.254
1.257
1.67
1.89
1.752
1.816
1.231
0.591
1.219
1000.0
1.894
1.113
1.127
1.717
1.938
1.157
1.176
1.894
1.092
1.136
1.32
1.216
1.22
1.633
1.852
1.715
1.779
1.193
1.219
1.181
1.894
1.113
1.127
1.717
1.938
1.157
1.176
1.894
1.092
1.136
1.32
1.216
1.22
1.633
1.852
1.715
1.779
1.193
1.303
1.931
1.894
1000.0
1.825
1.84
2.43
2.65
1.87
1.889
2.606
1.804
1.849
2.033
1.929
1.932
2.345
2.565
2.427
2.491
1.906
1.931
1.894
2.606
1.825
1.84
2.43
2.65
1.87
1.889
2.606
1.804
1.849
2.033
1.929
1.932
2.345
2.565
2.427
2.491
1.906
0.522
1.15
1.113
1.825
1000.0
1.059
1.649
1.869
1.089
1.108
1.825
1.023
1.068
1.251
1.148
1.151
1.564
1.784
1.646
1.71
1.124
1.15
1.113
1.825
1.044
1.059
1.649
1.869
1.089
1.108
1.825
1.023
1.068
1.251
1.148
1.151
1.564
1.784
1.646
1.71
1.124
0.537
1.165
1.127
1.84
1.059
1000.0
1.663
1.884
1.103
1.122
1.84
1.038
1.082
1.266
1.162
1.166
1.579
1.798
1.66
1.724
1.139
1.165
1.127
1.84
1.059
1.073
1.663
1.884
1.103
1.122
1.84
1.038
1.082
1.266
1.162
1.166
1.579
1.798
1.66
1.724
1.139
1.126
1.755
1.717
2.43
1.649
1.663
1000.0
2.474
1.693
1.712
2.43
1.628
1.672
1.856
1.752
1.755
2.168
2.388
2.25
2.314
1.729
1.755
1.717
2.43
1.649
1.663
2.253
2.474
1.693
1.712
2.43
1.628
1.672
1.856
1.752
1.755
2.168
2.388
2.25
2.314
1.729
1.347
1.975
1.938
2.65
1.869
1.884
2.474
1000.0
1.914
1.933
2.65
1.848
1.893
2.077
1.973
1.976
2.389
2.609
2.471
2.535
1.95
1.975
1.938
2.65
1.869
1.884
2.474
2.694
1.914
1.933
2.65
1.848
1.893
2.077
1.973
1.976
2.389
2.609
2.471
2.535
1.95
0.567
1.195
1.157
1.87
1.089
1.103
1.693
1.914
1000.0
1.152
1.87
1.068
1.112
1.296
1.192
1.196
1.609
1.828
1.691
1.755
1.169
1.195
1.157
1.87
1.089
1.103
1.693
1.914
1.134
1.152
1.87
1.068
1.112
1.296
1.192
1.196
1.609
1.828
1.691
1.755
1.169
0.586
1.214
1.176
1.889
1.108
1.122
1.712
1.933
1.152
1000.0
1.889
1.087
1.131
1.315
1.211
1.214
1.628
1.847
1.709
1.773
1.188
1.214
1.176
1.889
1.108
1.122
1.712
1.933
1.152
1.171
1.889
1.087
1.131
1.315
1.211
1.214
1.628
1.847
1.709
1.773
1.188
1.303
1.931
1.894
2.606
1.825
1.84
2.43
2.65
1.87
1.889
1000.0
1.804
1.849
2.033
1.929
1.932
2.345
2.565
2.427
2.491
1.906
1.931
1.894
2.606
1.825
1.84
2.43
2.65
1.87
1.889
2.606
1.804
1.849
2.033
1.929
1.932
2.345
2.565
2.427
2.491
1.906
0.501
1.035
0.11
1.082
0.071
0.074
0.815
1.031
0.092
0.902
1.002
1000.0
1.047
1.231
1.127
1.13
1.543
1.763
1.625
1.689
1.104
1.129
1.092
1.804
1.023
1.038
1.628
1.848
1.068
1.087
1.804
1.002
1.047
1.231
1.127
1.13
1.543
1.763
1.625
1.689
1.104
0.545
1.021
0.189
1.183
0.181
0.044
0.701
1.115
0.182
0.869
1.09
1.047
1000.0
1.275
1.171
1.174
1.588
1.807
1.669
1.733
1.148
1.174
1.136
1.849
1.068
1.082
1.672
1.893
1.112
1.131
1.849
1.047
1.091
1.275
1.171
1.174
1.588
1.807
1.669
1.733
1.148
0.729
0.337
1.096
1.999
1.047
0.962
1.042
1.999
1.078
0.165
1.963
1.231
1.275
1000.0
1.355
1.358
1.771
1.991
1.853
1.917
1.332
1.358
1.32
2.033
1.251
1.266
1.856
2.077
1.296
1.315
2.033
1.231
1.275
1.459
1.355
1.358
1.771
1.991
1.853
1.917
1.332
0.626
0.053
1.122
1.929
1.062
1.01
1.259
1.966
1.1
0.169
1.924
1.127
1.171
1.355
1000.0
1.255
1.668
1.887
1.749
1.814
1.228
1.254
1.216
1.929
1.148
1.162
1.752
1.973
1.192
1.211
1.929
1.127
1.171
1.355
1.251
1.255
1.668
1.887
1.749
1.814
1.228
0.629
0.132
1.182
1.912
1.117
1.086
1.415
1.973
1.159
0.342
1.928
1.13
1.174
1.358
1.255
1000.0
1.671
1.891
1.753
1.817
1.231
1.257
1.22
1.932
1.151
1.166
1.755
1.976
1.196
1.214
1.932
1.13
1.174
1.358
1.255
1.258
1.671
1.891
1.753
1.817
1.231
1.042
1.199
0.814
1.774
0.829
0.694
0.108
1.649
0.817
0.983
1.639
1.543
1.588
1.771
1.668
1.671
1000.0
2.304
2.166
2.23
1.644
1.67
1.633
2.345
1.564
1.579
2.168
2.389
1.609
1.628
2.345
1.543
1.588
1.771
1.668
1.671
2.084
2.304
2.166
2.23
1.644
1.262
1.89
0.886
0.17
0.912
1.034
1.643
0.125
0.896
1.818
0.067
1.763
1.807
1.991
1.887
1.891
2.304
1000.0
2.386
2.45
1.864
1.89
1.852
2.565
1.784
1.798
2.388
2.609
1.828
1.847
2.565
1.763
1.807
1.991
1.887
1.891
2.304
2.523
2.386
2.45
1.864
1.124
1.302
0.848
1.783
0.87
0.74
0.004
1.644
0.854
1.087
1.638
1.625
1.669
1.853
1.749
1.753
2.166
2.386
1000.0
2.312
1.726
1.752
1.715
2.427
1.646
1.66
2.25
2.471
1.691
1.709
2.427
1.625
1.669
1.853
1.749
1.753
2.166
2.386
2.248
2.312
1.726
1.188
1.31
0.953
1.899
0.972
0.838
0.121
1.763
0.958
1.092
1.756
1.689
1.733
1.917
1.814
1.817
2.23
2.45
2.312
1000.0
1.79
1.816
1.779
2.491
1.71
1.724
2.314
2.535
1.755
1.773
2.491
1.689
1.733
1.917
1.814
1.817
2.23
2.45
2.312
2.376
1.79
0.602
0.305
0.981
1.873
0.93
0.852
1.009
1.877
0.963
0.086
1.84
1.104
1.148
1.332
1.228
1.231
1.644
1.864
1.726
1.79
1000.0
1.231
1.193
1.906
1.124
1.139
1.729
1.95
1.169
1.188
1.906
1.104
1.148
1.332
1.228
1.231
1.644
1.864
1.726
1.79
1.205
ENDDATA
