# of pickup customers
5
# of delivery customers
5
# of customers
10
# of tasks
20
# of given tractors
1
c1
10.0
c2
1.0
c3
0.0
timeperiod
16.0
package time
4.165
4.832
3.609
4.914
3.712
4.015
4.851
3.13
3.017
3.278
terminal coordinates
100.0
100.0
customer coordinate
120.09
68.0
81.12
95.76
78.05
74.04
165.81
133.34
72.01
170.08
8.49
65.71
197.8
9.97
117.94
150.97
47.4
122.23
116.71
4.12
distance matrix
0.0
1.171
0.586
1.245
1.127
0.354
0.715
1.053
0.501
0.407
1.485
1.171
0.586
1.245
1.127
0.354
0.715
1.053
0.501
0.407
1.485
1.171
2.342
1.757
2.416
2.298
1.525
1.886
2.224
1.672
1.579
2.656
0.0
0.967
2.416
0.305
1.466
1.872
0.75
1.431
1.48
0.627
0.586
1.757
1.173
1.831
1.713
0.941
1.301
1.639
1.087
0.994
2.071
0.967
0.0
1.659
0.778
0.665
1.068
1.244
1.08
0.639
1.49
1.245
2.416
1.831
2.49
2.372
1.599
1.96
2.298
1.746
1.653
2.73
2.416
1.659
0.0
2.355
0.999
0.592
2.158
1.148
1.02
2.664
1.127
2.298
1.713
2.372
2.253
1.481
1.842
2.18
1.628
1.534
2.611
0.305
0.778
2.355
0.0
1.368
1.783
0.993
1.48
1.367
0.932
0.354
1.525
0.941
1.599
1.481
0.709
1.069
1.407
0.855
0.762
1.839
1.466
0.665
0.999
1.368
0.0
0.416
1.407
0.693
0.077
1.83
0.715
1.886
1.301
1.96
1.842
1.069
1.43
1.768
1.216
1.122
2.2
1.872
1.068
0.592
1.783
0.416
0.0
1.73
0.824
0.429
2.193
1.053
2.224
1.639
2.298
2.18
1.407
1.768
2.106
1.554
1.461
2.538
0.75
1.244
2.158
0.993
1.407
1.73
0.0
1.02
1.458
0.544
0.501
1.672
1.087
1.746
1.628
0.855
1.216
1.554
1.002
0.908
1.985
1.431
1.08
1.148
1.48
0.693
0.824
1.02
0.0
0.77
1.546
0.407
1.579
0.994
1.653
1.534
0.762
1.122
1.461
0.908
0.815
1.892
1.48
0.639
1.02
1.367
0.077
0.429
1.458
0.77
0.0
1.866
1.485
2.656
2.071
2.73
2.611
1.839
2.2
2.538
1.985
1.892
2.969
0.627
1.49
2.664
0.932
1.83
2.193
0.544
1.546
1.866
0.0
1.171
1000.0
1.757
2.416
2.298
1.525
1.886
2.224
1.672
1.579
2.656
2.342
1.757
2.416
2.298
1.525
1.886
2.224
1.672
1.579
2.656
0.586
1.757
1000.0
1.831
1.713
0.941
1.301
1.639
1.087
0.994
2.071
1.757
1.173
1.831
1.713
0.941
1.301
1.639
1.087
0.994
2.071
1.245
2.416
1.831
1000.0
2.372
1.599
1.96
2.298
1.746
1.653
2.73
2.416
1.831
2.49
2.372
1.599
1.96
2.298
1.746
1.653
2.73
1.127
2.298
1.713
2.372
1000.0
1.481
1.842
2.18
1.628
1.534
2.611
2.298
1.713
2.372
2.253
1.481
1.842
2.18
1.628
1.534
2.611
0.354
1.525
0.941
1.599
1.481
1000.0
1.069
1.407
0.855
0.762
1.839
1.525
0.941
1.599
1.481
0.709
1.069
1.407
0.855
0.762
1.839
0.715
1.872
1.068
0.592
1.783
0.416
1000.0
1.768
1.216
1.122
2.2
1.886
1.301
1.96
1.842
1.069
1.43
1.768
1.216
1.122
2.2
1.053
0.75
1.244
2.158
0.993
1.407
1.768
1000.0
1.554
1.461
2.538
2.224
1.639
2.298
2.18
1.407
1.768
2.106
1.554
1.461
2.538
0.501
1.431
1.08
1.148
1.48
0.693
1.216
1.554
1000.0
0.908
1.985
1.672
1.087
1.746
1.628
0.855
1.216
1.554
1.002
0.908
1.985
0.407
1.48
0.639
1.02
1.367
0.077
1.122
1.461
0.908
1000.0
1.892
1.579
0.994
1.653
1.534
0.762
1.122
1.461
0.908
0.815
1.892
1.485
0.627
1.49
2.664
0.932
1.83
2.2
2.538
1.985
1.892
1000.0
2.656
2.071
2.73
2.611
1.839
2.2
2.538
1.985
1.892
2.969
ENDDATA
