# of pickup customers
3
# of delivery customers
2
# of customers
5
# of tasks
10
# of given tractors
1
c1
10.0
c2
1.0
c3
0.0
timeperiod
16.0
package time
4.552
3.067
3.988
3.681
3.174
terminal coordinates
100.0
100.0
customer coordinate
0.98
149.1
174.26
38.82
39.54
84.55
167.54
83.31
93.17
104.94
distance matrix
0.0
1.253
1.044
0.951
0.77
0.758
1.253
1.044
0.951
0.77
0.758
1.253
2.505
2.296
2.204
2.022
2.011
0.0
2.122
2.166
0.485
0.545
1.044
2.296
2.088
1.995
1.813
1.802
2.122
0.0
1.099
1.663
1.577
0.951
2.204
1.995
1.903
1.721
1.71
2.166
1.099
0.0
1.697
1.706
0.77
2.022
1.813
1.721
1.539
1.528
0.485
1.663
1.697
0.0
0.147
0.758
2.011
1.802
1.71
1.528
1.517
0.545
1.577
1.706
0.147
0.0
1.253
1000.0
2.296
2.204
2.022
2.011
2.505
2.296
2.204
2.022
2.011
1.044
2.296
1000.0
1.995
1.813
1.802
2.296
2.088
1.995
1.813
1.802
0.951
2.204
1.995
1000.0
1.721
1.71
2.204
1.995
1.903
1.721
1.71
0.77
0.485
1.663
1.697
1000.0
1.528
2.022
1.813
1.721
1.539
1.528
0.758
0.545
1.577
1.706
1.528
1000.0
2.011
1.802
1.71
1.528
1.517
ENDDATA
