# of pickup customers
4
# of delivery customers
4
# of customers
8
# of tasks
16
# of given tractors
1
c1
10.0
c2
1.0
c3
0.0
timeperiod
16.0
package time
3.921
3.527
3.387
4.384
4.892
3.57
3.142
4.517
terminal coordinates
100.0
100.0
customer coordinate
87.46
30.62
109.96
135.97
115.06
193.89
185.27
3.26
126.75
196.44
80.58
10.91
6.36
63.52
45.18
53.31
distance matrix
0.0
0.369
1.485
0.273
1.201
1.186
1.259
1.267
1.343
0.369
1.485
0.273
1.201
1.186
1.259
1.267
1.343
0.369
0.739
1.854
0.642
1.57
1.555
1.628
1.636
1.712
0.0
1.124
0.642
1.57
1.544
1.547
1.592
1.397
1.485
1.854
2.97
1.758
2.686
2.671
2.744
2.752
2.828
1.124
0.0
1.755
2.667
2.6
2.632
2.704
1.822
0.273
0.642
1.758
0.546
1.474
1.458
1.532
1.54
1.616
0.642
1.755
0.0
0.93
0.93
1.071
1.04
1.377
1.201
1.57
2.686
1.474
2.402
2.387
2.46
2.468
2.544
1.57
2.667
0.93
0.0
0.267
0.978
0.751
1.741
1.186
1.555
2.671
1.458
2.387
2.371
2.445
2.453
2.528
1.544
2.6
0.93
0.267
0.0
1.217
1.003
1.516
1.259
1.628
2.744
1.532
2.46
2.445
2.518
2.526
2.602
1.547
2.632
1.071
0.978
1.217
0.0
0.253
2.386
1.267
1.636
2.752
1.54
2.468
2.453
2.526
2.534
2.61
1.592
2.704
1.04
0.751
1.003
0.253
0.0
2.277
1.343
1.712
2.828
1.616
2.544
2.528
2.602
2.61
2.685
1.397
1.822
1.377
1.741
1.516
2.386
2.277
0.0
0.369
1000.0
1.854
0.642
1.57
1.555
1.628
1.636
1.712
0.739
1.854
0.642
1.57
1.555
1.628
1.636
1.712
1.485
1.854
1000.0
1.758
2.686
2.671
2.744
2.752
2.828
1.854
2.97
1.758
2.686
2.671
2.744
2.752
2.828
0.273
0.642
1.758
1000.0
1.474
1.458
1.532
1.54
1.616
0.642
1.758
0.546
1.474
1.458
1.532
1.54
1.616
1.201
1.57
2.686
1.474
1000.0
2.387
2.46
2.468
2.544
1.57
2.686
1.474
2.402
2.387
2.46
2.468
2.544
1.186
1.544
2.6
0.93
0.267
1000.0
2.445
2.453
2.528
1.555
2.671
1.458
2.387
2.371
2.445
2.453
2.528
1.259
1.547
2.632
1.071
0.978
2.445
1000.0
2.526
2.602
1.628
2.744
1.532
2.46
2.445
2.518
2.526
2.602
1.267
1.592
2.704
1.04
0.751
2.453
2.526
1000.0
2.61
1.636
2.752
1.54
2.468
2.453
2.526
2.534
2.61
1.343
1.397
1.822
1.377
1.741
2.528
2.602
2.61
1000.0
1.712
2.828
1.616
2.544
2.528
2.602
2.61
2.685
ENDDATA
