# of pickup customers
20
# of delivery customers
20
# of customers
40
# of tasks
80
# of given tractors
1
c1
10.0
c2
1.0
c3
0.0
timeperiod
16.0
package time
4.272
3.753
3.911
3.604
3.7
4.558
3.828
3.688
3.756
4.145
4.489
3.976
4.481
3.781
3.631
3.516
3.085
3.43
4.8
3.03
4.171
4.203
3.308
3.246
3.661
3.052
3.317
3.422
4.074
4.207
3.89
4.388
4.935
4.405
4.628
3.99
3.929
3.905
5.0
3.58
terminal coordinates
100.0
100.0
customer coordinate
11.73
173.77
147.72
14.15
151.05
16.23
147.2
145.14
107.65
149.11
19.24
176.24
180.41
16.54
179.97
96.9
182.14
135.79
98.44
168.38
146.99
30.23
165.49
27.32
143.03
137.64
134.36
133.08
113.34
19.76
147.54
23.65
139.69
179.76
136.12
136.09
135.63
148.03
149.19
143.69
183.77
53.51
89.96
173.48
146.33
172.86
96.8
78.46
172.28
95.36
173.4
56.11
53.23
184.42
58.94
176.06
57.48
143.13
170.09
60.08
91.95
178.81
67.11
178.05
89.65
90.18
145.38
77.08
182.24
188.66
156.34
184.08
151.7
52.05
95.38
92.07
79.51
151.22
93.09
148.11
distance matrix
0.0
1.521
1.09
0.61
1.413
0.862
1.388
0.591
0.625
0.909
0.617
1.364
1.1
1.163
1.484
1.124
0.952
1.156
0.701
0.876
0.99
0.596
1.316
0.916
1.333
0.553
0.486
0.712
0.503
1.041
1.495
0.921
1.42
0.815
1.163
0.455
0.462
0.514
0.878
0.621
0.812
1.521
1.09
0.61
1.413
0.862
1.388
0.591
0.625
0.909
0.617
1.364
1.1
1.163
1.484
1.124
0.952
1.156
0.701
0.876
0.99
0.596
1.316
0.916
1.333
0.553
0.486
0.712
0.503
1.041
1.495
0.921
1.42
0.815
1.163
0.455
0.462
0.514
0.878
0.621
0.812
1.521
3.042
2.611
2.131
2.934
2.383
2.909
2.113
2.146
2.43
2.138
2.885
2.621
2.684
3.005
2.645
2.473
2.677
2.222
2.397
2.511
2.117
2.837
2.437
2.854
2.074
2.007
2.233
2.024
2.563
3.016
2.443
2.941
2.336
2.684
1.976
1.983
2.035
2.399
2.142
2.333
0.0
2.599
2.065
0.132
1.803
0.148
2.012
2.125
1.208
2.042
0.16
2.603
2.666
0.061
2.619
1.069
2.651
1.632
1.097
2.495
2.044
0.239
2.413
0.208
2.019
1.961
1.606
2.02
1.27
0.118
1.732
0.149
1.649
2.669
1.907
1.931
2.024
1.752
2.058
1.709
1.09
2.611
2.18
1.7
2.502
1.952
2.478
1.681
1.715
1.999
1.707
2.454
2.19
2.253
2.574
2.214
2.042
2.246
1.791
1.966
2.08
1.686
2.406
2.006
2.423
1.643
1.576
1.801
1.593
2.131
2.585
2.011
2.51
1.905
2.253
1.545
1.552
1.604
1.968
1.711
1.902
2.599
0.0
0.56
2.496
1.195
2.471
0.635
0.475
1.699
0.607
2.445
0.045
0.083
2.557
0.103
1.808
0.116
1.217
1.735
0.106
0.586
2.382
0.199
2.403
0.593
0.643
1.25
0.588
1.778
2.561
1.327
2.487
1.299
0.077
0.704
0.674
0.577
1.263
0.582
1.241
0.61
2.131
1.7
1.219
2.022
1.471
1.997
1.201
1.235
1.518
1.226
1.974
1.709
1.772
2.093
1.733
1.561
1.766
1.31
1.486
1.599
1.205
1.925
1.526
1.943
1.163
1.096
1.321
1.113
1.651
2.104
1.531
2.029
1.424
1.773
1.065
1.071
1.123
1.487
1.23
1.422
2.065
0.56
0.0
1.969
0.706
1.943
0.086
0.147
1.144
0.07
1.915
0.553
0.615
2.021
0.559
1.25
0.592
0.681
1.176
0.454
0.026
1.841
0.362
1.865
0.059
0.126
0.713
0.244
1.231
2.02
0.83
1.947
0.778
0.62
0.16
0.148
0.2
0.766
0.043
0.729
1.413
2.934
2.502
2.022
2.825
2.274
2.8
2.004
2.038
2.321
2.029
2.777
2.512
2.575
2.896
2.536
2.364
2.569
2.113
2.289
2.402
2.008
2.728
2.329
2.746
1.966
1.899
2.124
1.916
2.454
2.907
2.334
2.832
2.227
2.576
1.868
1.874
1.926
2.29
2.033
2.225
0.132
2.496
1.969
0.0
1.745
0.027
1.92
2.023
1.169
1.949
0.064
2.502
2.565
0.14
2.519
1.035
2.552
1.567
1.054
2.393
1.948
0.212
2.312
0.174
1.922
1.862
1.543
1.914
1.245
0.202
1.681
0.178
1.593
2.567
1.81
1.833
1.92
1.696
1.964
1.65
0.862
2.383
1.952
1.471
2.274
1.723
2.25
1.453
1.487
1.77
1.478
2.226
1.961
2.025
2.346
1.985
1.813
2.018
1.562
1.738
1.851
1.458
2.177
1.778
2.195
1.415
1.348
1.573
1.365
1.903
2.356
1.783
2.281
1.676
2.025
1.317
1.324
1.376
1.739
1.483
1.674
1.803
1.195
0.706
1.745
0.0
1.718
0.621
0.852
0.632
0.638
1.682
1.171
1.22
1.747
1.151
0.772
1.177
0.195
0.722
1.1
0.682
1.564
1.007
1.597
0.716
0.722
0.209
0.894
0.651
1.724
0.133
1.661
0.157
1.232
0.664
0.704
0.857
0.072
0.666
0.095
1.388
2.909
2.478
1.997
2.8
2.25
2.776
1.979
2.013
2.296
2.004
2.752
2.487
2.551
2.872
2.511
2.339
2.544
2.088
2.264
2.378
1.984
2.703
2.304
2.721
1.941
1.874
2.099
1.891
2.429
2.883
2.309
2.807
2.203
2.551
1.843
1.85
1.902
2.265
2.009
2.2
0.148
2.471
1.943
0.027
1.718
0.0
1.893
1.997
1.143
1.923
0.038
2.476
2.539
0.145
2.493
1.009
2.526
1.54
1.028
2.367
1.922
0.19
2.287
0.153
1.896
1.836
1.516
1.889
1.22
0.202
1.654
0.168
1.566
2.541
1.784
1.807
1.895
1.67
1.938
1.623
0.591
2.113
1.681
1.201
2.004
1.453
1.979
1.183
1.217
1.5
1.208
1.956
1.691
1.754
2.075
1.715
1.543
1.748
1.292
1.468
1.581
1.187
1.907
1.507
1.924
1.145
1.078
1.303
1.094
1.633
2.086
1.513
2.011
1.406
1.755
1.047
1.053
1.105
1.469
1.212
1.404
2.012
0.635
0.086
1.92
0.621
1.893
0.0
0.231
1.065
0.03
1.864
0.625
0.685
1.966
0.626
1.173
0.658
0.596
1.1
0.53
0.061
1.786
0.436
1.81
0.103
0.145
0.628
0.303
1.149
1.964
0.744
1.891
0.693
0.692
0.14
0.151
0.26
0.68
0.053
0.643
0.625
2.146
1.715
1.235
2.038
1.487
2.013
1.217
1.25
1.534
1.242
1.989
1.725
1.788
2.109
1.749
1.577
1.781
1.326
1.502
1.615
1.221
1.941
1.541
1.958
1.178
1.111
1.337
1.128
1.667
2.12
1.547
2.045
1.44
1.788
1.08
1.087
1.139
1.503
1.246
1.438
2.125
0.475
0.147
2.023
0.852
1.997
0.231
0.0
1.263
0.217
1.971
0.479
0.542
2.083
0.499
1.361
0.532
0.817
1.286
0.37
0.17
1.907
0.291
1.928
0.142
0.174
0.847
0.152
1.357
2.087
0.974
2.012
0.918
0.544
0.24
0.204
0.12
0.91
0.19
0.871
0.909
2.43
1.999
1.518
2.321
1.77
2.296
1.5
1.534
1.817
1.525
2.273
2.008
2.071
2.392
2.032
1.86
2.065
1.609
1.785
1.898
1.504
2.224
1.825
2.242
1.462
1.395
1.62
1.412
1.95
2.403
1.83
2.328
1.723
2.072
1.364
1.37
1.422
1.786
1.529
1.721
1.208
1.699
1.144
1.169
0.632
1.143
1.065
1.263
0.0
1.092
1.105
1.686
1.744
1.149
1.681
0.142
1.711
0.506
0.118
1.595
1.118
0.971
1.5
1.007
1.124
1.093
0.474
1.232
0.143
1.118
0.537
1.06
0.476
1.752
1.025
1.064
1.211
0.569
1.118
0.542
0.617
2.138
1.707
1.226
2.029
1.478
2.004
1.208
1.242
1.525
1.233
1.981
1.716
1.779
2.1
1.74
1.568
1.773
1.317
1.493
1.606
1.213
1.932
1.533
1.95
1.17
1.103
1.328
1.12
1.658
2.111
1.538
2.036
1.431
1.78
1.072
1.078
1.13
1.494
1.238
1.429
2.042
0.607
0.07
1.949
0.638
1.923
0.03
0.217
1.092
0.0
1.894
0.596
0.656
1.996
0.597
1.201
0.628
0.62
1.129
0.502
0.05
1.816
0.408
1.84
0.104
0.157
0.652
0.304
1.174
1.994
0.763
1.921
0.714
0.663
0.162
0.168
0.26
0.698
0.028
0.663
1.364
2.885
2.454
1.974
2.777
2.226
2.752
1.956
1.989
2.273
1.981
2.728
2.464
2.527
2.848
2.488
2.316
2.52
2.065
2.24
2.354
1.96
2.68
2.28
2.697
1.917
1.85
2.076
1.867
2.406
2.859
2.286
2.784
2.179
2.527
1.819
1.826
1.878
2.242
1.985
2.176
0.16
2.445
1.915
0.064
1.682
0.038
1.864
1.971
1.105
1.894
0.0
2.45
2.513
0.142
2.467
0.971
2.499
1.505
0.991
2.341
1.894
0.153
2.26
0.117
1.868
1.809
1.481
1.864
1.181
0.191
1.618
0.144
1.53
2.515
1.757
1.78
1.869
1.634
1.91
1.587
1.1
2.621
2.19
1.709
2.512
1.961
2.487
1.691
1.725
2.008
1.716
2.464
2.199
2.262
2.584
2.223
2.051
2.256
1.8
1.976
2.089
1.696
2.415
2.016
2.433
1.653
1.586
1.811
1.603
2.141
2.594
2.021
2.519
1.914
2.263
1.555
1.562
1.613
1.977
1.721
1.912
2.603
0.045
0.553
2.502
1.171
2.476
0.625
0.479
1.686
0.596
2.45
0.0
0.063
2.561
0.059
1.798
0.076
1.2
1.725
0.11
0.578
2.384
0.192
2.406
0.59
0.644
1.233
0.6
1.762
2.563
1.303
2.489
1.279
0.067
0.702
0.674
0.586
1.24
0.573
1.22
1.163
2.684
2.253
1.772
2.575
2.025
2.551
1.754
1.788
2.071
1.779
2.527
2.262
2.326
2.647
2.286
2.114
2.319
1.863
2.039
2.153
1.759
2.478
2.079
2.496
1.716
1.649
1.874
1.666
2.204
2.658
2.084
2.582
1.978
2.326
1.618
1.625
1.677
2.04
1.784
1.975
2.666
0.083
0.615
2.565
1.22
2.539
0.685
0.542
1.744
0.656
2.513
0.063
0.0
2.624
0.072
1.857
0.057
1.255
1.784
0.173
0.639
2.447
0.255
2.469
0.652
0.707
1.288
0.662
1.818
2.626
1.353
2.552
1.332
0.017
0.764
0.737
0.649
1.29
0.633
1.272
1.484
3.005
2.574
2.093
2.896
2.346
2.872
2.075
2.109
2.392
2.1
2.848
2.584
2.647
2.968
2.608
2.435
2.64
2.184
2.36
2.474
2.08
2.8
2.4
2.817
2.037
1.97
2.195
1.987
2.525
2.979
2.405
2.904
2.299
2.647
1.939
1.946
1.998
2.362
2.105
2.296
0.061
2.557
2.021
0.14
1.747
0.145
1.966
2.083
1.149
1.996
0.142
2.561
2.624
0.0
2.576
1.01
2.608
1.577
1.039
2.453
1.999
0.185
2.37
0.157
1.976
1.918
1.551
1.981
1.21
0.067
1.675
0.089
1.593
2.627
1.864
1.888
1.984
1.695
2.013
1.653
1.124
2.645
2.214
1.733
2.536
1.985
2.511
1.715
1.749
2.032
1.74
2.488
2.223
2.286
2.608
2.247
2.075
2.28
1.824
2.0
2.113
1.72
2.439
2.04
2.457
1.677
1.61
1.835
1.627
2.165
2.618
2.045
2.543
1.938
2.287
1.579
1.586
1.637
2.001
1.745
1.936
2.619
0.103
0.559
2.519
1.151
2.493
0.626
0.499
1.681
0.597
2.467
0.059
0.072
2.576
0.0
1.795
0.033
1.188
1.723
0.146
0.583
2.398
0.208
2.42
0.6
0.658
1.222
0.628
1.752
2.577
1.283
2.503
1.264
0.086
0.713
0.687
0.611
1.221
0.575
1.203
0.952
2.473
2.042
1.561
2.364
1.813
2.339
1.543
1.577
1.86
1.568
2.316
2.051
2.114
2.435
2.075
1.903
2.108
1.652
1.828
1.941
1.547
2.267
1.868
2.285
1.505
1.438
1.663
1.455
1.993
2.446
1.873
2.371
1.766
2.115
1.407
1.413
1.465
1.829
1.572
1.764
1.069
1.808
1.25
1.035
0.772
1.009
1.173
1.361
0.142
1.201
0.971
1.798
1.857
1.01
1.795
0.0
1.825
0.637
0.077
1.703
1.224
0.834
1.609
0.87
1.224
1.188
0.605
1.317
0.22
0.977
0.679
0.921
0.615
1.864
1.121
1.159
1.3
0.711
1.226
0.681
1.156
2.677
2.246
1.766
2.569
2.018
2.544
1.748
1.781
2.065
1.773
2.52
2.256
2.319
2.64
2.28
2.108
2.312
1.857
2.033
2.146
1.752
2.472
2.072
2.489
1.709
1.642
1.868
1.659
2.198
2.651
2.078
2.576
1.971
2.319
1.611
1.618
1.67
2.034
1.777
1.969
2.651
0.116
0.592
2.552
1.177
2.526
0.658
0.532
1.711
0.628
2.499
0.076
0.057
2.608
0.033
1.825
0.0
1.217
1.754
0.175
0.615
2.43
0.24
2.453
0.633
0.69
1.251
0.66
1.781
2.609
1.309
2.536
1.292
0.074
0.745
0.72
0.643
1.247
0.606
1.231
0.701
2.222
1.791
1.31
2.113
1.562
2.088
1.292
1.326
1.609
1.317
2.065
1.8
1.863
2.184
1.824
1.652
1.857
1.401
1.577
1.69
1.297
2.016
1.617
2.034
1.254
1.187
1.412
1.204
1.742
2.195
1.622
2.12
1.515
1.864
1.156
1.162
1.214
1.578
1.321
1.513
1.632
1.217
0.681
1.567
0.195
1.54
0.596
0.817
0.506
0.62
1.505
1.2
1.255
1.577
1.188
0.637
1.217
0.0
0.576
1.115
0.655
1.393
1.02
1.424
0.675
0.662
0.033
0.826
0.564
1.558
0.221
1.492
0.118
1.264
0.597
0.638
0.795
0.183
0.648
0.117
0.876
2.397
1.966
1.486
2.289
1.738
2.264
1.468
1.502
1.785
1.493
2.24
1.976
2.039
2.36
2.0
1.828
2.033
1.577
1.753
1.866
1.472
2.192
1.792
2.209
1.43
1.363
1.588
1.379
1.918
2.371
1.798
2.296
1.691
2.04
1.332
1.338
1.39
1.754
1.497
1.689
1.097
1.735
1.176
1.054
0.722
1.028
1.1
1.286
0.118
1.129
0.991
1.725
1.784
1.039
1.723
0.077
1.754
0.576
0.0
1.63
1.15
0.86
1.536
0.895
1.15
1.113
0.545
1.241
0.24
1.011
0.637
0.951
0.565
1.792
1.046
1.083
1.224
0.663
1.153
0.629
0.99
2.511
2.08
1.599
2.402
1.851
2.378
1.581
1.615
1.898
1.606
2.354
2.089
2.153
2.474
2.113
1.941
2.146
1.69
1.866
1.979
1.586
2.305
1.906
2.323
1.543
1.476
1.701
1.493
2.031
2.484
1.911
2.409
1.804
2.153
1.445
1.452
1.504
1.867
1.611
1.802
2.495
0.106
0.454
2.393
1.1
2.367
0.53
0.37
1.595
0.502
2.341
0.11
0.173
2.453
0.146
1.703
0.175
1.115
1.63
0.0
0.48
2.277
0.095
2.299
0.487
0.538
1.148
0.49
1.675
2.457
1.231
2.382
1.2
0.174
0.598
0.568
0.476
1.167
0.477
1.143
0.596
2.117
1.686
1.205
2.008
1.458
1.984
1.187
1.221
1.504
1.213
1.96
1.696
1.759
2.08
1.72
1.547
1.752
1.297
1.472
1.586
1.192
1.912
1.512
1.929
1.149
1.082
1.307
1.099
1.637
2.091
1.517
2.016
1.411
1.759
1.051
1.058
1.11
1.474
1.217
1.408
2.044
0.586
0.026
1.948
0.682
1.922
0.061
0.17
1.118
0.05
1.894
0.578
0.639
1.999
0.583
1.224
0.615
0.655
1.15
0.48
0.0
1.819
0.387
1.843
0.057
0.119
0.686
0.255
1.204
1.998
0.805
1.924
0.752
0.645
0.142
0.136
0.211
0.741
0.031
0.703
1.316
2.837
2.406
1.925
2.728
2.177
2.703
1.907
1.941
2.224
1.932
2.68
2.415
2.478
2.8
2.439
2.267
2.472
2.016
2.192
2.305
1.912
2.631
2.232
2.649
1.869
1.802
2.027
1.819
2.357
2.81
2.237
2.735
2.13
2.479
1.771
1.778
1.829
2.193
1.937
2.128
0.239
2.382
1.841
0.212
1.564
0.19
1.786
1.907
0.971
1.816
0.153
2.384
2.447
0.185
2.398
0.834
2.43
1.393
0.86
2.277
1.819
0.0
2.193
0.038
1.797
1.741
1.367
1.808
1.04
0.18
1.493
0.105
1.41
2.45
1.685
1.711
1.81
1.512
1.833
1.469
0.916
2.437
2.006
1.526
2.329
1.778
2.304
1.507
1.541
1.825
1.533
2.28
2.016
2.079
2.4
2.04
1.868
2.072
1.617
1.792
1.906
1.512
2.232
1.832
2.249
1.469
1.402
1.628
1.419
1.957
2.411
1.838
2.336
1.731
2.079
1.371
1.378
1.43
1.794
1.537
1.728
2.413
0.199
0.362
2.312
1.007
2.287
0.436
0.291
1.5
0.408
2.26
0.192
0.255
2.37
0.208
1.609
0.24
1.02
1.536
0.095
0.387
2.193
0.0
2.215
0.398
0.452
1.053
0.424
1.58
2.372
1.138
2.298
1.105
0.259
0.51
0.482
0.404
1.074
0.383
1.049
1.333
2.854
2.423
1.943
2.746
2.195
2.721
1.924
1.958
2.242
1.95
2.697
2.433
2.496
2.817
2.457
2.285
2.489
2.034
2.209
2.323
1.929
2.649
2.249
2.666
1.886
1.819
2.045
1.836
2.375
2.828
2.255
2.753
2.148
2.496
1.788
1.795
1.847
2.211
1.954
2.145
0.208
2.403
1.865
0.174
1.597
0.153
1.81
1.928
1.007
1.84
0.117
2.406
2.469
0.157
2.42
0.87
2.453
1.424
0.895
2.299
1.843
0.038
2.215
0.0
1.82
1.763
1.399
1.828
1.077
0.163
1.527
0.088
1.443
2.472
1.708
1.733
1.83
1.546
1.857
1.502
0.553
2.074
1.643
1.163
1.966
1.415
1.941
1.145
1.178
1.462
1.17
1.917
1.653
1.716
2.037
1.677
1.505
1.709
1.254
1.43
1.543
1.149
1.869
1.469
1.886
1.106
1.039
1.265
1.056
1.595
2.048
1.475
1.973
1.368
1.717
1.008
1.015
1.067
1.431
1.174
1.366
2.019
0.593
0.059
1.922
0.716
1.896
0.103
0.142
1.124
0.104
1.868
0.59
0.652
1.976
0.6
1.224
0.633
0.675
1.15
0.487
0.057
1.797
0.398
1.82
0.0
0.068
0.705
0.2
1.215
1.976
0.836
1.903
0.777
0.657
0.112
0.092
0.157
0.772
0.088
0.731
0.486
2.007
1.576
1.096
1.899
1.348
1.874
1.078
1.111
1.395
1.103
1.85
1.586
1.649
1.97
1.61
1.438
1.642
1.187
1.363
1.476
1.082
1.802
1.402
1.819
1.039
0.972
1.198
0.989
1.528
1.981
1.408
1.906
1.301
1.65
0.941
0.948
1.0
1.364
1.107
1.299
1.961
0.643
0.126
1.862
0.722
1.836
0.145
0.174
1.093
0.157
1.809
0.644
0.707
1.918
0.658
1.188
0.69
0.662
1.113
0.538
0.119
1.741
0.452
1.763
0.068
0.0
0.691
0.173
1.19
1.92
0.836
1.846
0.769
0.71
0.068
0.031
0.136
0.774
0.149
0.728
0.712
2.233
1.801
1.321
2.124
1.573
2.099
1.303
1.337
1.62
1.328
2.076
1.811
1.874
2.195
1.835
1.663
1.868
1.412
1.588
1.701
1.307
2.027
1.628
2.045
1.265
1.198
1.423
1.215
1.753
2.206
1.633
2.131
1.526
1.875
1.167
1.173
1.225
1.589
1.332
1.524
1.606
1.25
0.713
1.543
0.209
1.516
0.628
0.847
0.474
0.652
1.481
1.233
1.288
1.551
1.222
0.605
1.251
0.033
0.545
1.148
0.686
1.367
1.053
1.399
0.705
0.691
0.0
0.854
0.53
1.531
0.214
1.466
0.103
1.297
0.625
0.667
0.824
0.186
0.679
0.122
0.503
2.024
1.593
1.113
1.916
1.365
1.891
1.094
1.128
1.412
1.12
1.867
1.603
1.666
1.987
1.627
1.455
1.659
1.204
1.379
1.493
1.099
1.819
1.419
1.836
1.056
0.989
1.215
1.006
1.544
1.998
1.425
1.923
1.318
1.666
0.958
0.965
1.017
1.381
1.124
1.315
2.02
0.588
0.244
1.914
0.894
1.889
0.303
0.152
1.232
0.304
1.864
0.6
0.662
1.981
0.628
1.317
0.66
0.826
1.241
0.49
0.255
1.808
0.424
1.828
0.2
0.173
0.854
0.0
1.337
1.988
1.007
1.913
0.936
0.662
0.232
0.191
0.044
0.945
0.284
0.898
1.041
2.563
2.131
1.651
2.454
1.903
2.429
1.633
1.667
1.95
1.658
2.406
2.141
2.204
2.525
2.165
1.993
2.198
1.742
1.918
2.031
1.637
2.357
1.957
2.375
1.595
1.528
1.753
1.544
2.083
2.536
1.963
2.461
1.856
2.205
1.497
1.503
1.555
1.919
1.662
1.854
1.27
1.778
1.231
1.245
0.651
1.22
1.149
1.357
0.143
1.174
1.181
1.762
1.818
1.21
1.752
0.22
1.781
0.564
0.24
1.675
1.204
1.04
1.58
1.077
1.215
1.19
0.53
1.337
0.0
1.172
0.536
1.121
0.504
1.827
1.122
1.162
1.314
0.582
1.201
0.571
1.495
3.016
2.585
2.104
2.907
2.356
2.883
2.086
2.12
2.403
2.111
2.859
2.594
2.658
2.979
2.618
2.446
2.651
2.195
2.371
2.484
2.091
2.81
2.411
2.828
2.048
1.981
2.206
1.998
2.536
2.989
2.416
2.914
2.309
2.658
1.95
1.957
2.009
2.372
2.116
2.307
0.118
2.561
2.02
0.202
1.724
0.202
1.964
2.087
1.118
1.994
0.191
2.563
2.626
0.067
2.577
0.977
2.609
1.558
1.011
2.457
1.998
0.18
2.372
0.163
1.976
1.92
1.531
1.988
1.172
0.0
1.648
0.075
1.569
2.63
1.864
1.89
1.99
1.67
2.011
1.63
0.921
2.443
2.011
1.531
2.334
1.783
2.309
1.513
1.547
1.83
1.538
2.286
2.021
2.084
2.405
2.045
1.873
2.078
1.622
1.798
1.911
1.517
2.237
1.838
2.255
1.475
1.408
1.633
1.425
1.963
2.416
1.843
2.341
1.736
2.085
1.377
1.383
1.435
1.799
1.542
1.734
1.732
1.327
0.83
1.681
0.133
1.654
0.744
0.974
0.537
0.763
1.618
1.303
1.353
1.675
1.283
0.679
1.309
0.221
0.637
1.231
0.805
1.493
1.138
1.527
0.836
0.836
0.214
1.007
0.536
1.648
0.0
1.587
0.114
1.364
0.775
0.816
0.972
0.064
0.791
0.114
1.42
2.941
2.51
2.029
2.832
2.281
2.807
2.011
2.045
2.328
2.036
2.784
2.519
2.582
2.904
2.543
2.371
2.576
2.12
2.296
2.409
2.016
2.735
2.336
2.753
1.973
1.906
2.131
1.923
2.461
2.914
2.341
2.839
2.234
2.583
1.875
1.882
1.933
2.297
2.041
2.232
0.149
2.487
1.947
0.178
1.661
0.168
1.891
2.012
1.06
1.921
0.144
2.489
2.552
0.089
2.503
0.921
2.536
1.492
0.951
2.382
1.924
0.105
2.298
0.088
1.903
1.846
1.466
1.913
1.121
0.075
1.587
0.0
1.506
2.556
1.79
1.816
1.915
1.608
1.938
1.566
0.815
2.336
1.905
1.424
2.227
1.676
2.203
1.406
1.44
1.723
1.431
2.179
1.914
1.978
2.299
1.938
1.766
1.971
1.515
1.691
1.804
1.411
2.13
1.731
2.148
1.368
1.301
1.526
1.318
1.856
2.309
1.736
2.234
1.629
1.978
1.27
1.277
1.328
1.692
1.436
1.627
1.649
1.299
0.778
1.593
0.157
1.566
0.693
0.918
0.476
0.714
1.53
1.279
1.332
1.593
1.264
0.615
1.292
0.118
0.565
1.2
0.752
1.41
1.105
1.443
0.777
0.769
0.103
0.936
0.504
1.569
0.114
1.506
0.0
1.343
0.705
0.747
0.904
0.104
0.742
0.067
1.163
2.684
2.253
1.773
2.576
2.025
2.551
1.755
1.788
2.072
1.78
2.527
2.263
2.326
2.647
2.287
2.115
2.319
1.864
2.04
2.153
1.759
2.479
2.079
2.496
1.717
1.65
1.875
1.666
2.205
2.658
2.085
2.583
1.978
2.327
1.618
1.625
1.677
2.041
1.784
1.976
2.669
0.077
0.62
2.567
1.232
2.541
0.692
0.544
1.752
0.663
2.515
0.067
0.017
2.627
0.086
1.864
0.074
1.264
1.792
0.174
0.645
2.45
0.259
2.472
0.657
0.71
1.297
0.662
1.827
2.63
1.364
2.556
1.343
0.0
0.769
0.74
0.65
1.302
0.64
1.283
0.455
1.976
1.545
1.065
1.868
1.317
1.843
1.047
1.08
1.364
1.072
1.819
1.555
1.618
1.939
1.579
1.407
1.611
1.156
1.332
1.445
1.051
1.771
1.371
1.788
1.008
0.941
1.167
0.958
1.497
1.95
1.377
1.875
1.27
1.618
0.91
0.917
0.969
1.333
1.076
1.268
1.907
0.704
0.16
1.81
0.664
1.784
0.14
0.24
1.025
0.162
1.757
0.702
0.764
1.864
0.713
1.121
0.745
0.597
1.046
0.598
0.142
1.685
0.51
1.708
0.112
0.068
0.625
0.232
1.122
1.864
0.775
1.79
0.705
0.769
0.0
0.041
0.198
0.714
0.166
0.666
0.462
1.983
1.552
1.071
1.874
1.324
1.85
1.053
1.087
1.37
1.078
1.826
1.562
1.625
1.946
1.586
1.413
1.618
1.162
1.338
1.452
1.058
1.778
1.378
1.795
1.015
0.948
1.173
0.965
1.503
1.957
1.383
1.882
1.277
1.625
0.917
0.924
0.976
1.34
1.083
1.274
1.931
0.674
0.148
1.833
0.704
1.807
0.151
0.204
1.064
0.168
1.78
0.674
0.737
1.888
0.687
1.159
0.72
0.638
1.083
0.568
0.136
1.711
0.482
1.733
0.092
0.031
0.667
0.191
1.162
1.89
0.816
1.816
0.747
0.74
0.041
0.0
0.157
0.754
0.164
0.707
0.514
2.035
1.604
1.123
1.926
1.376
1.902
1.105
1.139
1.422
1.13
1.878
1.613
1.677
1.998
1.637
1.465
1.67
1.214
1.39
1.504
1.11
1.829
1.43
1.847
1.067
1.0
1.225
1.017
1.555
2.009
1.435
1.933
1.328
1.677
0.969
0.976
1.028
1.391
1.135
1.326
2.024
0.577
0.2
1.92
0.857
1.895
0.26
0.12
1.211
0.26
1.869
0.586
0.649
1.984
0.611
1.3
0.643
0.795
1.224
0.476
0.211
1.81
0.404
1.83
0.157
0.136
0.824
0.044
1.314
1.99
0.972
1.915
0.904
0.65
0.198
0.157
0.0
0.91
0.24
0.863
0.878
2.399
1.968
1.487
2.29
1.739
2.265
1.469
1.503
1.786
1.494
2.242
1.977
2.04
2.362
2.001
1.829
2.034
1.578
1.754
1.867
1.474
2.193
1.794
2.211
1.431
1.364
1.589
1.381
1.919
2.372
1.799
2.297
1.692
2.041
1.333
1.34
1.391
1.755
1.499
1.69
1.752
1.263
0.766
1.696
0.072
1.67
0.68
0.91
0.569
0.698
1.634
1.24
1.29
1.695
1.221
0.711
1.247
0.183
0.663
1.167
0.741
1.512
1.074
1.546
0.772
0.774
0.186
0.945
0.582
1.67
0.064
1.608
0.104
1.302
0.714
0.754
0.91
0.0
0.727
0.067
0.621
2.142
1.711
1.23
2.033
1.483
2.009
1.212
1.246
1.529
1.238
1.985
1.721
1.784
2.105
1.745
1.572
1.777
1.321
1.497
1.611
1.217
1.937
1.537
1.954
1.174
1.107
1.332
1.124
1.662
2.116
1.542
2.041
1.436
1.784
1.076
1.083
1.135
1.499
1.242
1.433
2.058
0.582
0.043
1.964
0.666
1.938
0.053
0.19
1.118
0.028
1.91
0.573
0.633
2.013
0.575
1.226
0.606
0.648
1.153
0.477
0.031
1.833
0.383
1.857
0.088
0.149
0.679
0.284
1.201
2.011
0.791
1.938
0.742
0.64
0.166
0.164
0.24
0.727
0.0
0.691
0.812
2.333
1.902
1.422
2.225
1.674
2.2
1.404
1.438
1.721
1.429
2.176
1.912
1.975
2.296
1.936
1.764
1.969
1.513
1.689
1.802
1.408
2.128
1.728
2.145
1.366
1.299
1.524
1.315
1.854
2.307
1.734
2.232
1.627
1.976
1.268
1.274
1.326
1.69
1.433
1.625
1.709
1.241
0.729
1.65
0.095
1.623
0.643
0.871
0.542
0.663
1.587
1.22
1.272
1.653
1.203
0.681
1.231
0.117
0.629
1.143
0.703
1.469
1.049
1.502
0.731
0.728
0.122
0.898
0.571
1.63
0.114
1.566
0.067
1.283
0.666
0.707
0.863
0.067
0.691
0.0
1.521
1000.0
2.611
2.131
2.934
2.383
2.909
2.113
2.146
2.43
2.138
2.885
2.621
2.684
3.005
2.645
2.473
2.677
2.222
2.397
2.511
2.117
2.837
2.437
2.854
2.074
2.007
2.233
2.024
2.563
3.016
2.443
2.941
2.336
2.684
1.976
1.983
2.035
2.399
2.142
2.333
3.042
2.611
2.131
2.934
2.383
2.909
2.113
2.146
2.43
2.138
2.885
2.621
2.684
3.005
2.645
2.473
2.677
2.222
2.397
2.511
2.117
2.837
2.437
2.854
2.074
2.007
2.233
2.024
2.563
3.016
2.443
2.941
2.336
2.684
1.976
1.983
2.035
2.399
2.142
2.333
1.09
2.611
1000.0
1.7
2.502
1.952
2.478
1.681
1.715
1.999
1.707
2.454
2.19
2.253
2.574
2.214
2.042
2.246
1.791
1.966
2.08
1.686
2.406
2.006
2.423
1.643
1.576
1.801
1.593
2.131
2.585
2.011
2.51
1.905
2.253
1.545
1.552
1.604
1.968
1.711
1.902
2.611
2.18
1.7
2.502
1.952
2.478
1.681
1.715
1.999
1.707
2.454
2.19
2.253
2.574
2.214
2.042
2.246
1.791
1.966
2.08
1.686
2.406
2.006
2.423
1.643
1.576
1.801
1.593
2.131
2.585
2.011
2.51
1.905
2.253
1.545
1.552
1.604
1.968
1.711
1.902
0.61
2.131
1.7
1000.0
2.022
1.471
1.997
1.201
1.235
1.518
1.226
1.974
1.709
1.772
2.093
1.733
1.561
1.766
1.31
1.486
1.599
1.205
1.925
1.526
1.943
1.163
1.096
1.321
1.113
1.651
2.104
1.531
2.029
1.424
1.773
1.065
1.071
1.123
1.487
1.23
1.422
2.131
1.7
1.219
2.022
1.471
1.997
1.201
1.235
1.518
1.226
1.974
1.709
1.772
2.093
1.733
1.561
1.766
1.31
1.486
1.599
1.205
1.925
1.526
1.943
1.163
1.096
1.321
1.113
1.651
2.104
1.531
2.029
1.424
1.773
1.065
1.071
1.123
1.487
1.23
1.422
1.413
2.934
2.502
2.022
1000.0
2.274
2.8
2.004
2.038
2.321
2.029
2.777
2.512
2.575
2.896
2.536
2.364
2.569
2.113
2.289
2.402
2.008
2.728
2.329
2.746
1.966
1.899
2.124
1.916
2.454
2.907
2.334
2.832
2.227
2.576
1.868
1.874
1.926
2.29
2.033
2.225
2.934
2.502
2.022
2.825
2.274
2.8
2.004
2.038
2.321
2.029
2.777
2.512
2.575
2.896
2.536
2.364
2.569
2.113
2.289
2.402
2.008
2.728
2.329
2.746
1.966
1.899
2.124
1.916
2.454
2.907
2.334
2.832
2.227
2.576
1.868
1.874
1.926
2.29
2.033
2.225
0.862
2.383
1.952
1.471
2.274
1000.0
2.25
1.453
1.487
1.77
1.478
2.226
1.961
2.025
2.346
1.985
1.813
2.018
1.562
1.738
1.851
1.458
2.177
1.778
2.195
1.415
1.348
1.573
1.365
1.903
2.356
1.783
2.281
1.676
2.025
1.317
1.324
1.376
1.739
1.483
1.674
2.383
1.952
1.471
2.274
1.723
2.25
1.453
1.487
1.77
1.478
2.226
1.961
2.025
2.346
1.985
1.813
2.018
1.562
1.738
1.851
1.458
2.177
1.778
2.195
1.415
1.348
1.573
1.365
1.903
2.356
1.783
2.281
1.676
2.025
1.317
1.324
1.376
1.739
1.483
1.674
1.388
2.909
2.478
1.997
2.8
2.25
1000.0
1.979
2.013
2.296
2.004
2.752
2.487
2.551
2.872
2.511
2.339
2.544
2.088
2.264
2.378
1.984
2.703
2.304
2.721
1.941
1.874
2.099
1.891
2.429
2.883
2.309
2.807
2.203
2.551
1.843
1.85
1.902
2.265
2.009
2.2
2.909
2.478
1.997
2.8
2.25
2.776
1.979
2.013
2.296
2.004
2.752
2.487
2.551
2.872
2.511
2.339
2.544
2.088
2.264
2.378
1.984
2.703
2.304
2.721
1.941
1.874
2.099
1.891
2.429
2.883
2.309
2.807
2.203
2.551
1.843
1.85
1.902
2.265
2.009
2.2
0.591
2.113
1.681
1.201
2.004
1.453
1.979
1000.0
1.217
1.5
1.208
1.956
1.691
1.754
2.075
1.715
1.543
1.748
1.292
1.468
1.581
1.187
1.907
1.507
1.924
1.145
1.078
1.303
1.094
1.633
2.086
1.513
2.011
1.406
1.755
1.047
1.053
1.105
1.469
1.212
1.404
2.113
1.681
1.201
2.004
1.453
1.979
1.183
1.217
1.5
1.208
1.956
1.691
1.754
2.075
1.715
1.543
1.748
1.292
1.468
1.581
1.187
1.907
1.507
1.924
1.145
1.078
1.303
1.094
1.633
2.086
1.513
2.011
1.406
1.755
1.047
1.053
1.105
1.469
1.212
1.404
0.625
2.146
1.715
1.235
2.038
1.487
2.013
1.217
1000.0
1.534
1.242
1.989
1.725
1.788
2.109
1.749
1.577
1.781
1.326
1.502
1.615
1.221
1.941
1.541
1.958
1.178
1.111
1.337
1.128
1.667
2.12
1.547
2.045
1.44
1.788
1.08
1.087
1.139
1.503
1.246
1.438
2.146
1.715
1.235
2.038
1.487
2.013
1.217
1.25
1.534
1.242
1.989
1.725
1.788
2.109
1.749
1.577
1.781
1.326
1.502
1.615
1.221
1.941
1.541
1.958
1.178
1.111
1.337
1.128
1.667
2.12
1.547
2.045
1.44
1.788
1.08
1.087
1.139
1.503
1.246
1.438
0.909
2.43
1.999
1.518
2.321
1.77
2.296
1.5
1.534
1000.0
1.525
2.273
2.008
2.071
2.392
2.032
1.86
2.065
1.609
1.785
1.898
1.504
2.224
1.825
2.242
1.462
1.395
1.62
1.412
1.95
2.403
1.83
2.328
1.723
2.072
1.364
1.37
1.422
1.786
1.529
1.721
2.43
1.999
1.518
2.321
1.77
2.296
1.5
1.534
1.817
1.525
2.273
2.008
2.071
2.392
2.032
1.86
2.065
1.609
1.785
1.898
1.504
2.224
1.825
2.242
1.462
1.395
1.62
1.412
1.95
2.403
1.83
2.328
1.723
2.072
1.364
1.37
1.422
1.786
1.529
1.721
0.617
2.138
1.707
1.226
2.029
1.478
2.004
1.208
1.242
1.525
1000.0
1.981
1.716
1.779
2.1
1.74
1.568
1.773
1.317
1.493
1.606
1.213
1.932
1.533
1.95
1.17
1.103
1.328
1.12
1.658
2.111
1.538
2.036
1.431
1.78
1.072
1.078
1.13
1.494
1.238
1.429
2.138
1.707
1.226
2.029
1.478
2.004
1.208
1.242
1.525
1.233
1.981
1.716
1.779
2.1
1.74
1.568
1.773
1.317
1.493
1.606
1.213
1.932
1.533
1.95
1.17
1.103
1.328
1.12
1.658
2.111
1.538
2.036
1.431
1.78
1.072
1.078
1.13
1.494
1.238
1.429
1.364
2.885
2.454
1.974
2.777
2.226
2.752
1.956
1.989
2.273
1.981
1000.0
2.464
2.527
2.848
2.488
2.316
2.52
2.065
2.24
2.354
1.96
2.68
2.28
2.697
1.917
1.85
2.076
1.867
2.406
2.859
2.286
2.784
2.179
2.527
1.819
1.826
1.878
2.242
1.985
2.176
2.885
2.454
1.974
2.777
2.226
2.752
1.956
1.989
2.273
1.981
2.728
2.464
2.527
2.848
2.488
2.316
2.52
2.065
2.24
2.354
1.96
2.68
2.28
2.697
1.917
1.85
2.076
1.867
2.406
2.859
2.286
2.784
2.179
2.527
1.819
1.826
1.878
2.242
1.985
2.176
1.1
2.621
2.19
1.709
2.512
1.961
2.487
1.691
1.725
2.008
1.716
2.464
1000.0
2.262
2.584
2.223
2.051
2.256
1.8
1.976
2.089
1.696
2.415
2.016
2.433
1.653
1.586
1.811
1.603
2.141
2.594
2.021
2.519
1.914
2.263
1.555
1.562
1.613
1.977
1.721
1.912
2.621
2.19
1.709
2.512
1.961
2.487
1.691
1.725
2.008
1.716
2.464
2.199
2.262
2.584
2.223
2.051
2.256
1.8
1.976
2.089
1.696
2.415
2.016
2.433
1.653
1.586
1.811
1.603
2.141
2.594
2.021
2.519
1.914
2.263
1.555
1.562
1.613
1.977
1.721
1.912
1.163
2.684
2.253
1.772
2.575
2.025
2.551
1.754
1.788
2.071
1.779
2.527
2.262
1000.0
2.647
2.286
2.114
2.319
1.863
2.039
2.153
1.759
2.478
2.079
2.496
1.716
1.649
1.874
1.666
2.204
2.658
2.084
2.582
1.978
2.326
1.618
1.625
1.677
2.04
1.784
1.975
2.684
2.253
1.772
2.575
2.025
2.551
1.754
1.788
2.071
1.779
2.527
2.262
2.326
2.647
2.286
2.114
2.319
1.863
2.039
2.153
1.759
2.478
2.079
2.496
1.716
1.649
1.874
1.666
2.204
2.658
2.084
2.582
1.978
2.326
1.618
1.625
1.677
2.04
1.784
1.975
1.484
3.005
2.574
2.093
2.896
2.346
2.872
2.075
2.109
2.392
2.1
2.848
2.584
2.647
1000.0
2.608
2.435
2.64
2.184
2.36
2.474
2.08
2.8
2.4
2.817
2.037
1.97
2.195
1.987
2.525
2.979
2.405
2.904
2.299
2.647
1.939
1.946
1.998
2.362
2.105
2.296
3.005
2.574
2.093
2.896
2.346
2.872
2.075
2.109
2.392
2.1
2.848
2.584
2.647
2.968
2.608
2.435
2.64
2.184
2.36
2.474
2.08
2.8
2.4
2.817
2.037
1.97
2.195
1.987
2.525
2.979
2.405
2.904
2.299
2.647
1.939
1.946
1.998
2.362
2.105
2.296
1.124
2.645
2.214
1.733
2.536
1.985
2.511
1.715
1.749
2.032
1.74
2.488
2.223
2.286
2.608
1000.0
2.075
2.28
1.824
2.0
2.113
1.72
2.439
2.04
2.457
1.677
1.61
1.835
1.627
2.165
2.618
2.045
2.543
1.938
2.287
1.579
1.586
1.637
2.001
1.745
1.936
2.645
2.214
1.733
2.536
1.985
2.511
1.715
1.749
2.032
1.74
2.488
2.223
2.286
2.608
2.247
2.075
2.28
1.824
2.0
2.113
1.72
2.439
2.04
2.457
1.677
1.61
1.835
1.627
2.165
2.618
2.045
2.543
1.938
2.287
1.579
1.586
1.637
2.001
1.745
1.936
0.952
2.473
2.042
1.561
2.364
1.813
2.339
1.543
1.577
1.86
1.568
2.316
2.051
2.114
2.435
2.075
1000.0
2.108
1.652
1.828
1.941
1.547
2.267
1.868
2.285
1.505
1.438
1.663
1.455
1.993
2.446
1.873
2.371
1.766
2.115
1.407
1.413
1.465
1.829
1.572
1.764
2.473
2.042
1.561
2.364
1.813
2.339
1.543
1.577
1.86
1.568
2.316
2.051
2.114
2.435
2.075
1.903
2.108
1.652
1.828
1.941
1.547
2.267
1.868
2.285
1.505
1.438
1.663
1.455
1.993
2.446
1.873
2.371
1.766
2.115
1.407
1.413
1.465
1.829
1.572
1.764
1.156
2.677
2.246
1.766
2.569
2.018
2.544
1.748
1.781
2.065
1.773
2.52
2.256
2.319
2.64
2.28
2.108
1000.0
1.857
2.033
2.146
1.752
2.472
2.072
2.489
1.709
1.642
1.868
1.659
2.198
2.651
2.078
2.576
1.971
2.319
1.611
1.618
1.67
2.034
1.777
1.969
2.677
2.246
1.766
2.569
2.018
2.544
1.748
1.781
2.065
1.773
2.52
2.256
2.319
2.64
2.28
2.108
2.312
1.857
2.033
2.146
1.752
2.472
2.072
2.489
1.709
1.642
1.868
1.659
2.198
2.651
2.078
2.576
1.971
2.319
1.611
1.618
1.67
2.034
1.777
1.969
0.701
2.222
1.791
1.31
2.113
1.562
2.088
1.292
1.326
1.609
1.317
2.065
1.8
1.863
2.184
1.824
1.652
1.857
1000.0
1.577
1.69
1.297
2.016
1.617
2.034
1.254
1.187
1.412
1.204
1.742
2.195
1.622
2.12
1.515
1.864
1.156
1.162
1.214
1.578
1.321
1.513
2.222
1.791
1.31
2.113
1.562
2.088
1.292
1.326
1.609
1.317
2.065
1.8
1.863
2.184
1.824
1.652
1.857
1.401
1.577
1.69
1.297
2.016
1.617
2.034
1.254
1.187
1.412
1.204
1.742
2.195
1.622
2.12
1.515
1.864
1.156
1.162
1.214
1.578
1.321
1.513
0.876
2.397
1.966
1.486
2.289
1.738
2.264
1.468
1.502
1.785
1.493
2.24
1.976
2.039
2.36
2.0
1.828
2.033
1.577
1000.0
1.866
1.472
2.192
1.792
2.209
1.43
1.363
1.588
1.379
1.918
2.371
1.798
2.296
1.691
2.04
1.332
1.338
1.39
1.754
1.497
1.689
2.397
1.966
1.486
2.289
1.738
2.264
1.468
1.502
1.785
1.493
2.24
1.976
2.039
2.36
2.0
1.828
2.033
1.577
1.753
1.866
1.472
2.192
1.792
2.209
1.43
1.363
1.588
1.379
1.918
2.371
1.798
2.296
1.691
2.04
1.332
1.338
1.39
1.754
1.497
1.689
0.99
2.511
2.08
1.599
2.402
1.851
2.378
1.581
1.615
1.898
1.606
2.354
2.089
2.153
2.474
2.113
1.941
2.146
1.69
1.866
1000.0
1.586
2.305
1.906
2.323
1.543
1.476
1.701
1.493
2.031
2.484
1.911
2.409
1.804
2.153
1.445
1.452
1.504
1.867
1.611
1.802
2.511
2.08
1.599
2.402
1.851
2.378
1.581
1.615
1.898
1.606
2.354
2.089
2.153
2.474
2.113
1.941
2.146
1.69
1.866
1.979
1.586
2.305
1.906
2.323
1.543
1.476
1.701
1.493
2.031
2.484
1.911
2.409
1.804
2.153
1.445
1.452
1.504
1.867
1.611
1.802
0.596
2.044
0.586
0.026
1.948
0.682
1.922
0.061
0.17
1.118
0.05
1.894
0.578
0.639
1.999
0.583
1.224
0.615
0.655
1.15
0.48
1000.0
1.912
1.512
1.929
1.149
1.082
1.307
1.099
1.637
2.091
1.517
2.016
1.411
1.759
1.051
1.058
1.11
1.474
1.217
1.408
2.117
1.686
1.205
2.008
1.458
1.984
1.187
1.221
1.504
1.213
1.96
1.696
1.759
2.08
1.72
1.547
1.752
1.297
1.472
1.586
1.192
1.912
1.512
1.929
1.149
1.082
1.307
1.099
1.637
2.091
1.517
2.016
1.411
1.759
1.051
1.058
1.11
1.474
1.217
1.408
1.316
0.239
2.382
1.841
0.212
1.564
0.19
1.786
1.907
0.971
1.816
0.153
2.384
2.447
0.185
2.398
0.834
2.43
1.393
0.86
2.277
1.912
1000.0
2.232
2.649
1.869
1.802
2.027
1.819
2.357
2.81
2.237
2.735
2.13
2.479
1.771
1.778
1.829
2.193
1.937
2.128
2.837
2.406
1.925
2.728
2.177
2.703
1.907
1.941
2.224
1.932
2.68
2.415
2.478
2.8
2.439
2.267
2.472
2.016
2.192
2.305
1.912
2.631
2.232
2.649
1.869
1.802
2.027
1.819
2.357
2.81
2.237
2.735
2.13
2.479
1.771
1.778
1.829
2.193
1.937
2.128
0.916
2.413
0.199
0.362
2.312
1.007
2.287
0.436
0.291
1.5
0.408
2.26
0.192
0.255
2.37
0.208
1.609
0.24
1.02
1.536
0.095
1.512
2.232
1000.0
2.249
1.469
1.402
1.628
1.419
1.957
2.411
1.838
2.336
1.731
2.079
1.371
1.378
1.43
1.794
1.537
1.728
2.437
2.006
1.526
2.329
1.778
2.304
1.507
1.541
1.825
1.533
2.28
2.016
2.079
2.4
2.04
1.868
2.072
1.617
1.792
1.906
1.512
2.232
1.832
2.249
1.469
1.402
1.628
1.419
1.957
2.411
1.838
2.336
1.731
2.079
1.371
1.378
1.43
1.794
1.537
1.728
1.333
0.208
2.403
1.865
0.174
1.597
0.153
1.81
1.928
1.007
1.84
0.117
2.406
2.469
0.157
2.42
0.87
2.453
1.424
0.895
2.299
1.929
2.649
2.249
1000.0
1.886
1.819
2.045
1.836
2.375
2.828
2.255
2.753
2.148
2.496
1.788
1.795
1.847
2.211
1.954
2.145
2.854
2.423
1.943
2.746
2.195
2.721
1.924
1.958
2.242
1.95
2.697
2.433
2.496
2.817
2.457
2.285
2.489
2.034
2.209
2.323
1.929
2.649
2.249
2.666
1.886
1.819
2.045
1.836
2.375
2.828
2.255
2.753
2.148
2.496
1.788
1.795
1.847
2.211
1.954
2.145
0.553
2.019
0.593
0.059
1.922
0.716
1.896
0.103
0.142
1.124
0.104
1.868
0.59
0.652
1.976
0.6
1.224
0.633
0.675
1.15
0.487
1.149
1.869
1.469
1.886
1000.0
1.039
1.265
1.056
1.595
2.048
1.475
1.973
1.368
1.717
1.008
1.015
1.067
1.431
1.174
1.366
2.074
1.643
1.163
1.966
1.415
1.941
1.145
1.178
1.462
1.17
1.917
1.653
1.716
2.037
1.677
1.505
1.709
1.254
1.43
1.543
1.149
1.869
1.469
1.886
1.106
1.039
1.265
1.056
1.595
2.048
1.475
1.973
1.368
1.717
1.008
1.015
1.067
1.431
1.174
1.366
0.486
1.961
0.643
0.126
1.862
0.722
1.836
0.145
0.174
1.093
0.157
1.809
0.644
0.707
1.918
0.658
1.188
0.69
0.662
1.113
0.538
1.082
1.802
1.402
1.819
1.039
1000.0
1.198
0.989
1.528
1.981
1.408
1.906
1.301
1.65
0.941
0.948
1.0
1.364
1.107
1.299
2.007
1.576
1.096
1.899
1.348
1.874
1.078
1.111
1.395
1.103
1.85
1.586
1.649
1.97
1.61
1.438
1.642
1.187
1.363
1.476
1.082
1.802
1.402
1.819
1.039
0.972
1.198
0.989
1.528
1.981
1.408
1.906
1.301
1.65
0.941
0.948
1.0
1.364
1.107
1.299
0.712
1.606
1.25
0.713
1.543
0.209
1.516
0.628
0.847
0.474
0.652
1.481
1.233
1.288
1.551
1.222
0.605
1.251
0.033
0.545
1.148
1.307
2.027
1.628
2.045
1.265
1.198
1000.0
1.215
1.753
2.206
1.633
2.131
1.526
1.875
1.167
1.173
1.225
1.589
1.332
1.524
2.233
1.801
1.321
2.124
1.573
2.099
1.303
1.337
1.62
1.328
2.076
1.811
1.874
2.195
1.835
1.663
1.868
1.412
1.588
1.701
1.307
2.027
1.628
2.045
1.265
1.198
1.423
1.215
1.753
2.206
1.633
2.131
1.526
1.875
1.167
1.173
1.225
1.589
1.332
1.524
0.503
2.02
0.588
0.244
1.914
0.894
1.889
0.303
0.152
1.232
0.304
1.864
0.6
0.662
1.981
0.628
1.317
0.66
0.826
1.241
0.49
1.099
1.819
1.419
1.836
1.056
0.989
1.215
1000.0
1.544
1.998
1.425
1.923
1.318
1.666
0.958
0.965
1.017
1.381
1.124
1.315
2.024
1.593
1.113
1.916
1.365
1.891
1.094
1.128
1.412
1.12
1.867
1.603
1.666
1.987
1.627
1.455
1.659
1.204
1.379
1.493
1.099
1.819
1.419
1.836
1.056
0.989
1.215
1.006
1.544
1.998
1.425
1.923
1.318
1.666
0.958
0.965
1.017
1.381
1.124
1.315
1.041
1.27
1.778
1.231
1.245
0.651
1.22
1.149
1.357
0.143
1.174
1.181
1.762
1.818
1.21
1.752
0.22
1.781
0.564
0.24
1.675
1.637
2.357
1.957
2.375
1.595
1.528
1.753
1.544
1000.0
2.536
1.963
2.461
1.856
2.205
1.497
1.503
1.555
1.919
1.662
1.854
2.563
2.131
1.651
2.454
1.903
2.429
1.633
1.667
1.95
1.658
2.406
2.141
2.204
2.525
2.165
1.993
2.198
1.742
1.918
2.031
1.637
2.357
1.957
2.375
1.595
1.528
1.753
1.544
2.083
2.536
1.963
2.461
1.856
2.205
1.497
1.503
1.555
1.919
1.662
1.854
1.495
0.118
2.561
2.02
0.202
1.724
0.202
1.964
2.087
1.118
1.994
0.191
2.563
2.626
0.067
2.577
0.977
2.609
1.558
1.011
2.457
2.091
2.81
2.411
2.828
2.048
1.981
2.206
1.998
2.536
1000.0
2.416
2.914
2.309
2.658
1.95
1.957
2.009
2.372
2.116
2.307
3.016
2.585
2.104
2.907
2.356
2.883
2.086
2.12
2.403
2.111
2.859
2.594
2.658
2.979
2.618
2.446
2.651
2.195
2.371
2.484
2.091
2.81
2.411
2.828
2.048
1.981
2.206
1.998
2.536
2.989
2.416
2.914
2.309
2.658
1.95
1.957
2.009
2.372
2.116
2.307
0.921
1.732
1.327
0.83
1.681
0.133
1.654
0.744
0.974
0.537
0.763
1.618
1.303
1.353
1.675
1.283
0.679
1.309
0.221
0.637
1.231
1.517
2.237
1.838
2.255
1.475
1.408
1.633
1.425
1.963
2.416
1000.0
2.341
1.736
2.085
1.377
1.383
1.435
1.799
1.542
1.734
2.443
2.011
1.531
2.334
1.783
2.309
1.513
1.547
1.83
1.538
2.286
2.021
2.084
2.405
2.045
1.873
2.078
1.622
1.798
1.911
1.517
2.237
1.838
2.255
1.475
1.408
1.633
1.425
1.963
2.416
1.843
2.341
1.736
2.085
1.377
1.383
1.435
1.799
1.542
1.734
1.42
0.149
2.487
1.947
0.178
1.661
0.168
1.891
2.012
1.06
1.921
0.144
2.489
2.552
0.089
2.503
0.921
2.536
1.492
0.951
2.382
2.016
2.735
2.336
2.753
1.973
1.906
2.131
1.923
2.461
2.914
2.341
1000.0
2.234
2.583
1.875
1.882
1.933
2.297
2.041
2.232
2.941
2.51
2.029
2.832
2.281
2.807
2.011
2.045
2.328
2.036
2.784
2.519
2.582
2.904
2.543
2.371
2.576
2.12
2.296
2.409
2.016
2.735
2.336
2.753
1.973
1.906
2.131
1.923
2.461
2.914
2.341
2.839
2.234
2.583
1.875
1.882
1.933
2.297
2.041
2.232
0.815
1.649
1.299
0.778
1.593
0.157
1.566
0.693
0.918
0.476
0.714
1.53
1.279
1.332
1.593
1.264
0.615
1.292
0.118
0.565
1.2
1.411
2.13
1.731
2.148
1.368
1.301
1.526
1.318
1.856
2.309
1.736
2.234
1000.0
1.978
1.27
1.277
1.328
1.692
1.436
1.627
2.336
1.905
1.424
2.227
1.676
2.203
1.406
1.44
1.723
1.431
2.179
1.914
1.978
2.299
1.938
1.766
1.971
1.515
1.691
1.804
1.411
2.13
1.731
2.148
1.368
1.301
1.526
1.318
1.856
2.309
1.736
2.234
1.629
1.978
1.27
1.277
1.328
1.692
1.436
1.627
1.163
2.669
0.077
0.62
2.567
1.232
2.541
0.692
0.544
1.752
0.663
2.515
0.067
0.017
2.627
0.086
1.864
0.074
1.264
1.792
0.174
1.759
2.479
2.079
2.496
1.717
1.65
1.875
1.666
2.205
2.658
2.085
2.583
1.978
1000.0
1.618
1.625
1.677
2.041
1.784
1.976
2.684
2.253
1.773
2.576
2.025
2.551
1.755
1.788
2.072
1.78
2.527
2.263
2.326
2.647
2.287
2.115
2.319
1.864
2.04
2.153
1.759
2.479
2.079
2.496
1.717
1.65
1.875
1.666
2.205
2.658
2.085
2.583
1.978
2.327
1.618
1.625
1.677
2.041
1.784
1.976
0.455
1.907
0.704
0.16
1.81
0.664
1.784
0.14
0.24
1.025
0.162
1.757
0.702
0.764
1.864
0.713
1.121
0.745
0.597
1.046
0.598
1.051
1.771
1.371
1.788
1.008
0.941
1.167
0.958
1.497
1.95
1.377
1.875
1.27
1.618
1000.0
0.917
0.969
1.333
1.076
1.268
1.976
1.545
1.065
1.868
1.317
1.843
1.047
1.08
1.364
1.072
1.819
1.555
1.618
1.939
1.579
1.407
1.611
1.156
1.332
1.445
1.051
1.771
1.371
1.788
1.008
0.941
1.167
0.958
1.497
1.95
1.377
1.875
1.27
1.618
0.91
0.917
0.969
1.333
1.076
1.268
0.462
1.931
0.674
0.148
1.833
0.704
1.807
0.151
0.204
1.064
0.168
1.78
0.674
0.737
1.888
0.687
1.159
0.72
0.638
1.083
0.568
1.058
1.778
1.378
1.795
1.015
0.948
1.173
0.965
1.503
1.957
1.383
1.882
1.277
1.625
0.917
1000.0
0.976
1.34
1.083
1.274
1.983
1.552
1.071
1.874
1.324
1.85
1.053
1.087
1.37
1.078
1.826
1.562
1.625
1.946
1.586
1.413
1.618
1.162
1.338
1.452
1.058
1.778
1.378
1.795
1.015
0.948
1.173
0.965
1.503
1.957
1.383
1.882
1.277
1.625
0.917
0.924
0.976
1.34
1.083
1.274
0.514
2.024
0.577
0.2
1.92
0.857
1.895
0.26
0.12
1.211
0.26
1.869
0.586
0.649
1.984
0.611
1.3
0.643
0.795
1.224
0.476
1.11
1.829
1.43
1.847
1.067
1.0
1.225
1.017
1.555
2.009
1.435
1.933
1.328
1.677
0.969
0.976
1000.0
1.391
1.135
1.326
2.035
1.604
1.123
1.926
1.376
1.902
1.105
1.139
1.422
1.13
1.878
1.613
1.677
1.998
1.637
1.465
1.67
1.214
1.39
1.504
1.11
1.829
1.43
1.847
1.067
1.0
1.225
1.017
1.555
2.009
1.435
1.933
1.328
1.677
0.969
0.976
1.028
1.391
1.135
1.326
0.878
1.752
1.263
0.766
1.696
0.072
1.67
0.68
0.91
0.569
0.698
1.634
1.24
1.29
1.695
1.221
0.711
1.247
0.183
0.663
1.167
1.474
2.193
1.794
2.211
1.431
1.364
1.589
1.381
1.919
2.372
1.799
2.297
1.692
2.041
1.333
1.34
1.391
1000.0
1.499
1.69
2.399
1.968
1.487
2.29
1.739
2.265
1.469
1.503
1.786
1.494
2.242
1.977
2.04
2.362
2.001
1.829
2.034
1.578
1.754
1.867
1.474
2.193
1.794
2.211
1.431
1.364
1.589
1.381
1.919
2.372
1.799
2.297
1.692
2.041
1.333
1.34
1.391
1.755
1.499
1.69
0.621
2.058
0.582
0.043
1.964
0.666
1.938
0.053
0.19
1.118
0.028
1.91
0.573
0.633
2.013
0.575
1.226
0.606
0.648
1.153
0.477
1.217
1.937
1.537
1.954
1.174
1.107
1.332
1.124
1.662
2.116
1.542
2.041
1.436
1.784
1.076
1.083
1.135
1.499
1000.0
1.433
2.142
1.711
1.23
2.033
1.483
2.009
1.212
1.246
1.529
1.238
1.985
1.721
1.784
2.105
1.745
1.572
1.777
1.321
1.497
1.611
1.217
1.937
1.537
1.954
1.174
1.107
1.332
1.124
1.662
2.116
1.542
2.041
1.436
1.784
1.076
1.083
1.135
1.499
1.242
1.433
0.812
1.709
1.241
0.729
1.65
0.095
1.623
0.643
0.871
0.542
0.663
1.587
1.22
1.272
1.653
1.203
0.681
1.231
0.117
0.629
1.143
1.408
2.128
1.728
2.145
1.366
1.299
1.524
1.315
1.854
2.307
1.734
2.232
1.627
1.976
1.268
1.274
1.326
1.69
1.433
1000.0
2.333
1.902
1.422
2.225
1.674
2.2
1.404
1.438
1.721
1.429
2.176
1.912
1.975
2.296
1.936
1.764
1.969
1.513
1.689
1.802
1.408
2.128
1.728
2.145
1.366
1.299
1.524
1.315
1.854
2.307
1.734
2.232
1.627
1.976
1.268
1.274
1.326
1.69
1.433
1.625
ENDDATA
