# of pickup customers
3
# of delivery customers
4
# of customers
7
# of tasks
14
# of given tractors
1
c1
10.0
c2
1.0
c3
0.0
timeperiod
16.0
package time
4.301
3.944
3.977
3.359
4.633
3.211
4.545
terminal coordinates
100.0
100.0
customer coordinate
192.79
47.56
9.26
130.08
22.88
155.91
149.4
163.43
150.8
157.45
111.27
32.05
23.12
12.02
distance matrix
0.0
1.405
0.913
1.342
0.402
1.285
1.188
1.261
1.405
0.913
1.342
0.402
1.285
1.188
1.261
1.405
2.81
2.318
2.747
1.807
2.69
2.593
2.666
0.0
1.822
2.295
1.02
2.685
1.813
1.969
0.913
2.318
1.825
2.255
1.314
2.197
2.101
2.174
1.822
0.0
0.486
1.144
1.516
2.093
2.152
1.342
2.747
2.255
2.685
1.744
2.627
2.531
2.604
2.295
0.486
0.0
1.617
1.577
2.486
2.525
0.402
1.807
1.314
1.744
0.803
1.686
1.59
1.663
1.02
1.144
1.617
0.0
1.666
1.148
1.264
1.285
2.69
2.197
2.627
1.686
2.57
2.473
2.546
2.685
1.516
1.577
1.666
0.0
1.667
1.601
1.188
2.593
2.101
2.531
1.59
2.473
2.377
2.45
1.813
2.093
2.486
1.148
1.667
0.0
0.161
1.261
2.666
2.174
2.604
1.663
2.546
2.45
2.523
1.969
2.152
2.525
1.264
1.601
0.161
0.0
1.405
1000.0
2.318
2.747
1.807
2.69
2.593
2.666
2.81
2.318
2.747
1.807
2.69
2.593
2.666
0.913
2.318
1000.0
2.255
1.314
2.197
2.101
2.174
2.318
1.825
2.255
1.314
2.197
2.101
2.174
1.342
2.747
2.255
1000.0
1.744
2.627
2.531
2.604
2.747
2.255
2.685
1.744
2.627
2.531
2.604
0.402
1.02
1.144
1.617
1000.0
1.686
1.59
1.663
1.807
1.314
1.744
0.803
1.686
1.59
1.663
1.285
2.685
1.516
1.577
1.686
1000.0
2.473
2.546
2.69
2.197
2.627
1.686
2.57
2.473
2.546
1.188
1.813
2.093
2.486
1.59
2.473
1000.0
2.45
2.593
2.101
2.531
1.59
2.473
2.377
2.45
1.261
1.969
2.152
2.525
1.663
2.546
2.45
1000.0
2.666
2.174
2.604
1.663
2.546
2.45
2.523
ENDDATA
