# of pickup customers
15
# of delivery customers
15
# of customers
30
# of tasks
60
# of given tractors
1
c1
10.0
c2
1.0
c3
0.0
timeperiod
16.0
package time
3.342
3.757
4.191
3.138
3.332
4.708
3.502
3.726
4.044
4.57
3.893
3.907
4.675
4.062
3.369
4.286
3.401
4.824
4.947
4.287
3.189
3.463
4.642
4.99
3.842
3.156
3.853
3.387
3.3
4.021
terminal coordinates
100.0
100.0
customer coordinate
57.74
159.42
90.37
72.25
84.75
120.59
87.41
72.58
154.28
160.97
164.21
81.06
51.98
160.27
113.67
74.22
63.69
163.04
156.64
111.96
56.56
116.51
51.42
65.14
118.54
163.68
69.01
83.42
85.19
63.5
56.4
95.58
121.22
85.76
120.57
77.89
129.26
94.03
97.78
100.97
93.34
125.7
57.19
95.94
83.01
91.13
96.26
89.2
91.65
84.38
80.55
68.18
63.02
88.77
74.07
85.74
82.34
129.32
131.02
83.73
distance matrix
0.0
0.759
0.745
0.291
0.39
0.32
0.378
0.398
0.351
0.679
0.762
0.807
0.399
0.804
0.755
0.273
0.341
0.456
0.799
0.716
0.246
0.595
0.448
0.763
0.458
0.398
0.816
0.446
0.421
0.43
0.5
0.759
0.745
0.291
0.39
0.32
0.378
0.398
0.351
0.679
0.762
0.807
0.399
0.804
0.755
0.273
0.341
0.456
0.799
0.716
0.246
0.595
0.448
0.763
0.458
0.398
0.816
0.446
0.421
0.43
0.5
0.759
1.518
1.504
1.05
1.149
1.079
1.137
1.157
1.11
1.438
1.521
1.566
1.158
1.563
1.514
1.032
1.1
1.215
1.558
1.475
1.005
1.354
1.207
1.522
1.217
1.157
1.575
1.205
1.18
1.189
1.259
0.0
1.362
0.907
0.409
0.87
0.83
0.983
0.506
1.313
1.406
1.409
0.914
0.073
1.374
0.774
0.481
0.504
1.379
1.312
0.763
0.302
0.749
0.114
0.415
0.791
1.374
0.354
0.966
0.994
0.349
0.745
1.504
1.49
1.036
1.135
1.065
1.122
1.143
1.096
1.424
1.507
1.552
1.144
1.549
1.5
1.017
1.086
1.201
1.544
1.46
0.991
1.34
1.193
1.508
1.203
1.143
1.561
1.191
1.166
1.174
1.244
1.362
0.0
0.921
1.097
0.984
0.533
0.994
1.086
0.07
0.07
0.066
1.049
1.426
0.012
0.593
1.066
1.197
0.092
0.06
0.61
1.299
0.636
1.41
1.182
0.577
0.134
1.142
1.039
1.028
1.208
0.291
1.05
1.036
0.583
0.681
0.611
0.669
0.689
0.642
0.97
1.054
1.098
0.69
1.095
1.046
0.564
0.632
0.748
1.091
1.007
0.537
0.886
0.739
1.054
0.749
0.69
1.107
0.737
0.712
0.721
0.791
0.907
0.921
0.0
0.498
0.071
0.66
0.107
0.406
0.851
0.918
0.987
0.129
0.933
0.929
0.559
0.427
0.457
0.993
0.907
0.534
0.661
0.739
0.875
0.514
0.687
1.018
0.555
0.133
0.139
0.577
0.39
1.149
1.135
0.681
0.78
0.71
0.768
0.788
0.741
1.069
1.152
1.197
0.789
1.194
1.145
0.662
0.731
0.846
1.189
1.106
0.636
0.985
0.838
1.153
0.848
0.788
1.206
0.836
0.811
0.82
0.889
0.409
1.097
0.498
0.0
0.462
0.612
0.576
0.103
1.036
1.125
1.153
0.511
0.438
1.108
0.519
0.071
0.169
1.136
1.057
0.497
0.207
0.595
0.385
0.097
0.597
1.143
0.059
0.562
0.588
0.112
0.32
1.079
1.065
0.611
0.71
0.64
0.698
0.718
0.671
0.999
1.082
1.127
0.719
1.124
1.075
0.593
0.661
0.776
1.12
1.036
0.566
0.915
0.768
1.083
0.778
0.719
1.136
0.766
0.741
0.75
0.82
0.87
0.984
0.071
0.462
0.0
0.697
0.114
0.365
0.915
0.984
1.05
0.079
0.892
0.993
0.593
0.391
0.402
1.054
0.969
0.566
0.612
0.766
0.831
0.467
0.719
1.078
0.517
0.111
0.131
0.532
0.378
1.137
1.122
0.669
0.768
0.698
0.755
0.776
0.728
1.057
1.14
1.185
0.777
1.182
1.133
0.65
0.718
0.834
1.177
1.093
0.624
0.973
0.826
1.141
0.835
0.776
1.193
0.824
0.799
0.807
0.877
0.83
0.533
0.66
0.612
0.697
0.0
0.764
0.633
0.489
0.581
0.578
0.775
0.896
0.545
0.108
0.603
0.747
0.549
0.482
0.135
0.801
0.132
0.884
0.706
0.054
0.547
0.647
0.793
0.798
0.717
0.398
1.157
1.143
0.689
0.788
0.718
0.776
0.796
0.749
1.077
1.16
1.205
0.797
1.202
1.153
0.671
0.739
0.854
1.198
1.114
0.644
0.993
0.846
1.161
0.856
0.797
1.214
0.844
0.819
0.828
0.898
0.983
0.994
0.107
0.576
0.114
0.764
0.0
0.478
0.924
0.985
1.06
0.091
1.004
1.001
0.665
0.504
0.508
1.07
0.985
0.639
0.721
0.846
0.942
0.578
0.792
1.098
0.63
0.05
0.035
0.643
0.351
1.11
1.096
0.642
0.741
0.671
0.728
0.749
0.702
1.03
1.113
1.158
0.75
1.155
1.106
0.623
0.692
0.807
1.15
1.066
0.597
0.946
0.799
1.114
0.809
0.749
1.166
0.797
0.772
0.78
0.85
0.506
1.086
0.406
0.103
0.365
0.633
0.478
0.0
1.022
1.108
1.145
0.41
0.528
1.096
0.532
0.042
0.115
1.132
1.051
0.507
0.262
0.637
0.469
0.114
0.626
1.143
0.153
0.461
0.489
0.172
0.679
1.438
1.424
0.97
1.069
0.999
1.057
1.077
1.03
1.358
1.441
1.486
1.078
1.483
1.434
0.952
1.02
1.135
1.479
1.395
0.925
1.274
1.127
1.442
1.137
1.078
1.495
1.125
1.1
1.109
1.179
1.313
0.07
0.851
1.036
0.915
0.489
0.924
1.022
0.0
0.093
0.136
0.98
1.376
0.078
0.54
1.004
1.133
0.153
0.082
0.555
1.24
0.6
1.357
1.12
0.536
0.191
1.083
0.97
0.958
1.148
0.762
1.521
1.507
1.054
1.152
1.082
1.14
1.16
1.113
1.441
1.524
1.569
1.161
1.566
1.517
1.035
1.103
1.218
1.562
1.478
1.008
1.357
1.21
1.525
1.22
1.161
1.578
1.208
1.183
1.192
1.262
1.406
0.07
0.918
1.125
0.984
0.581
0.985
1.108
0.093
0.0
0.104
1.046
1.468
0.063
0.632
1.091
1.217
0.149
0.128
0.647
1.33
0.691
1.449
1.208
0.628
0.193
1.173
1.032
1.019
1.237
0.807
1.566
1.552
1.098
1.197
1.127
1.185
1.205
1.158
1.486
1.569
1.614
1.206
1.611
1.562
1.08
1.148
1.263
1.606
1.523
1.053
1.402
1.255
1.57
1.265
1.205
1.623
1.253
1.228
1.237
1.306
1.409
0.066
0.987
1.153
1.05
0.578
1.06
1.145
0.136
0.104
0.0
1.115
1.474
0.059
0.645
1.125
1.257
0.054
0.097
0.663
1.355
0.674
1.46
1.24
0.62
0.095
1.198
1.105
1.094
1.265
0.399
1.158
1.144
0.69
0.789
0.719
0.777
0.797
0.75
1.078
1.161
1.206
0.798
1.203
1.154
0.672
0.74
0.855
1.199
1.115
0.645
0.994
0.847
1.162
0.857
0.798
1.215
0.845
0.82
0.829
0.899
0.914
1.049
0.129
0.511
0.079
0.775
0.091
0.41
0.98
1.046
1.115
0.0
0.93
1.058
0.672
0.441
0.427
1.122
1.036
0.645
0.642
0.845
0.867
0.503
0.797
1.147
0.563
0.054
0.084
0.569
0.804
1.563
1.549
1.095
1.194
1.124
1.182
1.202
1.155
1.483
1.566
1.611
1.203
1.608
1.559
1.077
1.145
1.26
1.604
1.52
1.05
1.399
1.252
1.567
1.262
1.203
1.62
1.25
1.225
1.234
1.304
0.073
1.426
0.933
0.438
0.892
0.896
1.004
0.528
1.376
1.468
1.474
0.93
0.0
1.438
0.836
0.507
0.51
1.445
1.377
0.823
0.298
0.818
0.073
0.428
0.858
1.441
0.38
0.984
1.012
0.362
0.755
1.514
1.5
1.046
1.145
1.075
1.133
1.153
1.106
1.434
1.517
1.562
1.154
1.559
1.51
1.028
1.096
1.211
1.555
1.471
1.001
1.35
1.203
1.518
1.213
1.154
1.571
1.201
1.176
1.185
1.255
1.374
0.012
0.929
1.108
0.993
0.545
1.001
1.096
0.078
0.063
0.059
1.058
1.438
0.0
0.605
1.077
1.207
0.091
0.07
0.621
1.311
0.648
1.421
1.192
0.589
0.134
1.153
1.047
1.036
1.219
0.273
1.032
1.017
0.564
0.662
0.593
0.65
0.671
0.623
0.952
1.035
1.08
0.672
1.077
1.028
0.545
0.613
0.729
1.072
0.988
0.518
0.868
0.721
1.036
0.73
0.671
1.088
0.718
0.694
0.702
0.772
0.774
0.593
0.559
0.519
0.593
0.108
0.665
0.532
0.54
0.632
0.645
0.672
0.836
0.605
0.0
0.503
0.646
0.622
0.548
0.027
0.715
0.189
0.817
0.611
0.127
0.626
0.558
0.691
0.698
0.627
0.341
1.1
1.086
0.632
0.731
0.661
0.718
0.739
0.692
1.02
1.103
1.148
0.74
1.145
1.096
0.613
0.682
0.797
1.14
1.056
0.587
0.936
0.789
1.104
0.799
0.739
1.157
0.787
0.762
0.77
0.84
0.481
1.066
0.427
0.071
0.391
0.603
0.504
0.042
1.004
1.091
1.125
0.441
0.507
1.077
0.503
0.0
0.146
1.111
1.03
0.479
0.257
0.601
0.452
0.117
0.594
1.12
0.128
0.491
0.517
0.163
0.456
1.215
1.201
0.748
0.846
0.776
0.834
0.854
0.807
1.135
1.218
1.263
0.855
1.26
1.211
0.729
0.797
0.913
1.256
1.172
0.702
1.051
0.904
1.219
0.914
0.855
1.272
0.902
0.877
0.886
0.956
0.504
1.197
0.457
0.169
0.402
0.747
0.508
0.115
1.133
1.217
1.257
0.427
0.51
1.207
0.646
0.146
0.0
1.245
1.163
0.621
0.216
0.748
0.443
0.095
0.74
1.257
0.186
0.481
0.511
0.157
0.799
1.558
1.544
1.091
1.189
1.12
1.177
1.198
1.15
1.479
1.562
1.606
1.199
1.604
1.555
1.072
1.14
1.256
1.599
1.515
1.045
1.394
1.248
1.563
1.257
1.198
1.615
1.245
1.221
1.229
1.299
1.379
0.092
0.993
1.136
1.054
0.549
1.07
1.132
0.153
0.149
0.054
1.122
1.445
0.091
0.622
1.111
1.245
0.0
0.086
0.641
1.335
0.638
1.433
1.224
0.588
0.044
1.178
1.114
1.105
1.246
0.716
1.475
1.46
1.007
1.106
1.036
1.093
1.114
1.066
1.395
1.478
1.523
1.115
1.52
1.471
0.988
1.056
1.172
1.515
1.431
0.962
1.311
1.164
1.479
1.173
1.114
1.531
1.162
1.137
1.145
1.215
1.312
0.06
0.907
1.057
0.969
0.482
0.985
1.051
0.082
0.128
0.097
1.036
1.377
0.07
0.548
1.03
1.163
0.086
0.0
0.566
1.259
0.581
1.363
1.144
0.525
0.115
1.102
1.029
1.02
1.168
0.246
1.005
0.991
0.537
0.636
0.566
0.624
0.644
0.597
0.925
1.008
1.053
0.645
1.05
1.001
0.518
0.587
0.702
1.045
0.962
0.492
0.841
0.694
1.009
0.704
0.644
1.062
0.692
0.667
0.676
0.745
0.763
0.61
0.534
0.497
0.566
0.135
0.639
0.507
0.555
0.647
0.663
0.645
0.823
0.621
0.027
0.479
0.621
0.641
0.566
0.0
0.694
0.21
0.802
0.588
0.153
0.647
0.537
0.665
0.672
0.606
0.595
1.354
1.34
0.886
0.985
0.915
0.973
0.993
0.946
1.274
1.357
1.402
0.994
1.399
1.35
0.868
0.936
1.051
1.394
1.311
0.841
1.19
1.043
1.358
1.053
0.993
1.411
1.041
1.016
1.025
1.094
0.302
1.299
0.661
0.207
0.612
0.801
0.721
0.262
1.24
1.33
1.355
0.642
0.298
1.311
0.715
0.257
0.216
1.335
1.259
0.694
0.0
0.765
0.228
0.149
0.779
1.341
0.157
0.696
0.725
0.095
0.448
1.207
1.193
0.739
0.838
0.768
0.826
0.846
0.799
1.127
1.21
1.255
0.847
1.252
1.203
0.721
0.789
0.904
1.248
1.164
0.694
1.043
0.896
1.211
0.906
0.847
1.264
0.894
0.869
0.878
0.948
0.749
0.636
0.739
0.595
0.766
0.132
0.846
0.637
0.6
0.691
0.674
0.845
0.818
0.648
0.189
0.601
0.748
0.638
0.581
0.21
0.765
0.0
0.816
0.692
0.078
0.629
0.62
0.869
0.878
0.691
0.763
1.522
1.508
1.054
1.153
1.083
1.141
1.161
1.114
1.442
1.525
1.57
1.162
1.567
1.518
1.036
1.104
1.219
1.563
1.479
1.009
1.358
1.211
1.526
1.221
1.162
1.579
1.209
1.184
1.193
1.263
0.114
1.41
0.875
0.385
0.831
0.884
0.942
0.469
1.357
1.449
1.46
0.867
0.073
1.421
0.817
0.452
0.443
1.433
1.363
0.802
0.228
0.816
0.0
0.365
0.85
1.432
0.327
0.92
0.949
0.3
0.458
1.217
1.203
0.749
0.848
0.778
0.835
0.856
0.809
1.137
1.22
1.265
0.857
1.262
1.213
0.73
0.799
0.914
1.257
1.173
0.704
1.053
0.906
1.221
0.916
0.856
1.274
0.904
0.879
0.887
0.957
0.415
1.182
0.514
0.097
0.467
0.706
0.578
0.114
1.12
1.208
1.24
0.503
0.428
1.192
0.611
0.117
0.095
1.224
1.144
0.588
0.149
0.692
0.365
0.0
0.692
1.232
0.094
0.556
0.585
0.066
0.398
1.157
1.143
0.69
0.788
0.719
0.776
0.797
0.749
1.078
1.161
1.205
0.798
1.203
1.154
0.671
0.739
0.855
1.198
1.114
0.644
0.993
0.847
1.162
0.856
0.797
1.214
0.844
0.819
0.828
0.898
0.791
0.577
0.687
0.597
0.719
0.054
0.792
0.626
0.536
0.628
0.62
0.797
0.858
0.589
0.127
0.594
0.74
0.588
0.525
0.153
0.779
0.078
0.85
0.692
0.0
0.583
0.628
0.818
0.825
0.699
0.816
1.575
1.561
1.107
1.206
1.136
1.193
1.214
1.166
1.495
1.578
1.623
1.215
1.62
1.571
1.088
1.157
1.272
1.615
1.531
1.062
1.411
1.264
1.579
1.274
1.214
1.631
1.262
1.237
1.245
1.315
1.374
0.134
1.018
1.143
1.078
0.547
1.098
1.143
0.191
0.193
0.095
1.147
1.441
0.134
0.626
1.12
1.257
0.044
0.115
0.647
1.341
0.629
1.432
1.232
0.583
0.0
1.184
1.142
1.133
1.253
0.446
1.205
1.191
0.737
0.836
0.766
0.824
0.844
0.797
1.125
1.208
1.253
0.845
1.25
1.201
0.718
0.787
0.902
1.245
1.162
0.692
1.041
0.894
1.209
0.904
0.844
1.262
0.892
0.867
0.876
0.945
0.354
1.142
0.555
0.059
0.517
0.647
0.63
0.153
1.083
1.173
1.198
0.563
0.38
1.153
0.558
0.128
0.186
1.178
1.102
0.537
0.157
0.62
0.327
0.094
0.628
1.184
0.0
0.614
0.641
0.071
0.421
1.18
1.166
0.712
0.811
0.741
0.799
0.819
0.772
1.1
1.183
1.228
0.82
1.225
1.176
0.694
0.762
0.877
1.221
1.137
0.667
1.016
0.869
1.184
0.879
0.819
1.237
0.867
0.842
0.851
0.921
0.966
1.039
0.133
0.562
0.111
0.793
0.05
0.461
0.97
1.032
1.105
0.054
0.984
1.047
0.691
0.491
0.481
1.114
1.029
0.665
0.696
0.869
0.92
0.556
0.818
1.142
0.614
0.0
0.031
0.622
0.43
1.189
1.174
0.721
0.82
0.75
0.807
0.828
0.78
1.109
1.192
1.237
0.829
1.234
1.185
0.702
0.77
0.886
1.229
1.145
0.676
1.025
0.878
1.193
0.887
0.828
1.245
0.876
0.851
0.859
0.929
0.994
1.028
0.139
0.588
0.131
0.798
0.035
0.489
0.958
1.019
1.094
0.084
1.012
1.036
0.698
0.517
0.511
1.105
1.02
0.672
0.725
0.878
0.949
0.585
0.825
1.133
0.641
0.031
0.0
0.65
0.5
1.259
1.244
0.791
0.889
0.82
0.877
0.898
0.85
1.179
1.262
1.306
0.899
1.304
1.255
0.772
0.84
0.956
1.299
1.215
0.745
1.094
0.948
1.263
0.957
0.898
1.315
0.945
0.921
0.929
0.999
0.349
1.208
0.577
0.112
0.532
0.717
0.643
0.172
1.148
1.237
1.265
0.569
0.362
1.219
0.627
0.163
0.157
1.246
1.168
0.606
0.095
0.691
0.3
0.066
0.699
1.253
0.071
0.622
0.65
0.0
0.759
1000.0
1.504
1.05
1.149
1.079
1.137
1.157
1.11
1.438
1.521
1.566
1.158
1.563
1.514
1.032
1.1
1.215
1.558
1.475
1.005
1.354
1.207
1.522
1.217
1.157
1.575
1.205
1.18
1.189
1.259
1.518
1.504
1.05
1.149
1.079
1.137
1.157
1.11
1.438
1.521
1.566
1.158
1.563
1.514
1.032
1.1
1.215
1.558
1.475
1.005
1.354
1.207
1.522
1.217
1.157
1.575
1.205
1.18
1.189
1.259
0.745
1.504
1000.0
1.036
1.135
1.065
1.122
1.143
1.096
1.424
1.507
1.552
1.144
1.549
1.5
1.017
1.086
1.201
1.544
1.46
0.991
1.34
1.193
1.508
1.203
1.143
1.561
1.191
1.166
1.174
1.244
1.504
1.49
1.036
1.135
1.065
1.122
1.143
1.096
1.424
1.507
1.552
1.144
1.549
1.5
1.017
1.086
1.201
1.544
1.46
0.991
1.34
1.193
1.508
1.203
1.143
1.561
1.191
1.166
1.174
1.244
0.291
1.05
1.036
1000.0
0.681
0.611
0.669
0.689
0.642
0.97
1.054
1.098
0.69
1.095
1.046
0.564
0.632
0.748
1.091
1.007
0.537
0.886
0.739
1.054
0.749
0.69
1.107
0.737
0.712
0.721
0.791
1.05
1.036
0.583
0.681
0.611
0.669
0.689
0.642
0.97
1.054
1.098
0.69
1.095
1.046
0.564
0.632
0.748
1.091
1.007
0.537
0.886
0.739
1.054
0.749
0.69
1.107
0.737
0.712
0.721
0.791
0.39
1.149
1.135
0.681
1000.0
0.71
0.768
0.788
0.741
1.069
1.152
1.197
0.789
1.194
1.145
0.662
0.731
0.846
1.189
1.106
0.636
0.985
0.838
1.153
0.848
0.788
1.206
0.836
0.811
0.82
0.889
1.149
1.135
0.681
0.78
0.71
0.768
0.788
0.741
1.069
1.152
1.197
0.789
1.194
1.145
0.662
0.731
0.846
1.189
1.106
0.636
0.985
0.838
1.153
0.848
0.788
1.206
0.836
0.811
0.82
0.889
0.32
1.079
1.065
0.611
0.71
1000.0
0.698
0.718
0.671
0.999
1.082
1.127
0.719
1.124
1.075
0.593
0.661
0.776
1.12
1.036
0.566
0.915
0.768
1.083
0.778
0.719
1.136
0.766
0.741
0.75
0.82
1.079
1.065
0.611
0.71
0.64
0.698
0.718
0.671
0.999
1.082
1.127
0.719
1.124
1.075
0.593
0.661
0.776
1.12
1.036
0.566
0.915
0.768
1.083
0.778
0.719
1.136
0.766
0.741
0.75
0.82
0.378
1.137
1.122
0.669
0.768
0.698
1000.0
0.776
0.728
1.057
1.14
1.185
0.777
1.182
1.133
0.65
0.718
0.834
1.177
1.093
0.624
0.973
0.826
1.141
0.835
0.776
1.193
0.824
0.799
0.807
0.877
1.137
1.122
0.669
0.768
0.698
0.755
0.776
0.728
1.057
1.14
1.185
0.777
1.182
1.133
0.65
0.718
0.834
1.177
1.093
0.624
0.973
0.826
1.141
0.835
0.776
1.193
0.824
0.799
0.807
0.877
0.398
1.157
1.143
0.689
0.788
0.718
0.776
1000.0
0.749
1.077
1.16
1.205
0.797
1.202
1.153
0.671
0.739
0.854
1.198
1.114
0.644
0.993
0.846
1.161
0.856
0.797
1.214
0.844
0.819
0.828
0.898
1.157
1.143
0.689
0.788
0.718
0.776
0.796
0.749
1.077
1.16
1.205
0.797
1.202
1.153
0.671
0.739
0.854
1.198
1.114
0.644
0.993
0.846
1.161
0.856
0.797
1.214
0.844
0.819
0.828
0.898
0.351
1.11
1.096
0.642
0.741
0.671
0.728
0.749
1000.0
1.03
1.113
1.158
0.75
1.155
1.106
0.623
0.692
0.807
1.15
1.066
0.597
0.946
0.799
1.114
0.809
0.749
1.166
0.797
0.772
0.78
0.85
1.11
1.096
0.642
0.741
0.671
0.728
0.749
0.702
1.03
1.113
1.158
0.75
1.155
1.106
0.623
0.692
0.807
1.15
1.066
0.597
0.946
0.799
1.114
0.809
0.749
1.166
0.797
0.772
0.78
0.85
0.679
1.438
1.424
0.97
1.069
0.999
1.057
1.077
1.03
1000.0
1.441
1.486
1.078
1.483
1.434
0.952
1.02
1.135
1.479
1.395
0.925
1.274
1.127
1.442
1.137
1.078
1.495
1.125
1.1
1.109
1.179
1.438
1.424
0.97
1.069
0.999
1.057
1.077
1.03
1.358
1.441
1.486
1.078
1.483
1.434
0.952
1.02
1.135
1.479
1.395
0.925
1.274
1.127
1.442
1.137
1.078
1.495
1.125
1.1
1.109
1.179
0.762
1.521
1.507
1.054
1.152
1.082
1.14
1.16
1.113
1.441
1000.0
1.569
1.161
1.566
1.517
1.035
1.103
1.218
1.562
1.478
1.008
1.357
1.21
1.525
1.22
1.161
1.578
1.208
1.183
1.192
1.262
1.521
1.507
1.054
1.152
1.082
1.14
1.16
1.113
1.441
1.524
1.569
1.161
1.566
1.517
1.035
1.103
1.218
1.562
1.478
1.008
1.357
1.21
1.525
1.22
1.161
1.578
1.208
1.183
1.192
1.262
0.807
1.566
1.552
1.098
1.197
1.127
1.185
1.205
1.158
1.486
1.569
1000.0
1.206
1.611
1.562
1.08
1.148
1.263
1.606
1.523
1.053
1.402
1.255
1.57
1.265
1.205
1.623
1.253
1.228
1.237
1.306
1.566
1.552
1.098
1.197
1.127
1.185
1.205
1.158
1.486
1.569
1.614
1.206
1.611
1.562
1.08
1.148
1.263
1.606
1.523
1.053
1.402
1.255
1.57
1.265
1.205
1.623
1.253
1.228
1.237
1.306
0.399
1.158
1.144
0.69
0.789
0.719
0.777
0.797
0.75
1.078
1.161
1.206
1000.0
1.203
1.154
0.672
0.74
0.855
1.199
1.115
0.645
0.994
0.847
1.162
0.857
0.798
1.215
0.845
0.82
0.829
0.899
1.158
1.144
0.69
0.789
0.719
0.777
0.797
0.75
1.078
1.161
1.206
0.798
1.203
1.154
0.672
0.74
0.855
1.199
1.115
0.645
0.994
0.847
1.162
0.857
0.798
1.215
0.845
0.82
0.829
0.899
0.804
1.563
1.549
1.095
1.194
1.124
1.182
1.202
1.155
1.483
1.566
1.611
1.203
1000.0
1.559
1.077
1.145
1.26
1.604
1.52
1.05
1.399
1.252
1.567
1.262
1.203
1.62
1.25
1.225
1.234
1.304
1.563
1.549
1.095
1.194
1.124
1.182
1.202
1.155
1.483
1.566
1.611
1.203
1.608
1.559
1.077
1.145
1.26
1.604
1.52
1.05
1.399
1.252
1.567
1.262
1.203
1.62
1.25
1.225
1.234
1.304
0.755
1.514
1.5
1.046
1.145
1.075
1.133
1.153
1.106
1.434
1.517
1.562
1.154
1.559
1000.0
1.028
1.096
1.211
1.555
1.471
1.001
1.35
1.203
1.518
1.213
1.154
1.571
1.201
1.176
1.185
1.255
1.514
1.5
1.046
1.145
1.075
1.133
1.153
1.106
1.434
1.517
1.562
1.154
1.559
1.51
1.028
1.096
1.211
1.555
1.471
1.001
1.35
1.203
1.518
1.213
1.154
1.571
1.201
1.176
1.185
1.255
0.273
1.032
1.017
0.564
0.662
0.593
0.65
0.671
0.623
0.952
1.035
1.08
0.672
1.077
1.028
1000.0
0.613
0.729
1.072
0.988
0.518
0.868
0.721
1.036
0.73
0.671
1.088
0.718
0.694
0.702
0.772
1.032
1.017
0.564
0.662
0.593
0.65
0.671
0.623
0.952
1.035
1.08
0.672
1.077
1.028
0.545
0.613
0.729
1.072
0.988
0.518
0.868
0.721
1.036
0.73
0.671
1.088
0.718
0.694
0.702
0.772
0.341
0.481
1.066
0.427
0.071
0.391
0.603
0.504
0.042
1.004
1.091
1.125
0.441
0.507
1.077
0.503
1000.0
0.797
1.14
1.056
0.587
0.936
0.789
1.104
0.799
0.739
1.157
0.787
0.762
0.77
0.84
1.1
1.086
0.632
0.731
0.661
0.718
0.739
0.692
1.02
1.103
1.148
0.74
1.145
1.096
0.613
0.682
0.797
1.14
1.056
0.587
0.936
0.789
1.104
0.799
0.739
1.157
0.787
0.762
0.77
0.84
0.456
0.504
1.197
0.457
0.169
0.402
0.747
0.508
0.115
1.133
1.217
1.257
0.427
0.51
1.207
0.646
0.797
1000.0
1.256
1.172
0.702
1.051
0.904
1.219
0.914
0.855
1.272
0.902
0.877
0.886
0.956
1.215
1.201
0.748
0.846
0.776
0.834
0.854
0.807
1.135
1.218
1.263
0.855
1.26
1.211
0.729
0.797
0.913
1.256
1.172
0.702
1.051
0.904
1.219
0.914
0.855
1.272
0.902
0.877
0.886
0.956
0.799
1.379
0.092
0.993
1.136
1.054
0.549
1.07
1.132
0.153
0.149
0.054
1.122
1.445
0.091
0.622
1.14
1.256
1000.0
1.515
1.045
1.394
1.248
1.563
1.257
1.198
1.615
1.245
1.221
1.229
1.299
1.558
1.544
1.091
1.189
1.12
1.177
1.198
1.15
1.479
1.562
1.606
1.199
1.604
1.555
1.072
1.14
1.256
1.599
1.515
1.045
1.394
1.248
1.563
1.257
1.198
1.615
1.245
1.221
1.229
1.299
0.716
1.312
0.06
0.907
1.057
0.969
0.482
0.985
1.051
0.082
0.128
0.097
1.036
1.377
0.07
0.548
1.056
1.172
1.515
1000.0
0.962
1.311
1.164
1.479
1.173
1.114
1.531
1.162
1.137
1.145
1.215
1.475
1.46
1.007
1.106
1.036
1.093
1.114
1.066
1.395
1.478
1.523
1.115
1.52
1.471
0.988
1.056
1.172
1.515
1.431
0.962
1.311
1.164
1.479
1.173
1.114
1.531
1.162
1.137
1.145
1.215
0.246
0.763
0.61
0.534
0.497
0.566
0.135
0.639
0.507
0.555
0.647
0.663
0.645
0.823
0.621
0.027
0.587
0.702
1.045
0.962
1000.0
0.841
0.694
1.009
0.704
0.644
1.062
0.692
0.667
0.676
0.745
1.005
0.991
0.537
0.636
0.566
0.624
0.644
0.597
0.925
1.008
1.053
0.645
1.05
1.001
0.518
0.587
0.702
1.045
0.962
0.492
0.841
0.694
1.009
0.704
0.644
1.062
0.692
0.667
0.676
0.745
0.595
0.302
1.299
0.661
0.207
0.612
0.801
0.721
0.262
1.24
1.33
1.355
0.642
0.298
1.311
0.715
0.936
1.051
1.394
1.311
0.841
1000.0
1.043
1.358
1.053
0.993
1.411
1.041
1.016
1.025
1.094
1.354
1.34
0.886
0.985
0.915
0.973
0.993
0.946
1.274
1.357
1.402
0.994
1.399
1.35
0.868
0.936
1.051
1.394
1.311
0.841
1.19
1.043
1.358
1.053
0.993
1.411
1.041
1.016
1.025
1.094
0.448
0.749
0.636
0.739
0.595
0.766
0.132
0.846
0.637
0.6
0.691
0.674
0.845
0.818
0.648
0.189
0.789
0.904
1.248
1.164
0.694
1.043
1000.0
1.211
0.906
0.847
1.264
0.894
0.869
0.878
0.948
1.207
1.193
0.739
0.838
0.768
0.826
0.846
0.799
1.127
1.21
1.255
0.847
1.252
1.203
0.721
0.789
0.904
1.248
1.164
0.694
1.043
0.896
1.211
0.906
0.847
1.264
0.894
0.869
0.878
0.948
0.763
0.114
1.41
0.875
0.385
0.831
0.884
0.942
0.469
1.357
1.449
1.46
0.867
0.073
1.421
0.817
1.104
1.219
1.563
1.479
1.009
1.358
1.211
1000.0
1.221
1.162
1.579
1.209
1.184
1.193
1.263
1.522
1.508
1.054
1.153
1.083
1.141
1.161
1.114
1.442
1.525
1.57
1.162
1.567
1.518
1.036
1.104
1.219
1.563
1.479
1.009
1.358
1.211
1.526
1.221
1.162
1.579
1.209
1.184
1.193
1.263
0.458
0.415
1.182
0.514
0.097
0.467
0.706
0.578
0.114
1.12
1.208
1.24
0.503
0.428
1.192
0.611
0.799
0.914
1.257
1.173
0.704
1.053
0.906
1.221
1000.0
0.856
1.274
0.904
0.879
0.887
0.957
1.217
1.203
0.749
0.848
0.778
0.835
0.856
0.809
1.137
1.22
1.265
0.857
1.262
1.213
0.73
0.799
0.914
1.257
1.173
0.704
1.053
0.906
1.221
0.916
0.856
1.274
0.904
0.879
0.887
0.957
0.398
0.791
0.577
0.687
0.597
0.719
0.054
0.792
0.626
0.536
0.628
0.62
0.797
0.858
0.589
0.127
0.739
0.855
1.198
1.114
0.644
0.993
0.847
1.162
0.856
1000.0
1.214
0.844
0.819
0.828
0.898
1.157
1.143
0.69
0.788
0.719
0.776
0.797
0.749
1.078
1.161
1.205
0.798
1.203
1.154
0.671
0.739
0.855
1.198
1.114
0.644
0.993
0.847
1.162
0.856
0.797
1.214
0.844
0.819
0.828
0.898
0.816
1.374
0.134
1.018
1.143
1.078
0.547
1.098
1.143
0.191
0.193
0.095
1.147
1.441
0.134
0.626
1.157
1.272
1.615
1.531
1.062
1.411
1.264
1.579
1.274
1.214
1000.0
1.262
1.237
1.245
1.315
1.575
1.561
1.107
1.206
1.136
1.193
1.214
1.166
1.495
1.578
1.623
1.215
1.62
1.571
1.088
1.157
1.272
1.615
1.531
1.062
1.411
1.264
1.579
1.274
1.214
1.631
1.262
1.237
1.245
1.315
0.446
0.354
1.142
0.555
0.059
0.517
0.647
0.63
0.153
1.083
1.173
1.198
0.563
0.38
1.153
0.558
0.787
0.902
1.245
1.162
0.692
1.041
0.894
1.209
0.904
0.844
1.262
1000.0
0.867
0.876
0.945
1.205
1.191
0.737
0.836
0.766
0.824
0.844
0.797
1.125
1.208
1.253
0.845
1.25
1.201
0.718
0.787
0.902
1.245
1.162
0.692
1.041
0.894
1.209
0.904
0.844
1.262
0.892
0.867
0.876
0.945
0.421
0.966
1.039
0.133
0.562
0.111
0.793
0.05
0.461
0.97
1.032
1.105
0.054
0.984
1.047
0.691
0.762
0.877
1.221
1.137
0.667
1.016
0.869
1.184
0.879
0.819
1.237
0.867
1000.0
0.851
0.921
1.18
1.166
0.712
0.811
0.741
0.799
0.819
0.772
1.1
1.183
1.228
0.82
1.225
1.176
0.694
0.762
0.877
1.221
1.137
0.667
1.016
0.869
1.184
0.879
0.819
1.237
0.867
0.842
0.851
0.921
0.43
0.994
1.028
0.139
0.588
0.131
0.798
0.035
0.489
0.958
1.019
1.094
0.084
1.012
1.036
0.698
0.77
0.886
1.229
1.145
0.676
1.025
0.878
1.193
0.887
0.828
1.245
0.876
0.851
1000.0
0.929
1.189
1.174
0.721
0.82
0.75
0.807
0.828
0.78
1.109
1.192
1.237
0.829
1.234
1.185
0.702
0.77
0.886
1.229
1.145
0.676
1.025
0.878
1.193
0.887
0.828
1.245
0.876
0.851
0.859
0.929
0.5
0.349
1.208
0.577
0.112
0.532
0.717
0.643
0.172
1.148
1.237
1.265
0.569
0.362
1.219
0.627
0.84
0.956
1.299
1.215
0.745
1.094
0.948
1.263
0.957
0.898
1.315
0.945
0.921
0.929
1000.0
1.259
1.244
0.791
0.889
0.82
0.877
0.898
0.85
1.179
1.262
1.306
0.899
1.304
1.255
0.772
0.84
0.956
1.299
1.215
0.745
1.094
0.948
1.263
0.957
0.898
1.315
0.945
0.921
0.929
0.999
ENDDATA
