# of pickup customers
2
# of delivery customers
8
# of customers
10
# of tasks
20
# of given tractors
1
c1
10.0
c2
1.0
c3
0.0
timeperiod
16.0
package time
3.287
3.835
3.761
3.722
4.306
3.519
4.168
4.544
4.232
4.309
terminal coordinates
100.0
100.0
customer coordinate
170.68
141.91
114.81
139.43
102.39
124.63
136.91
92.42
151.58
73.42
75.08
130.05
73.58
172.35
14.26
69.11
133.17
158.65
131.66
36.32
distance matrix
0.0
0.937
0.645
0.379
1.03
1.072
0.494
0.62
0.739
0.757
0.863
0.937
0.645
0.379
1.03
1.072
0.494
0.62
0.739
0.757
0.863
0.937
1.874
1.581
1.315
1.967
2.009
1.431
1.557
1.676
1.693
1.799
0.0
0.776
0.699
1.277
1.143
0.58
0.84
1.431
0.746
1.309
0.645
1.581
1.289
1.023
1.675
1.717
1.138
1.265
1.384
1.401
1.507
0.776
0.0
0.783
0.53
1.529
0.792
0.074
0.714
0.123
1.451
0.379
1.315
1.023
0.757
1.409
1.451
0.872
0.999
1.118
1.135
1.241
0.699
0.783
0.0
1.272
0.758
0.135
0.794
1.1
0.859
0.696
1.03
1.967
1.675
1.409
2.06
2.102
1.524
1.65
1.769
1.786
1.893
1.277
0.53
1.272
0.0
2.03
1.304
0.491
0.612
0.531
1.89
1.072
2.009
1.717
1.451
2.102
2.144
1.566
1.692
1.811
1.829
1.935
1.143
1.529
0.758
2.03
0.0
0.74
1.548
1.809
1.591
0.455
0.494
1.431
1.138
0.872
1.524
1.566
0.988
1.114
1.233
1.25
1.356
0.58
0.792
0.135
1.304
0.74
0.0
0.815
1.189
0.851
0.76
0.62
1.557
1.265
0.999
1.65
1.692
1.114
1.241
1.36
1.377
1.483
0.84
0.074
0.794
0.491
1.548
0.815
0.0
0.641
0.184
1.448
0.739
1.676
1.384
1.118
1.769
1.811
1.233
1.36
1.478
1.496
1.602
1.431
0.714
1.1
0.612
1.809
1.189
0.641
0.0
0.813
1.547
0.757
1.693
1.401
1.135
1.786
1.829
1.25
1.377
1.496
1.513
1.619
0.746
0.123
0.859
0.531
1.591
0.851
0.184
0.813
0.0
1.541
0.863
1.799
1.507
1.241
1.893
1.935
1.356
1.483
1.602
1.619
1.725
1.309
1.451
0.696
1.89
0.455
0.76
1.448
1.547
1.541
0.0
0.937
1000.0
1.581
1.315
1.967
2.009
1.431
1.557
1.676
1.693
1.799
1.874
1.581
1.315
1.967
2.009
1.431
1.557
1.676
1.693
1.799
0.645
1.581
1000.0
1.023
1.675
1.717
1.138
1.265
1.384
1.401
1.507
1.581
1.289
1.023
1.675
1.717
1.138
1.265
1.384
1.401
1.507
0.379
0.699
0.783
1000.0
1.409
1.451
0.872
0.999
1.118
1.135
1.241
1.315
1.023
0.757
1.409
1.451
0.872
0.999
1.118
1.135
1.241
1.03
1.277
0.53
1.409
1000.0
2.102
1.524
1.65
1.769
1.786
1.893
1.967
1.675
1.409
2.06
2.102
1.524
1.65
1.769
1.786
1.893
1.072
1.143
1.529
1.451
2.102
1000.0
1.566
1.692
1.811
1.829
1.935
2.009
1.717
1.451
2.102
2.144
1.566
1.692
1.811
1.829
1.935
0.494
0.58
0.792
0.872
1.524
1.566
1000.0
1.114
1.233
1.25
1.356
1.431
1.138
0.872
1.524
1.566
0.988
1.114
1.233
1.25
1.356
0.62
0.84
0.074
0.999
1.65
1.692
1.114
1000.0
1.36
1.377
1.483
1.557
1.265
0.999
1.65
1.692
1.114
1.241
1.36
1.377
1.483
0.739
1.431
0.714
1.118
1.769
1.811
1.233
1.36
1000.0
1.496
1.602
1.676
1.384
1.118
1.769
1.811
1.233
1.36
1.478
1.496
1.602
0.757
0.746
0.123
1.135
1.786
1.829
1.25
1.377
1.496
1000.0
1.619
1.693
1.401
1.135
1.786
1.829
1.25
1.377
1.496
1.513
1.619
0.863
1.309
1.451
1.241
1.893
1.935
1.356
1.483
1.602
1.619
1000.0
1.799
1.507
1.241
1.893
1.935
1.356
1.483
1.602
1.619
1.725
ENDDATA
