# of pickup customers
15
# of delivery customers
10
# of customers
25
# of tasks
50
# of given tractors
1
c1
10.0
c2
1.0
c3
0.0
timeperiod
16.0
package time
3.328
4.907
3.585
3.56
3.929
3.576
4.648
4.967
4.279
4.256
3.071
4.333
4.738
3.17
3.245
4.426
4.914
4.853
4.126
3.057
3.869
3.008
3.343
3.841
3.554
terminal coordinates
100.0
100.0
customer coordinate
100.48
84.49
134.5
93.38
76.15
82.42
103.77
64.65
102.59
99.63
110.92
133.94
178.62
113.13
174.77
97.16
61.59
71.78
88.71
113.28
162.26
177.58
63.25
126.22
96.01
139.13
65.49
181.91
63.78
64.3
55.29
141.55
129.01
142.01
131.86
130.02
189.97
44.18
133.34
41.72
143.99
135.17
131.55
61.01
145.73
51.42
56.75
136.21
185.12
132.81
distance matrix
0.0
0.489
0.473
1.111
0.46
0.537
0.601
0.522
0.572
0.526
0.398
0.399
1.202
1.205
0.448
1.185
0.551
0.651
0.529
0.507
0.595
0.987
1.11
0.645
1.113
0.413
0.489
0.473
1.111
0.46
0.537
0.601
0.522
0.572
0.526
0.398
0.399
1.202
1.205
0.448
1.185
0.551
0.651
0.529
0.507
0.595
0.987
1.11
0.645
1.113
0.413
0.489
0.978
0.962
1.6
0.949
1.026
1.09
1.011
1.061
1.015
0.887
0.888
1.691
1.694
0.937
1.674
1.04
1.14
1.018
0.997
1.084
1.476
1.599
1.134
1.602
0.902
0.0
0.942
0.683
0.946
0.984
1.072
0.051
0.465
0.045
0.091
0.173
0.761
1.537
0.174
1.531
0.074
0.489
0.371
0.988
0.18
1.341
1.41
0.467
0.659
0.097
0.473
0.962
0.946
1.584
0.933
1.01
1.073
0.994
1.045
0.999
0.871
0.872
1.675
1.678
0.921
1.658
1.024
1.124
1.002
0.98
1.068
1.46
1.583
1.118
1.586
0.886
0.942
0.0
1.584
0.113
0.105
0.13
0.981
0.832
0.983
0.851
0.872
1.674
1.206
0.921
1.167
0.994
0.917
0.841
0.077
1.066
0.988
1.169
0.923
1.584
0.854
1.111
1.6
1.584
2.222
1.571
1.648
1.712
1.632
1.683
1.637
1.509
1.51
2.313
2.316
1.559
2.296
1.662
1.762
1.64
1.618
1.706
2.098
2.221
1.756
2.224
1.524
0.683
1.584
0.0
1.564
1.641
1.711
0.634
1.095
0.639
0.762
0.712
0.101
1.808
0.663
1.823
0.665
1.083
1.005
1.616
0.524
1.668
1.655
1.058
0.111
0.78
0.46
0.949
0.933
1.571
0.921
0.997
1.061
0.982
1.032
0.986
0.859
0.86
1.662
1.666
0.908
1.645
1.011
1.111
0.989
0.968
1.055
1.447
1.571
1.105
1.574
0.873
0.946
0.113
1.564
0.0
0.215
0.173
0.981
0.891
0.985
0.855
0.857
1.657
1.093
0.904
1.054
1.004
0.977
0.889
0.068
1.054
0.875
1.056
0.981
1.571
0.864
0.537
1.026
1.01
1.648
0.997
1.073
1.137
1.058
1.108
1.063
0.935
0.936
1.739
1.742
0.985
1.722
1.088
1.188
1.066
1.044
1.132
1.524
1.647
1.182
1.65
0.95
0.984
0.105
1.641
0.215
0.0
0.137
1.025
0.822
1.026
0.894
0.929
1.729
1.305
0.979
1.265
1.03
0.904
0.842
0.162
1.119
1.088
1.271
0.913
1.635
0.892
0.601
1.09
1.073
1.712
1.061
1.137
1.201
1.122
1.172
1.127
0.999
1.0
1.803
1.806
1.048
1.786
1.152
1.252
1.13
1.108
1.196
1.588
1.711
1.245
1.714
1.014
1.072
0.13
1.711
0.173
0.137
0.0
1.111
0.948
1.113
0.981
1.0
1.802
1.21
1.048
1.167
1.124
1.032
0.962
0.106
1.195
0.999
1.19
1.039
1.713
0.984
0.522
1.011
0.994
1.632
0.982
1.058
1.122
1.043
1.093
1.048
0.92
0.921
1.723
1.727
0.969
1.707
1.073
1.173
1.051
1.029
1.117
1.509
1.632
1.166
1.635
0.935
0.051
0.981
0.634
0.981
1.025
1.111
0.0
0.514
0.016
0.132
0.17
0.713
1.535
0.156
1.531
0.088
0.533
0.419
1.024
0.13
1.343
1.405
0.511
0.613
0.146
0.572
1.061
1.045
1.683
1.032
1.108
1.172
1.093
1.143
1.098
0.97
0.971
1.774
1.777
1.02
1.757
1.123
1.223
1.101
1.079
1.167
1.559
1.682
1.217
1.685
0.985
0.465
0.832
1.095
0.891
0.822
0.948
0.514
0.0
0.501
0.439
0.579
1.154
1.776
0.608
1.757
0.447
0.086
0.095
0.902
0.643
1.559
1.676
0.092
1.041
0.395
0.526
1.015
0.999
1.637
0.986
1.063
1.127
1.048
1.098
1.052
0.924
0.925
1.728
1.731
0.974
1.711
1.077
1.177
1.055
1.034
1.121
1.513
1.636
1.171
1.639
0.939
0.045
0.983
0.639
0.985
1.026
1.113
0.016
0.501
0.0
0.132
0.182
0.716
1.549
0.171
1.545
0.072
0.52
0.407
1.027
0.141
1.356
1.419
0.497
0.615
0.141
0.398
0.887
0.871
1.509
0.859
0.935
0.999
0.92
0.97
0.924
0.797
0.798
1.6
1.604
0.846
1.583
0.949
1.049
0.927
0.906
0.994
1.385
1.509
1.043
1.512
0.811
0.091
0.851
0.762
0.855
0.894
0.981
0.132
0.439
0.132
0.0
0.143
0.844
1.475
0.17
1.467
0.155
0.477
0.348
0.896
0.243
1.274
1.353
0.458
0.744
0.047
0.399
0.888
0.872
1.51
0.86
0.936
1.0
0.921
0.971
0.925
0.798
0.799
1.601
1.605
0.847
1.584
0.95
1.05
0.928
0.907
0.995
1.386
1.51
1.044
1.513
0.812
0.173
0.872
0.712
0.857
0.929
1.0
0.17
0.579
0.182
0.143
0.0
0.803
1.367
0.05
1.362
0.245
0.62
0.49
0.906
0.199
1.174
1.238
0.601
0.715
0.19
1.202
1.691
1.675
2.313
1.662
1.739
1.803
1.723
1.774
1.728
1.6
1.601
2.404
2.407
1.65
2.387
1.753
1.853
1.731
1.709
1.797
2.189
2.312
1.847
2.315
1.615
0.761
1.674
0.101
1.657
1.729
1.802
0.713
1.154
0.716
0.844
0.803
0.0
1.906
0.754
1.922
0.736
1.135
1.066
1.708
0.61
1.768
1.752
1.11
0.114
0.857
1.205
1.694
1.678
2.316
1.666
1.742
1.806
1.727
1.777
1.731
1.604
1.605
2.407
2.411
1.653
2.39
1.756
1.856
1.734
1.713
1.801
2.192
2.316
1.85
2.319
1.618
1.537
1.206
1.808
1.093
1.305
1.21
1.535
1.776
1.549
1.475
1.367
1.906
0.0
1.383
0.057
1.61
1.853
1.725
1.143
1.509
0.224
0.158
1.845
1.88
1.514
0.448
0.937
0.921
1.559
0.908
0.985
1.048
0.969
1.02
0.974
0.846
0.847
1.65
1.653
0.896
1.633
0.999
1.099
0.977
0.955
1.043
1.435
1.558
1.093
1.561
0.861
0.174
0.921
0.663
0.904
0.979
1.048
0.156
0.608
0.171
0.17
0.05
0.754
1.383
0.0
1.38
0.24
0.645
0.517
0.954
0.155
1.194
1.251
0.625
0.668
0.214
1.185
1.674
1.658
2.296
1.645
1.722
1.786
1.707
1.757
1.711
1.583
1.584
2.387
2.39
1.633
2.37
1.736
1.836
1.714
1.692
1.78
2.172
2.295
1.83
2.298
1.598
1.531
1.167
1.823
1.054
1.265
1.167
1.531
1.757
1.545
1.467
1.362
1.922
0.057
1.38
0.0
1.605
1.835
1.708
1.102
1.51
0.198
0.191
1.827
1.892
1.505
0.551
1.04
1.024
1.662
1.011
1.088
1.152
1.073
1.123
1.077
0.949
0.95
1.753
1.756
0.999
1.736
1.102
1.202
1.08
1.058
1.146
1.538
1.661
1.196
1.664
0.964
0.074
0.994
0.665
1.004
1.03
1.124
0.088
0.447
0.072
0.155
0.245
0.736
1.61
0.24
1.605
0.0
0.458
0.353
1.043
0.203
1.415
1.483
0.435
0.63
0.14
0.651
1.14
1.124
1.762
1.111
1.188
1.252
1.173
1.223
1.177
1.049
1.05
1.853
1.856
1.099
1.836
1.202
1.302
1.18
1.158
1.246
1.638
1.761
1.296
1.764
1.064
0.489
0.917
1.083
0.977
0.904
1.032
0.533
0.086
0.52
0.477
0.62
1.135
1.853
0.645
1.835
0.458
0.0
0.135
0.987
0.659
1.637
1.75
0.024
1.021
0.431
0.529
1.018
1.002
1.64
0.989
1.066
1.13
1.051
1.101
1.055
0.927
0.928
1.731
1.734
0.977
1.714
1.08
1.18
1.058
1.037
1.124
1.516
1.639
1.174
1.642
0.942
0.371
0.841
1.005
0.889
0.842
0.962
0.419
0.095
0.407
0.348
0.49
1.066
1.725
0.517
1.708
0.353
0.135
0.0
0.907
0.548
1.511
1.62
0.121
0.955
0.303
0.507
0.997
0.98
1.618
0.968
1.044
1.108
1.029
1.079
1.034
0.906
0.907
1.709
1.713
0.955
1.692
1.058
1.158
1.037
1.015
1.103
1.495
1.618
1.152
1.621
0.921
0.988
0.077
1.616
0.068
0.162
0.106
1.024
0.902
1.027
0.896
0.906
1.708
1.143
0.954
1.102
1.043
0.987
0.907
0.0
1.103
0.927
1.112
0.992
1.621
0.902
0.595
1.084
1.068
1.706
1.055
1.132
1.196
1.117
1.167
1.121
0.994
0.995
1.797
1.801
1.043
1.78
1.146
1.246
1.124
1.103
1.19
1.582
1.706
1.24
1.709
1.008
0.18
1.066
0.524
1.054
1.119
1.195
0.13
0.643
0.141
0.243
0.199
0.61
1.509
0.155
1.51
0.203
0.659
0.548
1.103
0.0
1.328
1.372
0.637
0.518
0.27
0.987
1.476
1.46
2.098
1.447
1.524
1.588
1.509
1.559
1.513
1.385
1.386
2.189
2.192
1.435
2.172
1.538
1.638
1.516
1.495
1.582
1.974
2.097
1.632
2.1
1.4
1.341
0.988
1.668
0.875
1.088
0.999
1.343
1.559
1.356
1.274
1.174
1.768
0.224
1.194
0.198
1.415
1.637
1.511
0.927
1.328
0.0
0.203
1.629
1.731
1.312
1.11
1.599
1.583
2.221
1.571
1.647
1.711
1.632
1.682
1.636
1.509
1.51
2.312
2.316
1.558
2.295
1.661
1.761
1.639
1.618
1.706
2.097
2.221
1.755
2.224
1.523
1.41
1.169
1.655
1.056
1.271
1.19
1.405
1.676
1.419
1.353
1.238
1.752
0.158
1.251
0.191
1.483
1.75
1.62
1.112
1.372
0.203
0.0
1.74
1.728
1.394
0.645
1.134
1.118
1.756
1.105
1.182
1.245
1.166
1.217
1.171
1.043
1.044
1.847
1.85
1.093
1.83
1.196
1.296
1.174
1.152
1.24
1.632
1.755
1.29
1.758
1.058
0.467
0.923
1.058
0.981
0.913
1.039
0.511
0.092
0.497
0.458
0.601
1.11
1.845
0.625
1.827
0.435
0.024
0.121
0.992
0.637
1.629
1.74
0.0
0.997
0.412
1.113
1.602
1.586
2.224
1.574
1.65
1.714
1.635
1.685
1.639
1.512
1.513
2.315
2.319
1.561
2.298
1.664
1.764
1.642
1.621
1.709
2.1
2.224
1.758
2.227
1.526
0.659
1.584
0.111
1.571
1.635
1.713
0.613
1.041
0.615
0.744
0.715
0.114
1.88
0.668
1.892
0.63
1.021
0.955
1.621
0.518
1.731
1.728
0.997
0.0
0.755
0.413
0.902
0.886
1.524
0.873
0.95
1.014
0.935
0.985
0.939
0.811
0.812
1.615
1.618
0.861
1.598
0.964
1.064
0.942
0.921
1.008
1.4
1.523
1.058
1.526
0.826
0.097
0.854
0.78
0.864
0.892
0.984
0.146
0.395
0.141
0.047
0.19
0.857
1.514
0.214
1.505
0.14
0.431
0.303
0.902
0.27
1.312
1.394
0.412
0.755
0.0
0.489
1000.0
0.962
1.6
0.949
1.026
1.09
1.011
1.061
1.015
0.887
0.888
1.691
1.694
0.937
1.674
1.04
1.14
1.018
0.997
1.084
1.476
1.599
1.134
1.602
0.902
0.978
0.962
1.6
0.949
1.026
1.09
1.011
1.061
1.015
0.887
0.888
1.691
1.694
0.937
1.674
1.04
1.14
1.018
0.997
1.084
1.476
1.599
1.134
1.602
0.902
0.473
0.962
1000.0
1.584
0.933
1.01
1.073
0.994
1.045
0.999
0.871
0.872
1.675
1.678
0.921
1.658
1.024
1.124
1.002
0.98
1.068
1.46
1.583
1.118
1.586
0.886
0.962
0.946
1.584
0.933
1.01
1.073
0.994
1.045
0.999
0.871
0.872
1.675
1.678
0.921
1.658
1.024
1.124
1.002
0.98
1.068
1.46
1.583
1.118
1.586
0.886
1.111
1.6
1.584
1000.0
1.571
1.648
1.712
1.632
1.683
1.637
1.509
1.51
2.313
2.316
1.559
2.296
1.662
1.762
1.64
1.618
1.706
2.098
2.221
1.756
2.224
1.524
1.6
1.584
2.222
1.571
1.648
1.712
1.632
1.683
1.637
1.509
1.51
2.313
2.316
1.559
2.296
1.662
1.762
1.64
1.618
1.706
2.098
2.221
1.756
2.224
1.524
0.46
0.949
0.933
1.571
1000.0
0.997
1.061
0.982
1.032
0.986
0.859
0.86
1.662
1.666
0.908
1.645
1.011
1.111
0.989
0.968
1.055
1.447
1.571
1.105
1.574
0.873
0.949
0.933
1.571
0.921
0.997
1.061
0.982
1.032
0.986
0.859
0.86
1.662
1.666
0.908
1.645
1.011
1.111
0.989
0.968
1.055
1.447
1.571
1.105
1.574
0.873
0.537
1.026
1.01
1.648
0.997
1000.0
1.137
1.058
1.108
1.063
0.935
0.936
1.739
1.742
0.985
1.722
1.088
1.188
1.066
1.044
1.132
1.524
1.647
1.182
1.65
0.95
1.026
1.01
1.648
0.997
1.073
1.137
1.058
1.108
1.063
0.935
0.936
1.739
1.742
0.985
1.722
1.088
1.188
1.066
1.044
1.132
1.524
1.647
1.182
1.65
0.95
0.601
1.09
1.073
1.712
1.061
1.137
1000.0
1.122
1.172
1.127
0.999
1.0
1.803
1.806
1.048
1.786
1.152
1.252
1.13
1.108
1.196
1.588
1.711
1.245
1.714
1.014
1.09
1.073
1.712
1.061
1.137
1.201
1.122
1.172
1.127
0.999
1.0
1.803
1.806
1.048
1.786
1.152
1.252
1.13
1.108
1.196
1.588
1.711
1.245
1.714
1.014
0.522
1.011
0.994
1.632
0.982
1.058
1.122
1000.0
1.093
1.048
0.92
0.921
1.723
1.727
0.969
1.707
1.073
1.173
1.051
1.029
1.117
1.509
1.632
1.166
1.635
0.935
1.011
0.994
1.632
0.982
1.058
1.122
1.043
1.093
1.048
0.92
0.921
1.723
1.727
0.969
1.707
1.073
1.173
1.051
1.029
1.117
1.509
1.632
1.166
1.635
0.935
0.572
1.061
1.045
1.683
1.032
1.108
1.172
1.093
1000.0
1.098
0.97
0.971
1.774
1.777
1.02
1.757
1.123
1.223
1.101
1.079
1.167
1.559
1.682
1.217
1.685
0.985
1.061
1.045
1.683
1.032
1.108
1.172
1.093
1.143
1.098
0.97
0.971
1.774
1.777
1.02
1.757
1.123
1.223
1.101
1.079
1.167
1.559
1.682
1.217
1.685
0.985
0.526
1.015
0.999
1.637
0.986
1.063
1.127
1.048
1.098
1000.0
0.924
0.925
1.728
1.731
0.974
1.711
1.077
1.177
1.055
1.034
1.121
1.513
1.636
1.171
1.639
0.939
1.015
0.999
1.637
0.986
1.063
1.127
1.048
1.098
1.052
0.924
0.925
1.728
1.731
0.974
1.711
1.077
1.177
1.055
1.034
1.121
1.513
1.636
1.171
1.639
0.939
0.398
0.887
0.871
1.509
0.859
0.935
0.999
0.92
0.97
0.924
1000.0
0.798
1.6
1.604
0.846
1.583
0.949
1.049
0.927
0.906
0.994
1.385
1.509
1.043
1.512
0.811
0.887
0.871
1.509
0.859
0.935
0.999
0.92
0.97
0.924
0.797
0.798
1.6
1.604
0.846
1.583
0.949
1.049
0.927
0.906
0.994
1.385
1.509
1.043
1.512
0.811
0.399
0.888
0.872
1.51
0.86
0.936
1.0
0.921
0.971
0.925
0.798
1000.0
1.601
1.605
0.847
1.584
0.95
1.05
0.928
0.907
0.995
1.386
1.51
1.044
1.513
0.812
0.888
0.872
1.51
0.86
0.936
1.0
0.921
0.971
0.925
0.798
0.799
1.601
1.605
0.847
1.584
0.95
1.05
0.928
0.907
0.995
1.386
1.51
1.044
1.513
0.812
1.202
1.691
1.675
2.313
1.662
1.739
1.803
1.723
1.774
1.728
1.6
1.601
1000.0
2.407
1.65
2.387
1.753
1.853
1.731
1.709
1.797
2.189
2.312
1.847
2.315
1.615
1.691
1.675
2.313
1.662
1.739
1.803
1.723
1.774
1.728
1.6
1.601
2.404
2.407
1.65
2.387
1.753
1.853
1.731
1.709
1.797
2.189
2.312
1.847
2.315
1.615
1.205
1.694
1.678
2.316
1.666
1.742
1.806
1.727
1.777
1.731
1.604
1.605
2.407
1000.0
1.653
2.39
1.756
1.856
1.734
1.713
1.801
2.192
2.316
1.85
2.319
1.618
1.694
1.678
2.316
1.666
1.742
1.806
1.727
1.777
1.731
1.604
1.605
2.407
2.411
1.653
2.39
1.756
1.856
1.734
1.713
1.801
2.192
2.316
1.85
2.319
1.618
0.448
0.937
0.921
1.559
0.908
0.985
1.048
0.969
1.02
0.974
0.846
0.847
1.65
1.653
1000.0
1.633
0.999
1.099
0.977
0.955
1.043
1.435
1.558
1.093
1.561
0.861
0.937
0.921
1.559
0.908
0.985
1.048
0.969
1.02
0.974
0.846
0.847
1.65
1.653
0.896
1.633
0.999
1.099
0.977
0.955
1.043
1.435
1.558
1.093
1.561
0.861
1.185
1.674
1.658
2.296
1.645
1.722
1.786
1.707
1.757
1.711
1.583
1.584
2.387
2.39
1.633
1000.0
1.736
1.836
1.714
1.692
1.78
2.172
2.295
1.83
2.298
1.598
1.674
1.658
2.296
1.645
1.722
1.786
1.707
1.757
1.711
1.583
1.584
2.387
2.39
1.633
2.37
1.736
1.836
1.714
1.692
1.78
2.172
2.295
1.83
2.298
1.598
0.551
0.074
0.994
0.665
1.004
1.03
1.124
0.088
0.447
0.072
0.155
0.245
0.736
1.61
0.24
1.605
1000.0
1.202
1.08
1.058
1.146
1.538
1.661
1.196
1.664
0.964
1.04
1.024
1.662
1.011
1.088
1.152
1.073
1.123
1.077
0.949
0.95
1.753
1.756
0.999
1.736
1.102
1.202
1.08
1.058
1.146
1.538
1.661
1.196
1.664
0.964
0.651
0.489
0.917
1.083
0.977
0.904
1.032
0.533
0.086
0.52
0.477
0.62
1.135
1.853
0.645
1.835
1.202
1000.0
1.18
1.158
1.246
1.638
1.761
1.296
1.764
1.064
1.14
1.124
1.762
1.111
1.188
1.252
1.173
1.223
1.177
1.049
1.05
1.853
1.856
1.099
1.836
1.202
1.302
1.18
1.158
1.246
1.638
1.761
1.296
1.764
1.064
0.529
0.371
0.841
1.005
0.889
0.842
0.962
0.419
0.095
0.407
0.348
0.49
1.066
1.725
0.517
1.708
1.08
1.18
1000.0
1.037
1.124
1.516
1.639
1.174
1.642
0.942
1.018
1.002
1.64
0.989
1.066
1.13
1.051
1.101
1.055
0.927
0.928
1.731
1.734
0.977
1.714
1.08
1.18
1.058
1.037
1.124
1.516
1.639
1.174
1.642
0.942
0.507
0.988
0.077
1.616
0.068
0.162
0.106
1.024
0.902
1.027
0.896
0.906
1.708
1.143
0.954
1.102
1.058
1.158
1.037
1000.0
1.103
1.495
1.618
1.152
1.621
0.921
0.997
0.98
1.618
0.968
1.044
1.108
1.029
1.079
1.034
0.906
0.907
1.709
1.713
0.955
1.692
1.058
1.158
1.037
1.015
1.103
1.495
1.618
1.152
1.621
0.921
0.595
0.18
1.066
0.524
1.054
1.119
1.195
0.13
0.643
0.141
0.243
0.199
0.61
1.509
0.155
1.51
1.146
1.246
1.124
1.103
1000.0
1.582
1.706
1.24
1.709
1.008
1.084
1.068
1.706
1.055
1.132
1.196
1.117
1.167
1.121
0.994
0.995
1.797
1.801
1.043
1.78
1.146
1.246
1.124
1.103
1.19
1.582
1.706
1.24
1.709
1.008
0.987
1.341
0.988
1.668
0.875
1.088
0.999
1.343
1.559
1.356
1.274
1.174
1.768
0.224
1.194
0.198
1.538
1.638
1.516
1.495
1.582
1000.0
2.097
1.632
2.1
1.4
1.476
1.46
2.098
1.447
1.524
1.588
1.509
1.559
1.513
1.385
1.386
2.189
2.192
1.435
2.172
1.538
1.638
1.516
1.495
1.582
1.974
2.097
1.632
2.1
1.4
1.11
1.41
1.169
1.655
1.056
1.271
1.19
1.405
1.676
1.419
1.353
1.238
1.752
0.158
1.251
0.191
1.661
1.761
1.639
1.618
1.706
2.097
1000.0
1.755
2.224
1.523
1.599
1.583
2.221
1.571
1.647
1.711
1.632
1.682
1.636
1.509
1.51
2.312
2.316
1.558
2.295
1.661
1.761
1.639
1.618
1.706
2.097
2.221
1.755
2.224
1.523
0.645
0.467
0.923
1.058
0.981
0.913
1.039
0.511
0.092
0.497
0.458
0.601
1.11
1.845
0.625
1.827
1.196
1.296
1.174
1.152
1.24
1.632
1.755
1000.0
1.758
1.058
1.134
1.118
1.756
1.105
1.182
1.245
1.166
1.217
1.171
1.043
1.044
1.847
1.85
1.093
1.83
1.196
1.296
1.174
1.152
1.24
1.632
1.755
1.29
1.758
1.058
1.113
0.659
1.584
0.111
1.571
1.635
1.713
0.613
1.041
0.615
0.744
0.715
0.114
1.88
0.668
1.892
1.664
1.764
1.642
1.621
1.709
2.1
2.224
1.758
1000.0
1.526
1.602
1.586
2.224
1.574
1.65
1.714
1.635
1.685
1.639
1.512
1.513
2.315
2.319
1.561
2.298
1.664
1.764
1.642
1.621
1.709
2.1
2.224
1.758
2.227
1.526
0.413
0.097
0.854
0.78
0.864
0.892
0.984
0.146
0.395
0.141
0.047
0.19
0.857
1.514
0.214
1.505
0.964
1.064
0.942
0.921
1.008
1.4
1.523
1.058
1.526
1000.0
0.902
0.886
1.524
0.873
0.95
1.014
0.935
0.985
0.939
0.811
0.812
1.615
1.618
0.861
1.598
0.964
1.064
0.942
0.921
1.008
1.4
1.523
1.058
1.526
0.826
ENDDATA
