# of pickup customers
20
# of delivery customers
30
# of customers
50
# of tasks
100
# of given tractors
1
c1
10.0
c2
1.0
c3
0.0
timeperiod
16.0
package time
4.448
3.627
4.854
3.293
3.091
4.168
4.124
3.398
4.466
3.852
3.391
3.123
4.101
4.173
3.77
3.497
3.831
3.723
3.757
4.273
3.354
4.836
3.009
4.357
4.839
4.181
4.245
4.071
3.321
3.598
4.042
4.706
4.514
4.17
4.03
4.555
4.635
3.833
3.678
3.963
3.833
4.649
4.702
4.768
3.919
4.287
4.94
3.971
4.218
3.224
terminal coordinates
100.0
100.0
customer coordinate
179.53
195.09
114.16
50.03
53.47
159.59
34.48
138.13
184.42
85.02
173.15
159.94
49.68
80.17
136.47
66.66
188.33
177.15
161.87
81.61
87.01
159.27
83.84
126.2
126.14
38.45
116.96
58.49
12.47
20.77
106.76
187.72
173.5
48.2
149.33
177.91
39.85
55.02
130.28
104.0
191.19
126.91
184.04
73.64
191.42
1.34
124.04
78.11
189.18
197.24
105.42
93.41
134.19
197.69
31.51
39.32
17.43
57.65
67.87
0.62
63.73
64.66
115.05
101.17
168.3
35.8
70.29
115.84
184.92
26.4
36.67
96.92
89.68
158.08
62.03
102.36
121.74
52.11
114.54
45.4
32.98
112.51
52.04
134.87
28.85
153.59
192.21
25.98
32.12
116.31
140.57
50.93
151.78
68.06
183.27
149.02
89.08
130.42
1.83
165.65
distance matrix
0.0
0.996
1.191
0.463
1.372
1.035
1.063
1.318
0.712
1.129
1.256
1.021
0.87
0.657
0.248
0.968
0.904
1.165
0.984
1.313
0.948
0.808
0.742
0.24
0.796
0.576
0.77
0.345
0.792
1.109
1.203
0.842
1.108
1.097
0.781
1.082
1.182
1.376
1.083
0.929
0.21
1.248
0.7
1.234
0.518
1.546
1.377
0.33
0.468
1.658
1.467
0.996
1.191
0.463
1.372
1.035
1.063
1.318
0.712
1.129
1.256
1.021
0.87
0.657
0.248
0.968
0.904
1.165
0.984
1.313
0.948
0.808
0.742
0.24
0.796
0.576
0.77
0.345
0.792
1.109
1.203
0.842
1.108
1.097
0.781
1.082
1.182
1.376
1.083
0.929
0.21
1.248
0.7
1.234
0.518
1.546
1.377
0.33
0.468
1.658
1.467
0.996
1.993
2.188
1.459
2.368
2.031
2.06
2.314
1.709
2.126
2.253
2.017
1.866
1.653
1.245
1.964
1.901
2.161
1.981
2.31
1.945
1.805
1.738
1.236
1.793
1.573
1.766
1.341
1.789
2.106
2.199
1.838
2.104
2.093
1.777
2.079
2.178
2.373
2.079
1.926
1.206
2.244
1.696
2.23
1.514
2.542
2.374
1.326
1.465
2.654
2.463
0.0
0.246
0.893
1.988
1.827
0.863
2.121
0.79
0.473
1.764
0.527
0.565
1.628
1.243
0.953
1.658
0.453
0.134
1.018
1.573
1.441
0.275
1.212
0.937
0.86
1.764
0.808
1.653
2.091
2.122
1.283
0.135
0.671
1.682
1.029
0.602
2.056
1.846
1.104
0.954
0.463
0.947
0.582
1.404
0.984
2.293
0.723
1.306
1.3
0.785
1.191
2.188
2.383
1.654
2.563
2.226
2.255
2.509
1.904
2.321
2.448
2.212
2.061
1.848
1.44
2.159
2.096
2.356
2.176
2.505
2.14
2.0
1.933
1.431
1.988
1.768
1.961
1.536
1.984
2.301
2.394
2.033
2.299
2.289
1.972
2.274
2.373
2.568
2.274
2.121
1.401
2.439
1.891
2.425
1.709
2.737
2.569
1.522
1.66
2.849
2.658
0.246
0.0
1.133
2.233
1.932
0.809
2.221
0.841
0.346
1.8
0.461
0.568
1.838
1.44
1.189
1.759
0.301
0.359
1.217
1.647
1.526
0.45
1.391
1.181
0.947
1.961
1.039
1.784
2.298
2.26
1.338
0.256
0.583
1.908
0.989
0.782
2.3
1.943
1.115
1.174
0.592
1.004
0.743
1.551
1.124
2.52
0.89
1.534
1.147
0.903
0.463
1.459
1.654
0.925
1.834
1.498
1.526
1.78
1.175
1.592
1.719
1.483
1.332
1.119
0.711
1.43
1.367
1.627
1.447
1.776
1.411
1.271
1.204
0.702
1.259
1.039
1.233
0.807
1.255
1.572
1.665
1.305
1.57
1.56
1.243
1.545
1.645
1.839
1.545
1.392
0.672
1.71
1.162
1.696
0.98
2.008
1.84
0.793
0.931
2.12
1.929
0.893
1.133
0.0
1.128
1.491
1.315
1.767
1.003
1.208
1.709
1.149
1.041
0.841
0.592
0.509
1.366
1.224
0.82
0.871
1.407
1.265
0.731
0.673
0.334
0.914
1.027
0.16
1.24
1.295
1.611
1.269
0.959
1.267
0.825
1.388
0.833
1.178
1.541
1.292
0.257
0.966
1.053
0.901
0.969
1.144
1.422
0.577
0.453
1.902
1.11
1.372
2.368
2.563
1.834
2.743
2.407
2.435
2.689
2.084
2.501
2.628
2.392
2.241
2.028
1.62
2.339
2.276
2.537
2.356
2.685
2.32
2.18
2.113
1.611
2.168
1.948
2.142
1.716
2.164
2.481
2.574
2.214
2.479
2.469
2.152
2.454
2.554
2.748
2.454
2.301
1.582
2.619
2.071
2.605
1.889
2.917
2.749
1.702
1.84
3.029
2.838
1.988
2.233
1.128
0.0
2.078
2.407
2.262
2.068
2.336
2.502
2.274
2.157
1.033
1.264
1.141
2.034
2.35
1.89
1.407
2.177
2.065
1.858
1.415
1.073
1.944
1.2
1.265
1.823
1.14
1.938
2.178
2.024
2.387
0.786
2.448
1.691
0.145
2.147
2.3
1.221
1.903
2.071
1.771
1.647
1.777
0.861
1.643
0.911
3.003
1.883
1.035
2.031
2.226
1.498
2.407
2.07
2.098
2.353
1.747
2.164
2.291
2.056
1.905
1.692
1.283
2.003
1.939
2.2
2.019
2.348
1.983
1.843
1.777
1.275
1.831
1.611
1.805
1.38
1.827
2.144
2.238
1.877
2.143
2.132
1.816
2.117
2.217
2.411
2.118
1.964
1.245
2.283
1.735
2.269
1.553
2.581
2.412
1.365
1.503
2.693
2.502
1.827
1.932
1.491
2.078
0.0
1.33
0.296
1.108
1.699
0.552
1.549
1.394
1.045
0.933
2.0
0.173
1.754
1.871
2.348
0.358
0.424
1.555
0.82
1.825
0.985
0.905
1.379
0.265
1.158
0.444
0.666
1.96
1.522
1.294
1.199
2.179
2.016
0.072
0.96
1.234
2.196
0.95
2.219
0.522
2.564
1.607
1.138
1.274
1.736
2.458
1.063
2.06
2.255
1.526
2.435
2.098
2.126
2.381
1.775
2.192
2.319
2.084
1.933
1.72
1.311
2.031
1.967
2.228
2.048
2.376
2.011
1.871
1.805
1.303
1.86
1.639
1.833
1.408
1.855
2.172
2.266
1.905
2.171
2.16
1.844
2.145
2.245
2.439
2.146
1.992
1.273
2.311
1.763
2.297
1.581
2.609
2.44
1.393
1.532
2.721
2.53
0.863
0.809
1.315
2.407
1.33
0.0
1.588
0.353
0.473
1.05
0.349
0.317
1.668
1.258
1.638
1.162
0.528
0.981
1.82
0.988
0.908
0.72
1.137
1.542
0.505
1.707
1.16
1.274
2.065
1.737
0.665
0.98
0.236
1.834
0.183
1.447
2.427
1.318
0.377
1.187
1.326
0.434
1.439
1.133
1.843
2.407
0.764
1.528
0.597
1.648
1.318
2.314
2.509
1.78
2.689
2.353
2.381
2.635
2.03
2.447
2.574
2.338
2.187
1.974
1.566
2.285
2.222
2.482
2.302
2.631
2.266
2.126
2.059
1.557
2.114
1.894
2.088
1.662
2.11
2.427
2.52
2.16
2.425
2.415
2.098
2.4
2.5
2.694
2.4
2.247
1.528
2.565
2.017
2.551
1.835
2.863
2.695
1.648
1.786
2.975
2.784
2.121
2.221
1.767
2.262
0.296
1.588
0.0
1.39
1.977
0.666
1.827
1.676
1.235
1.192
2.276
0.463
2.033
2.166
2.63
0.6
0.699
1.849
1.094
2.099
1.274
1.063
1.662
0.527
1.245
0.389
0.924
2.254
1.791
1.478
1.443
2.472
2.186
0.278
1.211
1.511
2.491
1.229
2.513
0.8
2.854
1.696
1.434
1.514
1.944
2.752
0.712
1.709
1.904
1.175
2.084
1.747
1.775
2.03
1.425
1.841
1.969
1.733
1.582
1.369
0.961
1.68
1.617
1.877
1.697
2.026
1.661
1.52
1.454
0.952
1.509
1.289
1.482
1.057
1.505
1.821
1.915
1.554
1.82
1.809
1.493
1.795
1.894
2.089
1.795
1.641
0.922
1.96
1.412
1.946
1.23
2.258
2.089
1.042
1.181
2.37
2.179
0.79
0.841
1.003
2.068
1.108
0.353
1.39
0.0
0.593
0.974
0.444
0.286
1.318
0.906
1.383
0.934
0.647
0.876
1.618
0.807
0.691
0.557
0.788
1.264
0.16
1.366
0.844
0.998
1.724
1.475
0.499
0.924
0.448
1.482
0.386
1.298
2.083
1.112
0.334
0.848
1.231
0.163
1.309
0.817
1.706
2.056
0.431
1.179
0.946
1.539
1.129
2.126
2.321
1.592
2.501
2.164
2.192
2.447
1.841
2.258
2.385
2.15
1.999
1.786
1.377
2.097
2.033
2.294
2.114
2.442
2.077
1.937
1.871
1.369
1.926
1.705
1.899
1.474
1.921
2.238
2.332
1.971
2.237
2.226
1.91
2.211
2.311
2.505
2.212
2.058
1.339
2.377
1.829
2.363
1.647
2.675
2.506
1.459
1.598
2.787
2.596
0.473
0.346
1.208
2.336
1.699
0.473
1.977
0.593
0.0
1.5
0.15
0.309
1.785
1.368
1.391
1.526
0.057
0.606
1.49
1.386
1.279
0.48
1.286
1.342
0.732
1.875
1.079
1.586
2.227
2.065
1.064
0.56
0.24
1.898
0.656
1.075
2.384
1.7
0.811
1.174
0.913
0.749
1.049
1.385
1.445
2.503
0.8
1.542
0.828
1.233
1.256
2.253
2.448
1.719
2.628
2.291
2.319
2.574
1.969
2.385
2.513
2.277
2.126
1.913
1.505
2.224
2.161
2.421
2.241
2.57
2.205
2.064
1.998
1.496
2.053
1.833
2.026
1.601
2.048
2.365
2.459
2.098
2.364
2.353
2.037
2.339
2.438
2.632
2.339
2.185
1.466
2.504
1.956
2.49
1.774
2.802
2.633
1.586
1.725
2.914
2.723
1.764
1.8
1.709
2.502
0.552
1.05
0.666
0.974
1.5
0.0
1.355
1.232
1.497
1.258
2.192
0.496
1.558
1.844
2.496
0.325
0.451
1.52
1.113
2.034
0.924
1.399
1.566
0.724
1.688
0.979
0.487
1.898
1.279
1.74
0.878
2.237
2.461
0.491
0.689
1.465
2.196
0.818
2.259
0.855
2.642
2.13
1.209
1.625
1.302
2.495
1.021
2.017
2.212
1.483
2.392
2.056
2.084
2.338
1.733
2.15
2.277
2.041
1.89
1.677
1.269
1.988
1.925
2.186
2.005
2.334
1.969
1.829
1.762
1.26
1.817
1.597
1.791
1.365
1.813
2.13
2.223
1.863
2.128
2.118
1.801
2.103
2.203
2.397
2.103
1.95
1.231
2.268
1.72
2.254
1.538
2.566
2.398
1.351
1.489
2.678
2.487
0.527
0.461
1.149
2.274
1.549
0.349
1.827
0.444
0.15
1.355
0.0
0.166
1.671
1.253
1.385
1.376
0.207
0.653
1.521
1.236
1.129
0.45
1.163
1.317
0.588
1.752
1.01
1.441
2.107
1.918
0.915
0.636
0.146
1.797
0.528
1.125
2.314
1.55
0.666
1.086
0.987
0.6
1.109
1.245
1.512
2.398
0.691
1.451
0.799
1.309
0.87
1.866
2.061
1.332
2.241
1.905
1.933
2.187
1.582
1.999
2.126
1.89
1.74
1.526
1.118
1.838
1.774
2.035
1.854
2.183
1.818
1.678
1.612
1.109
1.666
1.446
1.64
1.214
1.662
1.979
2.073
1.712
1.977
1.967
1.65
1.952
2.052
2.246
1.952
1.799
1.08
2.117
1.569
2.104
1.387
2.416
2.247
1.2
1.338
2.528
2.336
0.565
0.568
1.041
2.157
1.394
0.317
1.676
0.286
0.309
1.232
0.166
0.0
1.515
1.097
1.328
1.221
0.362
0.675
1.503
1.09
0.976
0.403
1.001
1.242
0.424
1.59
0.893
1.278
1.946
1.756
0.774
0.692
0.232
1.65
0.467
1.134
2.19
1.398
0.55
0.952
1.026
0.447
1.13
1.08
1.534
2.246
0.543
1.312
0.866
1.346
0.657
1.653
1.848
1.119
2.028
1.692
1.72
1.974
1.369
1.786
1.913
1.677
1.526
1.313
0.905
1.624
1.561
1.821
1.641
1.97
1.605
1.465
1.398
0.896
1.453
1.233
1.426
1.001
1.449
1.766
1.859
1.499
1.764
1.754
1.437
1.739
1.839
2.033
1.739
1.586
0.866
1.904
1.356
1.89
1.174
2.202
2.034
0.987
1.125
2.314
2.123
1.628
1.838
0.841
1.033
1.045
1.668
1.235
1.318
1.785
1.497
1.671
1.515
0.0
0.419
1.273
1.013
1.821
1.593
1.652
1.178
1.085
1.388
0.532
1.097
1.163
0.212
0.845
0.794
0.465
0.943
1.25
1.726
1.737
0.248
1.647
1.674
0.972
1.115
1.446
0.679
1.797
1.255
1.741
0.659
1.966
0.739
0.985
0.404
2.246
1.95
0.248
1.245
1.44
0.711
1.62
1.283
1.311
1.566
0.961
1.377
1.505
1.269
1.118
0.905
0.497
1.216
1.153
1.413
1.233
1.562
1.197
1.056
0.99
0.488
1.045
0.825
1.018
0.593
1.041
1.357
1.451
1.09
1.356
1.345
1.029
1.331
1.43
1.624
1.331
1.177
0.458
1.496
0.948
1.482
0.766
1.794
1.625
0.578
0.717
1.906
1.715
1.243
1.44
0.592
1.264
0.933
1.258
1.192
0.906
1.368
1.258
1.253
1.097
0.419
0.0
1.095
0.834
1.406
1.226
1.462
0.935
0.811
0.99
0.151
0.915
0.755
0.522
0.527
0.67
0.863
1.018
0.915
1.352
1.318
0.581
1.251
1.386
1.245
0.991
1.066
0.353
1.473
0.858
1.444
0.422
1.728
1.153
0.569
0.367
1.844
1.671
0.968
1.964
2.159
1.43
2.339
2.003
2.031
2.285
1.68
2.097
2.224
1.988
1.838
1.624
1.216
1.936
1.872
2.133
1.952
2.281
1.916
1.776
1.71
1.208
1.764
1.544
1.738
1.313
1.76
2.077
2.171
1.81
2.075
2.065
1.748
2.05
2.15
2.344
2.051
1.897
1.178
2.215
1.667
2.202
1.485
2.514
2.345
1.298
1.436
2.626
2.434
0.953
1.189
0.509
1.141
2.0
1.638
2.276
1.383
1.391
2.192
1.385
1.328
1.273
1.095
0.0
1.872
1.386
0.83
0.379
1.902
1.758
0.937
1.183
0.181
1.335
1.477
0.631
1.749
1.689
2.11
1.732
0.947
1.525
1.18
1.751
0.55
1.244
2.05
1.704
0.766
0.767
1.472
0.629
1.479
0.712
1.706
1.002
0.87
2.183
0.76
0.904
1.901
2.096
1.367
2.276
1.939
1.967
2.222
1.617
2.033
2.161
1.925
1.774
1.561
1.153
1.872
1.809
2.069
1.889
2.218
1.853
1.712
1.646
1.144
1.701
1.48
1.674
1.249
1.696
2.013
2.107
1.746
2.012
2.001
1.685
1.986
2.086
2.28
1.987
1.833
1.114
2.152
1.604
2.138
1.422
2.45
2.281
1.234
1.373
2.562
2.371
1.658
1.759
1.366
2.034
0.173
1.162
0.463
0.934
1.526
0.496
1.376
1.221
1.013
0.834
1.872
0.0
1.581
1.705
2.212
0.221
0.255
1.387
0.707
1.7
0.813
0.904
1.245
0.228
1.195
0.586
0.502
1.791
1.351
1.26
1.037
2.025
1.984
0.19
0.797
1.109
2.034
0.777
2.063
0.413
2.415
1.634
0.979
1.191
1.589
2.302
1.165
2.161
2.356
1.627
2.537
2.2
2.228
2.482
1.877
2.294
2.421
2.186
2.035
1.821
1.413
2.133
2.069
2.33
2.149
2.478
2.113
1.973
1.907
1.405
1.961
1.741
1.935
1.51
1.957
2.274
2.368
2.007
2.273
2.262
1.945
2.247
2.347
2.541
2.248
2.094
1.375
2.413
1.864
2.399
1.683
2.711
2.542
1.495
1.633
2.823
2.631
0.453
0.301
1.224
2.35
1.754
0.528
2.033
0.647
0.057
1.558
0.207
0.362
1.821
1.406
1.386
1.581
0.0
0.586
1.471
1.442
1.334
0.493
1.328
1.344
0.784
1.916
1.1
1.639
2.267
2.117
1.121
0.528
0.294
1.929
0.711
1.049
2.402
1.756
0.868
1.201
0.879
0.805
1.02
1.434
1.413
2.536
0.837
1.569
0.856
1.197
0.984
1.981
2.176
1.447
2.356
2.019
2.048
2.302
1.697
2.114
2.241
2.005
1.854
1.641
1.233
1.952
1.889
2.149
1.969
2.298
1.933
1.793
1.726
1.224
1.781
1.561
1.754
1.329
1.777
2.094
2.187
1.826
2.092
2.082
1.765
2.067
2.167
2.361
2.067
1.914
1.194
2.232
1.684
2.218
1.502
2.53
2.362
1.315
1.453
2.642
2.451
0.134
0.359
0.82
1.89
1.871
0.981
2.166
0.876
0.606
1.844
0.653
0.675
1.593
1.226
0.83
1.705
0.586
0.0
0.884
1.636
1.5
0.325
1.211
0.827
0.927
1.742
0.756
1.684
2.059
2.144
1.359
0.139
0.799
1.629
1.142
0.472
1.964
1.895
1.199
0.914
0.355
1.026
0.457
1.425
0.862
2.236
0.743
1.251
1.433
0.671
1.313
2.31
2.505
1.776
2.685
2.348
2.376
2.631
2.026
2.442
2.57
2.334
2.183
1.97
1.562
2.281
2.218
2.478
2.298
2.627
2.262
2.121
2.055
1.553
2.11
1.89
2.083
1.658
2.106
2.422
2.516
2.155
2.421
2.41
2.094
2.396
2.495
2.69
2.396
2.242
1.523
2.561
2.013
2.547
1.831
2.859
2.69
1.643
1.782
2.971
2.78
1.018
1.217
0.871
1.407
2.348
1.82
2.63
1.618
1.49
2.496
1.521
1.503
1.652
1.462
0.379
2.212
1.471
0.884
0.0
2.221
2.076
1.1
1.539
0.558
1.6
1.856
0.969
2.104
2.064
2.48
2.02
0.961
1.667
1.553
1.957
0.44
1.528
2.394
1.95
1.122
0.665
1.731
0.498
1.83
0.37
2.056
1.288
1.249
2.314
0.503
0.948
1.945
2.14
1.411
2.32
1.983
2.011
2.266
1.661
2.077
2.205
1.969
1.818
1.605
1.197
1.916
1.853
2.113
1.933
2.262
1.897
1.756
1.69
1.188
1.745
1.525
1.718
1.293
1.74
2.057
2.151
1.79
2.056
2.045
1.729
2.031
2.13
2.324
2.031
1.877
1.158
2.196
1.648
2.182
1.466
2.494
2.325
1.278
1.417
2.606
2.415
1.573
1.647
1.407
2.177
0.358
0.988
0.6
0.807
1.386
0.325
1.236
1.09
1.178
0.935
1.902
0.221
1.442
1.636
2.221
0.0
0.145
1.311
0.791
1.738
0.713
1.092
1.271
0.432
1.4
0.797
0.325
1.708
1.193
1.419
0.847
1.994
2.137
0.332
0.613
1.158
1.978
0.644
2.024
0.53
2.394
1.832
0.946
1.301
1.379
2.262
0.808
1.805
2.0
1.271
2.18
1.843
1.871
2.126
1.52
1.937
2.064
1.829
1.678
1.465
1.056
1.776
1.712
1.973
1.793
2.121
1.756
1.616
1.55
1.048
1.605
1.384
1.578
1.153
1.6
1.917
2.011
1.65
1.916
1.905
1.589
1.89
1.99
2.184
1.891
1.737
1.018
2.056
1.508
2.042
1.326
2.354
2.185
1.138
1.277
2.466
2.275
1.441
1.526
1.265
2.065
0.424
0.908
0.699
0.691
1.279
0.451
1.129
0.976
1.085
0.811
1.758
0.255
1.334
1.5
2.076
0.145
0.0
1.176
0.664
1.595
0.583
1.021
1.127
0.405
1.347
0.835
0.251
1.576
1.098
1.32
0.785
1.851
2.032
0.422
0.544
1.018
1.839
0.53
1.882
0.426
2.25
1.766
0.802
1.177
1.349
2.121
0.742
1.738
1.933
1.204
2.113
1.777
1.805
2.059
1.454
1.871
1.998
1.762
1.612
1.398
0.99
1.71
1.646
1.907
1.726
2.055
1.69
1.55
1.484
0.982
1.538
1.318
1.512
1.087
1.534
1.851
1.945
1.584
1.849
1.839
1.522
1.824
1.924
2.118
1.825
1.671
0.952
1.989
1.441
1.976
1.26
2.288
2.119
1.072
1.21
2.4
2.208
0.275
0.45
0.731
1.858
1.555
0.72
1.849
0.557
0.48
1.52
0.45
0.403
1.388
0.99
0.937
1.387
0.493
0.325
1.1
1.311
1.176
0.0
0.947
0.869
0.601
1.512
0.613
1.379
1.848
1.847
1.034
0.406
0.589
1.467
0.86
0.746
1.91
1.576
0.887
0.732
0.676
0.703
0.752
1.13
1.152
2.079
0.451
1.098
1.246
0.982
0.24
1.236
1.431
0.702
1.611
1.275
1.303
1.557
0.952
1.369
1.496
1.26
1.109
0.896
0.488
1.208
1.144
1.405
1.224
1.553
1.188
1.048
0.982
0.479
1.036
0.816
1.01
0.584
1.032
1.349
1.442
1.082
1.347
1.337
1.02
1.322
1.422
1.616
1.322
1.169
0.45
1.487
0.939
1.474
0.757
1.785
1.617
0.57
0.708
1.898
1.706
1.212
1.391
0.673
1.415
0.82
1.137
1.094
0.788
1.286
1.113
1.163
1.001
0.532
0.151
1.183
0.707
1.328
1.211
1.539
0.791
0.664
0.947
0.0
1.006
0.632
0.589
0.576
0.567
0.945
0.963
0.764
1.329
1.216
0.719
1.117
1.422
1.395
0.874
0.924
0.418
1.485
0.724
1.474
0.299
1.782
1.27
0.503
0.514
1.715
1.706
0.796
1.793
1.988
1.259
2.168
1.831
1.86
2.114
1.509
1.926
2.053
1.817
1.666
1.453
1.045
1.764
1.701
1.961
1.781
2.11
1.745
1.605
1.538
1.036
1.593
1.373
1.566
1.141
1.589
1.906
1.999
1.638
1.904
1.893
1.577
1.879
1.978
2.173
1.879
1.726
1.006
2.044
1.496
2.03
1.314
2.342
2.174
1.126
1.265
2.454
2.263
0.937
1.181
0.334
1.073
1.825
1.542
2.099
1.264
1.342
2.034
1.317
1.242
1.097
0.915
0.181
1.7
1.344
0.827
0.558
1.738
1.595
0.869
1.006
0.0
1.201
1.299
0.469
1.572
1.522
1.929
1.583
0.957
1.451
1.017
1.641
0.649
1.161
1.876
1.575
0.591
0.841
1.339
0.727
1.303
0.874
1.565
0.863
0.693
2.106
0.893
0.576
1.573
1.768
1.039
1.948
1.611
1.639
1.894
1.289
1.705
1.833
1.597
1.446
1.233
0.825
1.544
1.48
1.741
1.561
1.89
1.525
1.384
1.318
0.816
1.373
1.152
1.346
0.921
1.368
1.685
1.779
1.418
1.684
1.673
1.357
1.658
1.758
1.952
1.659
1.505
0.786
1.824
1.276
1.81
1.094
2.122
1.953
0.906
1.045
2.234
2.043
0.86
0.947
0.914
1.944
0.985
0.505
1.274
0.16
0.732
0.924
0.588
0.424
1.163
0.755
1.335
0.813
0.784
0.927
1.6
0.713
0.583
0.601
0.632
1.201
0.0
1.206
0.755
0.855
1.565
1.333
0.437
0.995
0.605
1.333
0.506
1.315
1.952
0.997
0.377
0.733
1.275
0.139
1.335
0.661
1.721
1.902
0.339
1.045
1.09
1.571
0.77
1.766
1.961
1.233
2.142
1.805
1.833
2.088
1.482
1.899
2.026
1.791
1.64
1.426
1.018
1.738
1.674
1.935
1.754
2.083
1.718
1.578
1.512
1.01
1.566
1.346
1.54
1.115
1.562
1.879
1.973
1.612
1.878
1.867
1.55
1.852
1.952
2.146
1.853
1.699
0.98
2.018
1.469
2.004
1.288
2.316
2.147
1.1
1.238
2.428
2.237
1.764
1.961
1.027
1.2
0.905
1.707
1.063
1.366
1.875
1.399
1.752
1.59
0.212
0.522
1.477
0.904
1.916
1.742
1.856
1.092
1.021
1.512
0.589
1.299
1.206
0.0
1.011
0.676
0.359
0.746
1.217
1.87
1.802
0.424
1.663
1.857
1.123
0.977
1.445
0.838
1.968
1.279
1.922
0.614
2.163
0.745
1.083
0.607
2.265
2.137
0.345
1.341
1.536
0.807
1.716
1.38
1.408
1.662
1.057
1.474
1.601
1.365
1.214
1.001
0.593
1.313
1.249
1.51
1.329
1.658
1.293
1.153
1.087
0.584
1.141
0.921
1.115
0.689
1.137
1.454
1.547
1.187
1.452
1.442
1.125
1.427
1.527
1.721
1.427
1.274
0.555
1.592
1.044
1.579
0.862
1.89
1.722
0.675
0.813
2.003
1.811
0.808
1.039
0.16
1.265
1.379
1.16
1.662
0.844
1.079
1.566
1.01
0.893
0.845
0.527
0.631
1.245
1.1
0.756
0.969
1.271
1.127
0.613
0.576
0.469
0.755
1.011
0.0
1.137
1.309
1.535
1.117
0.892
1.122
0.875
1.23
0.86
1.306
1.426
1.133
0.176
0.957
0.894
0.919
0.862
1.207
1.485
0.418
0.498
1.75
1.144
0.792
1.789
1.984
1.255
2.164
1.827
1.855
2.11
1.505
1.921
2.048
1.813
1.662
1.449
1.041
1.76
1.696
1.957
1.777
2.106
1.74
1.6
1.534
1.032
1.589
1.368
1.562
1.137
1.584
1.901
1.995
1.634
1.9
1.889
1.573
1.874
1.974
2.168
1.875
1.721
1.002
2.04
1.492
2.026
1.31
2.338
2.169
1.122
1.261
2.45
2.259
1.653
1.784
1.24
1.823
0.265
1.274
0.527
0.998
1.586
0.724
1.441
1.278
0.794
0.67
1.749
0.228
1.639
1.684
2.104
0.432
0.405
1.379
0.567
1.572
0.855
0.676
1.137
0.0
0.969
0.479
0.649
1.783
1.438
1.042
1.172
1.959
1.767
0.329
0.932
0.984
1.994
0.855
2.004
0.275
2.334
1.406
0.941
1.009
1.75
2.241
1.109
2.106
2.301
1.572
2.481
2.144
2.172
2.427
1.821
2.238
2.365
2.13
1.979
1.766
1.357
2.077
2.013
2.274
2.094
2.422
2.057
1.917
1.851
1.349
1.906
1.685
1.879
1.454
1.901
2.218
2.312
1.951
2.217
2.206
1.89
2.191
2.291
2.485
2.192
2.038
1.319
2.357
1.809
2.343
1.627
2.655
2.486
1.439
1.578
2.767
2.576
2.091
2.298
1.295
1.14
1.158
2.065
1.245
1.724
2.227
1.688
2.107
1.946
0.465
0.863
1.689
1.195
2.267
2.059
2.064
1.4
1.347
1.848
0.945
1.522
1.565
0.359
1.309
0.969
0.0
0.87
1.558
2.191
2.159
0.514
2.018
2.125
1.029
1.228
1.797
1.144
2.258
1.637
2.195
0.96
2.396
0.453
1.43
0.844
2.62
2.396
1.203
2.199
2.394
1.665
2.574
2.238
2.266
2.52
1.915
2.332
2.459
2.223
2.073
1.859
1.451
2.171
2.107
2.368
2.187
2.516
2.151
2.011
1.945
1.442
1.999
1.779
1.973
1.547
1.995
2.312
2.406
2.045
2.31
2.3
1.983
2.285
2.385
2.579
2.285
2.132
1.413
2.45
1.902
2.437
1.72
2.749
2.58
1.533
1.671
2.861
2.669
2.122
2.26
1.611
1.938
0.444
1.737
0.389
1.475
2.065
0.979
1.918
1.756
0.943
1.018
2.11
0.586
2.117
2.144
2.48
0.797
0.835
1.847
0.963
1.929
1.333
0.746
1.535
0.479
0.87
0.0
1.086
2.249
1.911
1.17
1.62
2.385
1.851
0.492
1.379
1.367
2.44
1.329
2.436
0.719
2.742
1.318
1.402
1.282
2.174
2.669
0.842
1.838
2.033
1.305
2.214
1.877
1.905
2.16
1.554
1.971
2.098
1.863
1.712
1.499
1.09
1.81
1.746
2.007
1.826
2.155
1.79
1.65
1.584
1.082
1.638
1.418
1.612
1.187
1.634
1.951
2.045
1.684
1.95
1.939
1.623
1.924
2.024
2.218
1.925
1.771
1.052
2.09
1.542
2.076
1.36
2.388
2.219
1.172
1.31
2.5
2.309
1.283
1.338
1.269
2.178
0.666
0.665
0.924
0.499
1.064
0.487
0.915
0.774
1.25
0.915
1.732
0.502
1.121
1.359
2.02
0.325
0.251
1.034
0.764
1.583
0.437
1.217
1.117
0.649
1.558
1.086
0.0
1.419
0.868
1.469
0.535
1.75
2.159
0.653
0.294
1.042
1.71
0.337
1.772
0.603
2.156
1.96
0.734
1.27
1.101
2.007
1.108
2.104
2.299
1.57
2.479
2.143
2.171
2.425
1.82
2.237
2.364
2.128
1.977
1.764
1.356
2.075
2.012
2.273
2.092
2.421
2.056
1.916
1.849
1.347
1.904
1.684
1.878
1.452
1.9
2.217
2.31
1.95
2.215
2.205
1.888
2.19
2.29
2.484
2.19
2.037
1.318
2.355
1.807
2.341
1.625
2.653
2.485
1.438
1.576
2.765
2.574
0.135
0.256
0.959
2.024
1.96
0.98
2.254
0.924
0.56
1.898
0.636
0.692
1.726
1.352
0.947
1.791
0.528
0.139
0.961
1.708
1.576
0.406
1.329
0.957
0.995
1.87
0.892
1.783
2.191
2.249
1.419
0.0
0.776
1.766
1.151
0.528
2.1
1.98
1.235
1.048
0.353
1.082
0.493
1.53
0.886
2.374
0.848
1.388
1.384
0.675
1.097
2.093
2.289
1.56
2.469
2.132
2.16
2.415
1.809
2.226
2.353
2.118
1.967
1.754
1.345
2.065
2.001
2.262
2.082
2.41
2.045
1.905
1.839
1.337
1.893
1.673
1.867
1.442
1.889
2.206
2.3
1.939
2.205
2.194
1.878
2.179
2.279
2.473
2.18
2.026
1.307
2.345
1.797
2.331
1.615
2.643
2.474
1.427
1.566
2.755
2.564
0.671
0.583
1.267
2.387
1.522
0.236
1.791
0.448
0.24
1.279
0.146
0.232
1.737
1.318
1.525
1.351
0.294
0.799
1.667
1.193
1.098
0.589
1.216
1.451
0.605
1.802
1.122
1.438
2.159
1.911
0.868
0.776
0.0
1.878
0.419
1.271
2.421
1.516
0.595
1.183
1.129
0.583
1.254
1.264
1.656
2.47
0.772
1.543
0.658
1.451
0.781
1.777
1.972
1.243
2.152
1.816
1.844
2.098
1.493
1.91
2.037
1.801
1.65
1.437
1.029
1.748
1.685
1.945
1.765
2.094
1.729
1.589
1.522
1.02
1.577
1.357
1.55
1.125
1.573
1.89
1.983
1.623
1.888
1.878
1.561
1.863
1.963
2.157
1.863
1.71
0.99
2.028
1.48
2.014
1.298
2.326
2.158
1.111
1.249
2.438
2.247
1.682
1.908
0.825
0.786
1.294
1.834
1.478
1.482
1.898
1.74
1.797
1.65
0.248
0.581
1.18
1.26
1.929
1.629
1.553
1.419
1.32
1.467
0.719
1.017
1.333
0.424
0.875
1.042
0.514
1.17
1.469
1.766
1.878
0.0
1.831
1.638
0.724
1.364
1.644
0.735
1.789
1.438
1.711
0.894
1.89
0.612
1.107
0.378
2.423
1.902
1.082
2.079
2.274
1.545
2.454
2.117
2.145
2.4
1.795
2.211
2.339
2.103
1.952
1.739
1.331
2.05
1.986
2.247
2.067
2.396
2.031
1.89
1.824
1.322
1.879
1.658
1.852
1.427
1.874
2.191
2.285
1.924
2.19
2.179
1.863
2.164
2.264
2.458
2.165
2.011
1.292
2.33
1.782
2.316
1.6
2.628
2.459
1.412
1.551
2.74
2.549
1.029
0.989
1.388
2.448
1.199
0.183
1.443
0.386
0.656
0.878
0.528
0.467
1.647
1.251
1.751
1.037
0.711
1.142
1.957
0.847
0.785
0.86
1.117
1.641
0.506
1.663
1.23
1.172
2.018
1.62
0.535
1.151
0.419
1.831
0.0
1.6
2.458
1.179
0.242
1.231
1.491
0.393
1.597
1.066
2.001
2.383
0.817
1.551
0.602
1.812
1.182
2.178
2.373
1.645
2.554
2.217
2.245
2.5
1.894
2.311
2.438
2.203
2.052
1.839
1.43
2.15
2.086
2.347
2.167
2.495
2.13
1.99
1.924
1.422
1.978
1.758
1.952
1.527
1.974
2.291
2.385
2.024
2.29
2.279
1.963
2.264
2.364
2.558
2.265
2.111
1.392
2.43
1.882
2.416
1.7
2.728
2.559
1.512
1.65
2.84
2.649
0.602
0.782
0.833
1.691
2.179
1.447
2.472
1.298
1.075
2.237
1.125
1.134
1.674
1.386
0.55
2.025
1.049
0.472
0.44
1.994
1.851
0.746
1.422
0.649
1.315
1.857
0.86
1.959
2.125
2.385
1.75
0.528
1.271
1.638
1.6
0.0
1.792
2.215
1.631
1.035
0.232
1.433
0.08
1.686
0.408
2.208
1.051
1.281
1.902
0.285
1.376
2.373
2.568
1.839
2.748
2.411
2.439
2.694
2.089
2.505
2.632
2.397
2.246
2.033
1.624
2.344
2.28
2.541
2.361
2.69
2.324
2.184
2.118
1.616
2.173
1.952
2.146
1.721
2.168
2.485
2.579
2.218
2.484
2.473
2.157
2.458
2.558
2.752
2.459
2.305
1.586
2.624
2.076
2.61
1.894
2.922
2.753
1.706
1.845
3.034
2.843
2.056
2.3
1.178
0.145
2.016
2.427
2.186
2.083
2.384
2.461
2.314
2.19
0.972
1.245
1.244
1.984
2.402
1.964
1.528
2.137
2.032
1.91
1.395
1.161
1.952
1.123
1.306
1.767
1.029
1.851
2.159
2.1
2.421
0.724
2.458
1.792
0.0
2.087
2.298
1.242
1.999
2.074
1.872
1.608
1.898
0.723
1.664
0.908
3.024
1.995
1.083
2.079
2.274
1.545
2.454
2.118
2.146
2.4
1.795
2.212
2.339
2.103
1.952
1.739
1.331
2.051
1.987
2.248
2.067
2.396
2.031
1.891
1.825
1.322
1.879
1.659
1.853
1.427
1.875
2.192
2.285
1.925
2.19
2.18
1.863
2.165
2.265
2.459
2.165
2.012
1.293
2.33
1.782
2.317
1.6
2.628
2.46
1.413
1.551
2.741
2.549
1.846
1.943
1.541
2.147
0.072
1.318
0.278
1.112
1.7
0.491
1.55
1.398
1.115
0.991
2.05
0.19
1.756
1.895
2.394
0.332
0.422
1.576
0.874
1.876
0.997
0.977
1.426
0.329
1.228
0.492
0.653
1.98
1.516
1.364
1.179
2.215
2.087
0.0
0.944
1.284
2.225
0.951
2.252
0.575
2.602
1.678
1.169
1.337
1.704
2.492
0.929
1.926
2.121
1.392
2.301
1.964
1.992
2.247
1.641
2.058
2.185
1.95
1.799
1.586
1.177
1.897
1.833
2.094
1.914
2.242
1.877
1.737
1.671
1.169
1.726
1.505
1.699
1.274
1.721
2.038
2.132
1.771
2.037
2.026
1.71
2.011
2.111
2.305
2.012
1.858
1.139
2.177
1.629
2.163
1.447
2.475
2.306
1.259
1.398
2.587
2.396
1.104
1.115
1.292
2.3
0.96
0.377
1.211
0.334
0.811
0.689
0.666
0.55
1.446
1.066
1.704
0.797
0.868
1.199
1.95
0.613
0.544
0.887
0.924
1.575
0.377
1.445
1.133
0.932
1.797
1.379
0.294
1.235
0.595
1.644
0.242
1.631
2.298
0.944
0.0
1.102
1.555
0.239
1.64
0.839
2.038
2.176
0.716
1.391
0.828
1.867
0.21
1.206
1.401
0.672
1.582
1.245
1.273
1.528
0.922
1.339
1.466
1.231
1.08
0.866
0.458
1.178
1.114
1.375
1.194
1.523
1.158
1.018
0.952
0.45
1.006
0.786
0.98
0.555
1.002
1.319
1.413
1.052
1.318
1.307
0.99
1.292
1.392
1.586
1.293
1.139
0.42
1.458
0.909
1.444
0.728
1.756
1.587
0.54
0.678
1.868
1.676
0.954
1.174
0.257
1.221
1.234
1.187
1.511
0.848
1.174
1.465
1.086
0.952
0.679
0.353
0.766
1.109
1.201
0.914
1.122
1.158
1.018
0.732
0.418
0.591
0.733
0.838
0.176
0.984
1.144
1.367
1.042
1.048
1.183
0.735
1.231
1.035
1.242
1.284
1.102
0.0
1.131
0.866
1.094
0.713
1.376
1.347
0.423
0.369
1.784
1.319
1.248
2.244
2.439
1.71
2.619
2.283
2.311
2.565
1.96
2.377
2.504
2.268
2.117
1.904
1.496
2.215
2.152
2.413
2.232
2.561
2.196
2.056
1.989
1.487
2.044
1.824
2.018
1.592
2.04
2.357
2.45
2.09
2.355
2.345
2.028
2.33
2.43
2.624
2.33
2.177
1.458
2.495
1.947
2.481
1.765
2.793
2.625
1.578
1.716
2.905
2.714
0.463
0.592
0.966
1.903
2.196
1.326
2.491
1.231
0.913
2.196
0.987
1.026
1.797
1.473
0.767
2.034
0.879
0.355
0.665
1.978
1.839
0.676
1.485
0.841
1.275
1.968
0.957
1.994
2.258
2.44
1.71
0.353
1.129
1.789
1.491
0.232
1.999
2.225
1.555
1.131
0.0
1.379
0.166
1.726
0.534
2.375
1.058
1.419
1.734
0.322
0.7
1.696
1.891
1.162
2.071
1.735
1.763
2.017
1.412
1.829
1.956
1.72
1.569
1.356
0.948
1.667
1.604
1.864
1.684
2.013
1.648
1.508
1.441
0.939
1.496
1.276
1.469
1.044
1.492
1.809
1.902
1.542
1.807
1.797
1.48
1.782
1.882
2.076
1.782
1.629
0.909
1.947
1.399
1.933
1.217
2.245
2.077
1.03
1.168
2.357
2.166
0.947
1.004
1.053
2.071
0.95
0.434
1.229
0.163
0.749
0.818
0.6
0.447
1.255
0.858
1.472
0.777
0.805
1.026
1.731
0.644
0.53
0.703
0.724
1.339
0.139
1.279
0.894
0.855
1.637
1.329
0.337
1.082
0.583
1.438
0.393
1.433
2.074
0.951
0.239
0.866
1.379
0.0
1.449
0.699
1.84
1.992
0.478
1.166
0.991
1.682
1.234
2.23
2.425
1.696
2.605
2.269
2.297
2.551
1.946
2.363
2.49
2.254
2.104
1.89
1.482
2.202
2.138
2.399
2.218
2.547
2.182
2.042
1.976
1.474
2.03
1.81
2.004
1.579
2.026
2.343
2.437
2.076
2.341
2.331
2.014
2.316
2.416
2.61
2.317
2.163
1.444
2.481
1.933
2.468
1.752
2.78
2.611
1.564
1.702
2.892
2.7
0.582
0.743
0.901
1.771
2.219
1.439
2.513
1.309
1.049
2.259
1.109
1.13
1.741
1.444
0.629
2.063
1.02
0.457
0.498
2.024
1.882
0.752
1.474
0.727
1.335
1.922
0.919
2.004
2.195
2.436
1.772
0.493
1.254
1.711
1.597
0.08
1.872
2.252
1.64
1.094
0.166
1.449
0.0
1.732
0.404
2.284
1.085
1.351
1.875
0.239
0.518
1.514
1.709
0.98
1.889
1.553
1.581
1.835
1.23
1.647
1.774
1.538
1.387
1.174
0.766
1.485
1.422
1.683
1.502
1.831
1.466
1.326
1.26
0.757
1.314
1.094
1.288
0.862
1.31
1.627
1.72
1.36
1.625
1.615
1.298
1.6
1.7
1.894
1.6
1.447
0.728
1.765
1.217
1.752
1.035
2.063
1.895
0.848
0.986
2.176
1.984
1.404
1.551
0.969
1.647
0.522
1.133
0.8
0.817
1.385
0.855
1.245
1.08
0.659
0.422
1.479
0.413
1.434
1.425
1.83
0.53
0.426
1.13
0.299
1.303
0.661
0.614
0.862
0.275
0.96
0.719
0.603
1.53
1.264
0.894
1.066
1.686
1.608
0.575
0.839
0.713
1.726
0.699
1.732
0.0
2.059
1.357
0.683
0.782
1.665
1.969
1.546
2.542
2.737
2.008
2.917
2.581
2.609
2.863
2.258
2.675
2.802
2.566
2.416
2.202
1.794
2.514
2.45
2.711
2.53
2.859
2.494
2.354
2.288
1.785
2.342
2.122
2.316
1.89
2.338
2.655
2.749
2.388
2.653
2.643
2.326
2.628
2.728
2.922
2.628
2.475
1.756
2.793
2.245
2.78
2.063
3.091
2.923
1.876
2.014
3.204
3.012
0.984
1.124
1.144
1.777
2.564
1.843
2.854
1.706
1.445
2.642
1.512
1.534
1.966
1.728
0.712
2.415
1.413
0.862
0.37
2.394
2.25
1.152
1.782
0.874
1.721
2.163
1.207
2.334
2.396
2.742
2.156
0.886
1.656
1.89
2.001
0.408
1.898
2.602
2.038
1.376
0.534
1.84
0.404
2.059
0.0
2.414
1.448
1.563
2.268
0.232
1.377
2.374
2.569
1.84
2.749
2.412
2.44
2.695
2.089
2.506
2.633
2.398
2.247
2.034
1.625
2.345
2.281
2.542
2.362
2.69
2.325
2.185
2.119
1.617
2.174
1.953
2.147
1.722
2.169
2.486
2.58
2.219
2.485
2.474
2.158
2.459
2.559
2.753
2.46
2.306
1.587
2.625
2.077
2.611
1.895
2.923
2.754
1.707
1.846
3.035
2.844
2.293
2.52
1.422
0.861
1.607
2.407
1.696
2.056
2.503
2.13
2.398
2.246
0.739
1.153
1.706
1.634
2.536
2.236
2.056
1.832
1.766
2.079
1.27
1.565
1.902
0.745
1.485
1.406
0.453
1.318
1.96
2.374
2.47
0.612
2.383
2.208
0.723
1.678
2.176
1.347
2.375
1.992
2.284
1.357
2.414
0.0
1.707
0.987
2.983
2.458
0.33
1.326
1.522
0.793
1.702
1.365
1.393
1.648
1.042
1.459
1.586
1.351
1.2
0.987
0.578
1.298
1.234
1.495
1.315
1.643
1.278
1.138
1.072
0.57
1.126
0.906
1.1
0.675
1.122
1.439
1.533
1.172
1.438
1.427
1.111
1.412
1.512
1.706
1.413
1.259
0.54
1.578
1.03
1.564
0.848
1.876
1.707
0.66
0.799
1.988
1.797
0.723
0.89
0.577
1.643
1.138
0.764
1.434
0.431
0.8
1.209
0.691
0.543
0.985
0.569
1.002
0.979
0.837
0.743
1.288
0.946
0.802
0.451
0.503
0.863
0.339
1.083
0.418
0.941
1.43
1.402
0.734
0.848
0.772
1.107
0.817
1.051
1.664
1.169
0.716
0.423
1.058
0.478
1.085
0.683
1.448
1.707
0.0
0.772
1.361
1.324
0.468
1.465
1.66
0.931
1.84
1.503
1.532
1.786
1.181
1.598
1.725
1.489
1.338
1.125
0.717
1.436
1.373
1.633
1.453
1.782
1.417
1.277
1.21
0.708
1.265
1.045
1.238
0.813
1.261
1.578
1.671
1.31
1.576
1.566
1.249
1.551
1.65
1.845
1.551
1.398
0.678
1.716
1.168
1.702
0.986
2.014
1.846
0.799
0.937
2.126
1.935
1.306
1.534
0.453
0.911
1.274
1.528
1.514
1.179
1.542
1.625
1.451
1.312
0.404
0.367
0.87
1.191
1.569
1.251
1.249
1.301
1.177
1.098
0.514
0.693
1.045
0.607
0.498
1.009
0.844
1.282
1.27
1.388
1.543
0.378
1.551
1.281
0.908
1.337
1.391
0.369
1.419
1.166
1.351
0.782
1.563
0.987
0.772
0.0
2.124
1.553
1.658
2.654
2.849
2.12
3.029
2.693
2.721
2.975
2.37
2.787
2.914
2.678
2.528
2.314
1.906
2.626
2.562
2.823
2.642
2.971
2.606
2.466
2.4
1.898
2.454
2.234
2.428
2.003
2.45
2.767
2.861
2.5
2.765
2.755
2.438
2.74
2.84
3.034
2.741
2.587
1.868
2.905
2.357
2.892
2.176
3.204
3.035
1.988
2.126
3.316
3.124
1.3
1.147
1.902
3.003
1.736
0.597
1.944
0.946
0.828
1.302
0.799
0.866
2.246
1.844
2.183
1.589
0.856
1.433
2.314
1.379
1.349
1.246
1.715
2.106
1.09
2.265
1.75
1.75
2.62
2.174
1.101
1.384
0.658
2.423
0.602
1.902
3.024
1.704
0.828
1.784
1.734
0.991
1.875
1.665
2.268
2.983
1.361
2.124
0.0
2.05
1.467
2.463
2.658
1.929
2.838
2.502
2.53
2.784
2.179
2.596
2.723
2.487
2.336
2.123
1.715
2.434
2.371
2.631
2.451
2.78
2.415
2.275
2.208
1.706
2.263
2.043
2.237
1.811
2.259
2.576
2.669
2.309
2.574
2.564
2.247
2.549
2.649
2.843
2.549
2.396
1.676
2.714
2.166
2.7
1.984
3.012
2.844
1.797
1.935
3.124
2.933
0.785
0.903
1.11
1.883
2.458
1.648
2.752
1.539
1.233
2.495
1.309
1.346
1.95
1.671
0.76
2.302
1.197
0.671
0.503
2.262
2.121
0.982
1.706
0.893
1.571
2.137
1.144
2.241
2.396
2.669
2.007
0.675
1.451
1.902
1.812
0.285
1.995
2.492
1.867
1.319
0.322
1.682
0.239
1.969
0.232
2.458
1.324
1.553
2.05
0.0
0.996
1000.0
2.188
1.459
2.368
2.031
2.06
2.314
1.709
2.126
2.253
2.017
1.866
1.653
1.245
1.964
1.901
2.161
1.981
2.31
1.945
1.805
1.738
1.236
1.793
1.573
1.766
1.341
1.789
2.106
2.199
1.838
2.104
2.093
1.777
2.079
2.178
2.373
2.079
1.926
1.206
2.244
1.696
2.23
1.514
2.542
2.374
1.326
1.465
2.654
2.463
1.993
2.188
1.459
2.368
2.031
2.06
2.314
1.709
2.126
2.253
2.017
1.866
1.653
1.245
1.964
1.901
2.161
1.981
2.31
1.945
1.805
1.738
1.236
1.793
1.573
1.766
1.341
1.789
2.106
2.199
1.838
2.104
2.093
1.777
2.079
2.178
2.373
2.079
1.926
1.206
2.244
1.696
2.23
1.514
2.542
2.374
1.326
1.465
2.654
2.463
1.191
2.188
1000.0
1.654
2.563
2.226
2.255
2.509
1.904
2.321
2.448
2.212
2.061
1.848
1.44
2.159
2.096
2.356
2.176
2.505
2.14
2.0
1.933
1.431
1.988
1.768
1.961
1.536
1.984
2.301
2.394
2.033
2.299
2.289
1.972
2.274
2.373
2.568
2.274
2.121
1.401
2.439
1.891
2.425
1.709
2.737
2.569
1.522
1.66
2.849
2.658
2.188
2.383
1.654
2.563
2.226
2.255
2.509
1.904
2.321
2.448
2.212
2.061
1.848
1.44
2.159
2.096
2.356
2.176
2.505
2.14
2.0
1.933
1.431
1.988
1.768
1.961
1.536
1.984
2.301
2.394
2.033
2.299
2.289
1.972
2.274
2.373
2.568
2.274
2.121
1.401
2.439
1.891
2.425
1.709
2.737
2.569
1.522
1.66
2.849
2.658
0.463
1.459
1.654
1000.0
1.834
1.498
1.526
1.78
1.175
1.592
1.719
1.483
1.332
1.119
0.711
1.43
1.367
1.627
1.447
1.776
1.411
1.271
1.204
0.702
1.259
1.039
1.233
0.807
1.255
1.572
1.665
1.305
1.57
1.56
1.243
1.545
1.645
1.839
1.545
1.392
0.672
1.71
1.162
1.696
0.98
2.008
1.84
0.793
0.931
2.12
1.929
1.459
1.654
0.925
1.834
1.498
1.526
1.78
1.175
1.592
1.719
1.483
1.332
1.119
0.711
1.43
1.367
1.627
1.447
1.776
1.411
1.271
1.204
0.702
1.259
1.039
1.233
0.807
1.255
1.572
1.665
1.305
1.57
1.56
1.243
1.545
1.645
1.839
1.545
1.392
0.672
1.71
1.162
1.696
0.98
2.008
1.84
0.793
0.931
2.12
1.929
1.372
2.368
2.563
1.834
1000.0
2.407
2.435
2.689
2.084
2.501
2.628
2.392
2.241
2.028
1.62
2.339
2.276
2.537
2.356
2.685
2.32
2.18
2.113
1.611
2.168
1.948
2.142
1.716
2.164
2.481
2.574
2.214
2.479
2.469
2.152
2.454
2.554
2.748
2.454
2.301
1.582
2.619
2.071
2.605
1.889
2.917
2.749
1.702
1.84
3.029
2.838
2.368
2.563
1.834
2.743
2.407
2.435
2.689
2.084
2.501
2.628
2.392
2.241
2.028
1.62
2.339
2.276
2.537
2.356
2.685
2.32
2.18
2.113
1.611
2.168
1.948
2.142
1.716
2.164
2.481
2.574
2.214
2.479
2.469
2.152
2.454
2.554
2.748
2.454
2.301
1.582
2.619
2.071
2.605
1.889
2.917
2.749
1.702
1.84
3.029
2.838
1.035
2.031
2.226
1.498
2.407
1000.0
2.098
2.353
1.747
2.164
2.291
2.056
1.905
1.692
1.283
2.003
1.939
2.2
2.019
2.348
1.983
1.843
1.777
1.275
1.831
1.611
1.805
1.38
1.827
2.144
2.238
1.877
2.143
2.132
1.816
2.117
2.217
2.411
2.118
1.964
1.245
2.283
1.735
2.269
1.553
2.581
2.412
1.365
1.503
2.693
2.502
2.031
2.226
1.498
2.407
2.07
2.098
2.353
1.747
2.164
2.291
2.056
1.905
1.692
1.283
2.003
1.939
2.2
2.019
2.348
1.983
1.843
1.777
1.275
1.831
1.611
1.805
1.38
1.827
2.144
2.238
1.877
2.143
2.132
1.816
2.117
2.217
2.411
2.118
1.964
1.245
2.283
1.735
2.269
1.553
2.581
2.412
1.365
1.503
2.693
2.502
1.063
2.06
2.255
1.526
2.435
2.098
1000.0
2.381
1.775
2.192
2.319
2.084
1.933
1.72
1.311
2.031
1.967
2.228
2.048
2.376
2.011
1.871
1.805
1.303
1.86
1.639
1.833
1.408
1.855
2.172
2.266
1.905
2.171
2.16
1.844
2.145
2.245
2.439
2.146
1.992
1.273
2.311
1.763
2.297
1.581
2.609
2.44
1.393
1.532
2.721
2.53
2.06
2.255
1.526
2.435
2.098
2.126
2.381
1.775
2.192
2.319
2.084
1.933
1.72
1.311
2.031
1.967
2.228
2.048
2.376
2.011
1.871
1.805
1.303
1.86
1.639
1.833
1.408
1.855
2.172
2.266
1.905
2.171
2.16
1.844
2.145
2.245
2.439
2.146
1.992
1.273
2.311
1.763
2.297
1.581
2.609
2.44
1.393
1.532
2.721
2.53
1.318
2.314
2.509
1.78
2.689
2.353
2.381
1000.0
2.03
2.447
2.574
2.338
2.187
1.974
1.566
2.285
2.222
2.482
2.302
2.631
2.266
2.126
2.059
1.557
2.114
1.894
2.088
1.662
2.11
2.427
2.52
2.16
2.425
2.415
2.098
2.4
2.5
2.694
2.4
2.247
1.528
2.565
2.017
2.551
1.835
2.863
2.695
1.648
1.786
2.975
2.784
2.314
2.509
1.78
2.689
2.353
2.381
2.635
2.03
2.447
2.574
2.338
2.187
1.974
1.566
2.285
2.222
2.482
2.302
2.631
2.266
2.126
2.059
1.557
2.114
1.894
2.088
1.662
2.11
2.427
2.52
2.16
2.425
2.415
2.098
2.4
2.5
2.694
2.4
2.247
1.528
2.565
2.017
2.551
1.835
2.863
2.695
1.648
1.786
2.975
2.784
0.712
1.709
1.904
1.175
2.084
1.747
1.775
2.03
1000.0
1.841
1.969
1.733
1.582
1.369
0.961
1.68
1.617
1.877
1.697
2.026
1.661
1.52
1.454
0.952
1.509
1.289
1.482
1.057
1.505
1.821
1.915
1.554
1.82
1.809
1.493
1.795
1.894
2.089
1.795
1.641
0.922
1.96
1.412
1.946
1.23
2.258
2.089
1.042
1.181
2.37
2.179
1.709
1.904
1.175
2.084
1.747
1.775
2.03
1.425
1.841
1.969
1.733
1.582
1.369
0.961
1.68
1.617
1.877
1.697
2.026
1.661
1.52
1.454
0.952
1.509
1.289
1.482
1.057
1.505
1.821
1.915
1.554
1.82
1.809
1.493
1.795
1.894
2.089
1.795
1.641
0.922
1.96
1.412
1.946
1.23
2.258
2.089
1.042
1.181
2.37
2.179
1.129
2.126
2.321
1.592
2.501
2.164
2.192
2.447
1.841
1000.0
2.385
2.15
1.999
1.786
1.377
2.097
2.033
2.294
2.114
2.442
2.077
1.937
1.871
1.369
1.926
1.705
1.899
1.474
1.921
2.238
2.332
1.971
2.237
2.226
1.91
2.211
2.311
2.505
2.212
2.058
1.339
2.377
1.829
2.363
1.647
2.675
2.506
1.459
1.598
2.787
2.596
2.126
2.321
1.592
2.501
2.164
2.192
2.447
1.841
2.258
2.385
2.15
1.999
1.786
1.377
2.097
2.033
2.294
2.114
2.442
2.077
1.937
1.871
1.369
1.926
1.705
1.899
1.474
1.921
2.238
2.332
1.971
2.237
2.226
1.91
2.211
2.311
2.505
2.212
2.058
1.339
2.377
1.829
2.363
1.647
2.675
2.506
1.459
1.598
2.787
2.596
1.256
2.253
2.448
1.719
2.628
2.291
2.319
2.574
1.969
2.385
1000.0
2.277
2.126
1.913
1.505
2.224
2.161
2.421
2.241
2.57
2.205
2.064
1.998
1.496
2.053
1.833
2.026
1.601
2.048
2.365
2.459
2.098
2.364
2.353
2.037
2.339
2.438
2.632
2.339
2.185
1.466
2.504
1.956
2.49
1.774
2.802
2.633
1.586
1.725
2.914
2.723
2.253
2.448
1.719
2.628
2.291
2.319
2.574
1.969
2.385
2.513
2.277
2.126
1.913
1.505
2.224
2.161
2.421
2.241
2.57
2.205
2.064
1.998
1.496
2.053
1.833
2.026
1.601
2.048
2.365
2.459
2.098
2.364
2.353
2.037
2.339
2.438
2.632
2.339
2.185
1.466
2.504
1.956
2.49
1.774
2.802
2.633
1.586
1.725
2.914
2.723
1.021
2.017
2.212
1.483
2.392
2.056
2.084
2.338
1.733
2.15
2.277
1000.0
1.89
1.677
1.269
1.988
1.925
2.186
2.005
2.334
1.969
1.829
1.762
1.26
1.817
1.597
1.791
1.365
1.813
2.13
2.223
1.863
2.128
2.118
1.801
2.103
2.203
2.397
2.103
1.95
1.231
2.268
1.72
2.254
1.538
2.566
2.398
1.351
1.489
2.678
2.487
2.017
2.212
1.483
2.392
2.056
2.084
2.338
1.733
2.15
2.277
2.041
1.89
1.677
1.269
1.988
1.925
2.186
2.005
2.334
1.969
1.829
1.762
1.26
1.817
1.597
1.791
1.365
1.813
2.13
2.223
1.863
2.128
2.118
1.801
2.103
2.203
2.397
2.103
1.95
1.231
2.268
1.72
2.254
1.538
2.566
2.398
1.351
1.489
2.678
2.487
0.87
1.866
2.061
1.332
2.241
1.905
1.933
2.187
1.582
1.999
2.126
1.89
1000.0
1.526
1.118
1.838
1.774
2.035
1.854
2.183
1.818
1.678
1.612
1.109
1.666
1.446
1.64
1.214
1.662
1.979
2.073
1.712
1.977
1.967
1.65
1.952
2.052
2.246
1.952
1.799
1.08
2.117
1.569
2.104
1.387
2.416
2.247
1.2
1.338
2.528
2.336
1.866
2.061
1.332
2.241
1.905
1.933
2.187
1.582
1.999
2.126
1.89
1.74
1.526
1.118
1.838
1.774
2.035
1.854
2.183
1.818
1.678
1.612
1.109
1.666
1.446
1.64
1.214
1.662
1.979
2.073
1.712
1.977
1.967
1.65
1.952
2.052
2.246
1.952
1.799
1.08
2.117
1.569
2.104
1.387
2.416
2.247
1.2
1.338
2.528
2.336
0.657
1.653
1.848
1.119
2.028
1.692
1.72
1.974
1.369
1.786
1.913
1.677
1.526
1000.0
0.905
1.624
1.561
1.821
1.641
1.97
1.605
1.465
1.398
0.896
1.453
1.233
1.426
1.001
1.449
1.766
1.859
1.499
1.764
1.754
1.437
1.739
1.839
2.033
1.739
1.586
0.866
1.904
1.356
1.89
1.174
2.202
2.034
0.987
1.125
2.314
2.123
1.653
1.848
1.119
2.028
1.692
1.72
1.974
1.369
1.786
1.913
1.677
1.526
1.313
0.905
1.624
1.561
1.821
1.641
1.97
1.605
1.465
1.398
0.896
1.453
1.233
1.426
1.001
1.449
1.766
1.859
1.499
1.764
1.754
1.437
1.739
1.839
2.033
1.739
1.586
0.866
1.904
1.356
1.89
1.174
2.202
2.034
0.987
1.125
2.314
2.123
0.248
1.245
1.44
0.711
1.62
1.283
1.311
1.566
0.961
1.377
1.505
1.269
1.118
0.905
1000.0
1.216
1.153
1.413
1.233
1.562
1.197
1.056
0.99
0.488
1.045
0.825
1.018
0.593
1.041
1.357
1.451
1.09
1.356
1.345
1.029
1.331
1.43
1.624
1.331
1.177
0.458
1.496
0.948
1.482
0.766
1.794
1.625
0.578
0.717
1.906
1.715
1.245
1.44
0.711
1.62
1.283
1.311
1.566
0.961
1.377
1.505
1.269
1.118
0.905
0.497
1.216
1.153
1.413
1.233
1.562
1.197
1.056
0.99
0.488
1.045
0.825
1.018
0.593
1.041
1.357
1.451
1.09
1.356
1.345
1.029
1.331
1.43
1.624
1.331
1.177
0.458
1.496
0.948
1.482
0.766
1.794
1.625
0.578
0.717
1.906
1.715
0.968
1.964
2.159
1.43
2.339
2.003
2.031
2.285
1.68
2.097
2.224
1.988
1.838
1.624
1.216
1000.0
1.872
2.133
1.952
2.281
1.916
1.776
1.71
1.208
1.764
1.544
1.738
1.313
1.76
2.077
2.171
1.81
2.075
2.065
1.748
2.05
2.15
2.344
2.051
1.897
1.178
2.215
1.667
2.202
1.485
2.514
2.345
1.298
1.436
2.626
2.434
1.964
2.159
1.43
2.339
2.003
2.031
2.285
1.68
2.097
2.224
1.988
1.838
1.624
1.216
1.936
1.872
2.133
1.952
2.281
1.916
1.776
1.71
1.208
1.764
1.544
1.738
1.313
1.76
2.077
2.171
1.81
2.075
2.065
1.748
2.05
2.15
2.344
2.051
1.897
1.178
2.215
1.667
2.202
1.485
2.514
2.345
1.298
1.436
2.626
2.434
0.904
1.901
2.096
1.367
2.276
1.939
1.967
2.222
1.617
2.033
2.161
1.925
1.774
1.561
1.153
1.872
1000.0
2.069
1.889
2.218
1.853
1.712
1.646
1.144
1.701
1.48
1.674
1.249
1.696
2.013
2.107
1.746
2.012
2.001
1.685
1.986
2.086
2.28
1.987
1.833
1.114
2.152
1.604
2.138
1.422
2.45
2.281
1.234
1.373
2.562
2.371
1.901
2.096
1.367
2.276
1.939
1.967
2.222
1.617
2.033
2.161
1.925
1.774
1.561
1.153
1.872
1.809
2.069
1.889
2.218
1.853
1.712
1.646
1.144
1.701
1.48
1.674
1.249
1.696
2.013
2.107
1.746
2.012
2.001
1.685
1.986
2.086
2.28
1.987
1.833
1.114
2.152
1.604
2.138
1.422
2.45
2.281
1.234
1.373
2.562
2.371
1.165
2.161
2.356
1.627
2.537
2.2
2.228
2.482
1.877
2.294
2.421
2.186
2.035
1.821
1.413
2.133
2.069
1000.0
2.149
2.478
2.113
1.973
1.907
1.405
1.961
1.741
1.935
1.51
1.957
2.274
2.368
2.007
2.273
2.262
1.945
2.247
2.347
2.541
2.248
2.094
1.375
2.413
1.864
2.399
1.683
2.711
2.542
1.495
1.633
2.823
2.631
2.161
2.356
1.627
2.537
2.2
2.228
2.482
1.877
2.294
2.421
2.186
2.035
1.821
1.413
2.133
2.069
2.33
2.149
2.478
2.113
1.973
1.907
1.405
1.961
1.741
1.935
1.51
1.957
2.274
2.368
2.007
2.273
2.262
1.945
2.247
2.347
2.541
2.248
2.094
1.375
2.413
1.864
2.399
1.683
2.711
2.542
1.495
1.633
2.823
2.631
0.984
1.981
2.176
1.447
2.356
2.019
2.048
2.302
1.697
2.114
2.241
2.005
1.854
1.641
1.233
1.952
1.889
2.149
1000.0
2.298
1.933
1.793
1.726
1.224
1.781
1.561
1.754
1.329
1.777
2.094
2.187
1.826
2.092
2.082
1.765
2.067
2.167
2.361
2.067
1.914
1.194
2.232
1.684
2.218
1.502
2.53
2.362
1.315
1.453
2.642
2.451
1.981
2.176
1.447
2.356
2.019
2.048
2.302
1.697
2.114
2.241
2.005
1.854
1.641
1.233
1.952
1.889
2.149
1.969
2.298
1.933
1.793
1.726
1.224
1.781
1.561
1.754
1.329
1.777
2.094
2.187
1.826
2.092
2.082
1.765
2.067
2.167
2.361
2.067
1.914
1.194
2.232
1.684
2.218
1.502
2.53
2.362
1.315
1.453
2.642
2.451
1.313
2.31
2.505
1.776
2.685
2.348
2.376
2.631
2.026
2.442
2.57
2.334
2.183
1.97
1.562
2.281
2.218
2.478
2.298
1000.0
2.262
2.121
2.055
1.553
2.11
1.89
2.083
1.658
2.106
2.422
2.516
2.155
2.421
2.41
2.094
2.396
2.495
2.69
2.396
2.242
1.523
2.561
2.013
2.547
1.831
2.859
2.69
1.643
1.782
2.971
2.78
2.31
2.505
1.776
2.685
2.348
2.376
2.631
2.026
2.442
2.57
2.334
2.183
1.97
1.562
2.281
2.218
2.478
2.298
2.627
2.262
2.121
2.055
1.553
2.11
1.89
2.083
1.658
2.106
2.422
2.516
2.155
2.421
2.41
2.094
2.396
2.495
2.69
2.396
2.242
1.523
2.561
2.013
2.547
1.831
2.859
2.69
1.643
1.782
2.971
2.78
0.948
1.945
2.14
1.411
2.32
1.983
2.011
2.266
1.661
2.077
2.205
1.969
1.818
1.605
1.197
1.916
1.853
2.113
1.933
2.262
1000.0
1.756
1.69
1.188
1.745
1.525
1.718
1.293
1.74
2.057
2.151
1.79
2.056
2.045
1.729
2.031
2.13
2.324
2.031
1.877
1.158
2.196
1.648
2.182
1.466
2.494
2.325
1.278
1.417
2.606
2.415
1.945
2.14
1.411
2.32
1.983
2.011
2.266
1.661
2.077
2.205
1.969
1.818
1.605
1.197
1.916
1.853
2.113
1.933
2.262
1.897
1.756
1.69
1.188
1.745
1.525
1.718
1.293
1.74
2.057
2.151
1.79
2.056
2.045
1.729
2.031
2.13
2.324
2.031
1.877
1.158
2.196
1.648
2.182
1.466
2.494
2.325
1.278
1.417
2.606
2.415
0.808
1.441
1.526
1.265
2.065
0.424
0.908
0.699
0.691
1.279
0.451
1.129
0.976
1.085
0.811
1.758
0.255
1.334
1.5
2.076
0.145
1000.0
1.55
1.048
1.605
1.384
1.578
1.153
1.6
1.917
2.011
1.65
1.916
1.905
1.589
1.89
1.99
2.184
1.891
1.737
1.018
2.056
1.508
2.042
1.326
2.354
2.185
1.138
1.277
2.466
2.275
1.805
2.0
1.271
2.18
1.843
1.871
2.126
1.52
1.937
2.064
1.829
1.678
1.465
1.056
1.776
1.712
1.973
1.793
2.121
1.756
1.616
1.55
1.048
1.605
1.384
1.578
1.153
1.6
1.917
2.011
1.65
1.916
1.905
1.589
1.89
1.99
2.184
1.891
1.737
1.018
2.056
1.508
2.042
1.326
2.354
2.185
1.138
1.277
2.466
2.275
0.742
0.275
0.45
0.731
1.858
1.555
0.72
1.849
0.557
0.48
1.52
0.45
0.403
1.388
0.99
0.937
1.387
0.493
0.325
1.1
1.311
1.55
1000.0
0.982
1.538
1.318
1.512
1.087
1.534
1.851
1.945
1.584
1.849
1.839
1.522
1.824
1.924
2.118
1.825
1.671
0.952
1.989
1.441
1.976
1.26
2.288
2.119
1.072
1.21
2.4
2.208
1.738
1.933
1.204
2.113
1.777
1.805
2.059
1.454
1.871
1.998
1.762
1.612
1.398
0.99
1.71
1.646
1.907
1.726
2.055
1.69
1.55
1.484
0.982
1.538
1.318
1.512
1.087
1.534
1.851
1.945
1.584
1.849
1.839
1.522
1.824
1.924
2.118
1.825
1.671
0.952
1.989
1.441
1.976
1.26
2.288
2.119
1.072
1.21
2.4
2.208
0.24
1.212
1.391
0.673
1.415
0.82
1.137
1.094
0.788
1.286
1.113
1.163
1.001
0.532
0.151
1.183
0.707
1.328
1.211
1.539
0.791
1.048
0.982
1000.0
1.036
0.816
1.01
0.584
1.032
1.349
1.442
1.082
1.347
1.337
1.02
1.322
1.422
1.616
1.322
1.169
0.45
1.487
0.939
1.474
0.757
1.785
1.617
0.57
0.708
1.898
1.706
1.236
1.431
0.702
1.611
1.275
1.303
1.557
0.952
1.369
1.496
1.26
1.109
0.896
0.488
1.208
1.144
1.405
1.224
1.553
1.188
1.048
0.982
0.479
1.036
0.816
1.01
0.584
1.032
1.349
1.442
1.082
1.347
1.337
1.02
1.322
1.422
1.616
1.322
1.169
0.45
1.487
0.939
1.474
0.757
1.785
1.617
0.57
0.708
1.898
1.706
0.796
0.937
1.181
0.334
1.073
1.825
1.542
2.099
1.264
1.342
2.034
1.317
1.242
1.097
0.915
0.181
1.7
1.344
0.827
0.558
1.738
1.605
1.538
1.036
1000.0
1.373
1.566
1.141
1.589
1.906
1.999
1.638
1.904
1.893
1.577
1.879
1.978
2.173
1.879
1.726
1.006
2.044
1.496
2.03
1.314
2.342
2.174
1.126
1.265
2.454
2.263
1.793
1.988
1.259
2.168
1.831
1.86
2.114
1.509
1.926
2.053
1.817
1.666
1.453
1.045
1.764
1.701
1.961
1.781
2.11
1.745
1.605
1.538
1.036
1.593
1.373
1.566
1.141
1.589
1.906
1.999
1.638
1.904
1.893
1.577
1.879
1.978
2.173
1.879
1.726
1.006
2.044
1.496
2.03
1.314
2.342
2.174
1.126
1.265
2.454
2.263
0.576
0.86
0.947
0.914
1.944
0.985
0.505
1.274
0.16
0.732
0.924
0.588
0.424
1.163
0.755
1.335
0.813
0.784
0.927
1.6
0.713
1.384
1.318
0.816
1.373
1000.0
1.346
0.921
1.368
1.685
1.779
1.418
1.684
1.673
1.357
1.658
1.758
1.952
1.659
1.505
0.786
1.824
1.276
1.81
1.094
2.122
1.953
0.906
1.045
2.234
2.043
1.573
1.768
1.039
1.948
1.611
1.639
1.894
1.289
1.705
1.833
1.597
1.446
1.233
0.825
1.544
1.48
1.741
1.561
1.89
1.525
1.384
1.318
0.816
1.373
1.152
1.346
0.921
1.368
1.685
1.779
1.418
1.684
1.673
1.357
1.658
1.758
1.952
1.659
1.505
0.786
1.824
1.276
1.81
1.094
2.122
1.953
0.906
1.045
2.234
2.043
0.77
1.764
1.961
1.027
1.2
0.905
1.707
1.063
1.366
1.875
1.399
1.752
1.59
0.212
0.522
1.477
0.904
1.916
1.742
1.856
1.092
1.578
1.512
1.01
1.566
1.346
1000.0
1.115
1.562
1.879
1.973
1.612
1.878
1.867
1.55
1.852
1.952
2.146
1.853
1.699
0.98
2.018
1.469
2.004
1.288
2.316
2.147
1.1
1.238
2.428
2.237
1.766
1.961
1.233
2.142
1.805
1.833
2.088
1.482
1.899
2.026
1.791
1.64
1.426
1.018
1.738
1.674
1.935
1.754
2.083
1.718
1.578
1.512
1.01
1.566
1.346
1.54
1.115
1.562
1.879
1.973
1.612
1.878
1.867
1.55
1.852
1.952
2.146
1.853
1.699
0.98
2.018
1.469
2.004
1.288
2.316
2.147
1.1
1.238
2.428
2.237
0.345
0.808
1.039
0.16
1.265
1.379
1.16
1.662
0.844
1.079
1.566
1.01
0.893
0.845
0.527
0.631
1.245
1.1
0.756
0.969
1.271
1.153
1.087
0.584
1.141
0.921
1.115
1000.0
1.137
1.454
1.547
1.187
1.452
1.442
1.125
1.427
1.527
1.721
1.427
1.274
0.555
1.592
1.044
1.579
0.862
1.89
1.722
0.675
0.813
2.003
1.811
1.341
1.536
0.807
1.716
1.38
1.408
1.662
1.057
1.474
1.601
1.365
1.214
1.001
0.593
1.313
1.249
1.51
1.329
1.658
1.293
1.153
1.087
0.584
1.141
0.921
1.115
0.689
1.137
1.454
1.547
1.187
1.452
1.442
1.125
1.427
1.527
1.721
1.427
1.274
0.555
1.592
1.044
1.579
0.862
1.89
1.722
0.675
0.813
2.003
1.811
0.792
1.653
1.784
1.24
1.823
0.265
1.274
0.527
0.998
1.586
0.724
1.441
1.278
0.794
0.67
1.749
0.228
1.639
1.684
2.104
0.432
1.6
1.534
1.032
1.589
1.368
1.562
1.137
1000.0
1.901
1.995
1.634
1.9
1.889
1.573
1.874
1.974
2.168
1.875
1.721
1.002
2.04
1.492
2.026
1.31
2.338
2.169
1.122
1.261
2.45
2.259
1.789
1.984
1.255
2.164
1.827
1.855
2.11
1.505
1.921
2.048
1.813
1.662
1.449
1.041
1.76
1.696
1.957
1.777
2.106
1.74
1.6
1.534
1.032
1.589
1.368
1.562
1.137
1.584
1.901
1.995
1.634
1.9
1.889
1.573
1.874
1.974
2.168
1.875
1.721
1.002
2.04
1.492
2.026
1.31
2.338
2.169
1.122
1.261
2.45
2.259
1.109
2.091
2.298
1.295
1.14
1.158
2.065
1.245
1.724
2.227
1.688
2.107
1.946
0.465
0.863
1.689
1.195
2.267
2.059
2.064
1.4
1.917
1.851
1.349
1.906
1.685
1.879
1.454
1.901
1000.0
2.312
1.951
2.217
2.206
1.89
2.191
2.291
2.485
2.192
2.038
1.319
2.357
1.809
2.343
1.627
2.655
2.486
1.439
1.578
2.767
2.576
2.106
2.301
1.572
2.481
2.144
2.172
2.427
1.821
2.238
2.365
2.13
1.979
1.766
1.357
2.077
2.013
2.274
2.094
2.422
2.057
1.917
1.851
1.349
1.906
1.685
1.879
1.454
1.901
2.218
2.312
1.951
2.217
2.206
1.89
2.191
2.291
2.485
2.192
2.038
1.319
2.357
1.809
2.343
1.627
2.655
2.486
1.439
1.578
2.767
2.576
1.203
2.122
2.26
1.611
1.938
0.444
1.737
0.389
1.475
2.065
0.979
1.918
1.756
0.943
1.018
2.11
0.586
2.117
2.144
2.48
0.797
2.011
1.945
1.442
1.999
1.779
1.973
1.547
1.995
2.312
1000.0
2.045
2.31
2.3
1.983
2.285
2.385
2.579
2.285
2.132
1.413
2.45
1.902
2.437
1.72
2.749
2.58
1.533
1.671
2.861
2.669
2.199
2.394
1.665
2.574
2.238
2.266
2.52
1.915
2.332
2.459
2.223
2.073
1.859
1.451
2.171
2.107
2.368
2.187
2.516
2.151
2.011
1.945
1.442
1.999
1.779
1.973
1.547
1.995
2.312
2.406
2.045
2.31
2.3
1.983
2.285
2.385
2.579
2.285
2.132
1.413
2.45
1.902
2.437
1.72
2.749
2.58
1.533
1.671
2.861
2.669
0.842
1.283
1.338
1.269
2.178
0.666
0.665
0.924
0.499
1.064
0.487
0.915
0.774
1.25
0.915
1.732
0.502
1.121
1.359
2.02
0.325
1.65
1.584
1.082
1.638
1.418
1.612
1.187
1.634
1.951
2.045
1000.0
1.95
1.939
1.623
1.924
2.024
2.218
1.925
1.771
1.052
2.09
1.542
2.076
1.36
2.388
2.219
1.172
1.31
2.5
2.309
1.838
2.033
1.305
2.214
1.877
1.905
2.16
1.554
1.971
2.098
1.863
1.712
1.499
1.09
1.81
1.746
2.007
1.826
2.155
1.79
1.65
1.584
1.082
1.638
1.418
1.612
1.187
1.634
1.951
2.045
1.684
1.95
1.939
1.623
1.924
2.024
2.218
1.925
1.771
1.052
2.09
1.542
2.076
1.36
2.388
2.219
1.172
1.31
2.5
2.309
1.108
0.135
0.256
0.959
2.024
1.96
0.98
2.254
0.924
0.56
1.898
0.636
0.692
1.726
1.352
0.947
1.791
0.528
0.139
0.961
1.708
1.916
1.849
1.347
1.904
1.684
1.878
1.452
1.9
2.217
2.31
1.95
1000.0
2.205
1.888
2.19
2.29
2.484
2.19
2.037
1.318
2.355
1.807
2.341
1.625
2.653
2.485
1.438
1.576
2.765
2.574
2.104
2.299
1.57
2.479
2.143
2.171
2.425
1.82
2.237
2.364
2.128
1.977
1.764
1.356
2.075
2.012
2.273
2.092
2.421
2.056
1.916
1.849
1.347
1.904
1.684
1.878
1.452
1.9
2.217
2.31
1.95
2.215
2.205
1.888
2.19
2.29
2.484
2.19
2.037
1.318
2.355
1.807
2.341
1.625
2.653
2.485
1.438
1.576
2.765
2.574
1.097
0.671
0.583
1.267
2.387
1.522
0.236
1.791
0.448
0.24
1.279
0.146
0.232
1.737
1.318
1.525
1.351
0.294
0.799
1.667
1.193
1.905
1.839
1.337
1.893
1.673
1.867
1.442
1.889
2.206
2.3
1.939
2.205
1000.0
1.878
2.179
2.279
2.473
2.18
2.026
1.307
2.345
1.797
2.331
1.615
2.643
2.474
1.427
1.566
2.755
2.564
2.093
2.289
1.56
2.469
2.132
2.16
2.415
1.809
2.226
2.353
2.118
1.967
1.754
1.345
2.065
2.001
2.262
2.082
2.41
2.045
1.905
1.839
1.337
1.893
1.673
1.867
1.442
1.889
2.206
2.3
1.939
2.205
2.194
1.878
2.179
2.279
2.473
2.18
2.026
1.307
2.345
1.797
2.331
1.615
2.643
2.474
1.427
1.566
2.755
2.564
0.781
1.682
1.908
0.825
0.786
1.294
1.834
1.478
1.482
1.898
1.74
1.797
1.65
0.248
0.581
1.18
1.26
1.929
1.629
1.553
1.419
1.589
1.522
1.02
1.577
1.357
1.55
1.125
1.573
1.89
1.983
1.623
1.888
1.878
1000.0
1.863
1.963
2.157
1.863
1.71
0.99
2.028
1.48
2.014
1.298
2.326
2.158
1.111
1.249
2.438
2.247
1.777
1.972
1.243
2.152
1.816
1.844
2.098
1.493
1.91
2.037
1.801
1.65
1.437
1.029
1.748
1.685
1.945
1.765
2.094
1.729
1.589
1.522
1.02
1.577
1.357
1.55
1.125
1.573
1.89
1.983
1.623
1.888
1.878
1.561
1.863
1.963
2.157
1.863
1.71
0.99
2.028
1.48
2.014
1.298
2.326
2.158
1.111
1.249
2.438
2.247
1.082
1.029
0.989
1.388
2.448
1.199
0.183
1.443
0.386
0.656
0.878
0.528
0.467
1.647
1.251
1.751
1.037
0.711
1.142
1.957
0.847
1.89
1.824
1.322
1.879
1.658
1.852
1.427
1.874
2.191
2.285
1.924
2.19
2.179
1.863
1000.0
2.264
2.458
2.165
2.011
1.292
2.33
1.782
2.316
1.6
2.628
2.459
1.412
1.551
2.74
2.549
2.079
2.274
1.545
2.454
2.117
2.145
2.4
1.795
2.211
2.339
2.103
1.952
1.739
1.331
2.05
1.986
2.247
2.067
2.396
2.031
1.89
1.824
1.322
1.879
1.658
1.852
1.427
1.874
2.191
2.285
1.924
2.19
2.179
1.863
2.164
2.264
2.458
2.165
2.011
1.292
2.33
1.782
2.316
1.6
2.628
2.459
1.412
1.551
2.74
2.549
1.182
0.602
0.782
0.833
1.691
2.179
1.447
2.472
1.298
1.075
2.237
1.125
1.134
1.674
1.386
0.55
2.025
1.049
0.472
0.44
1.994
1.99
1.924
1.422
1.978
1.758
1.952
1.527
1.974
2.291
2.385
2.024
2.29
2.279
1.963
2.264
1000.0
2.558
2.265
2.111
1.392
2.43
1.882
2.416
1.7
2.728
2.559
1.512
1.65
2.84
2.649
2.178
2.373
1.645
2.554
2.217
2.245
2.5
1.894
2.311
2.438
2.203
2.052
1.839
1.43
2.15
2.086
2.347
2.167
2.495
2.13
1.99
1.924
1.422
1.978
1.758
1.952
1.527
1.974
2.291
2.385
2.024
2.29
2.279
1.963
2.264
2.364
2.558
2.265
2.111
1.392
2.43
1.882
2.416
1.7
2.728
2.559
1.512
1.65
2.84
2.649
1.376
2.056
2.3
1.178
0.145
2.016
2.427
2.186
2.083
2.384
2.461
2.314
2.19
0.972
1.245
1.244
1.984
2.402
1.964
1.528
2.137
2.184
2.118
1.616
2.173
1.952
2.146
1.721
2.168
2.485
2.579
2.218
2.484
2.473
2.157
2.458
2.558
1000.0
2.459
2.305
1.586
2.624
2.076
2.61
1.894
2.922
2.753
1.706
1.845
3.034
2.843
2.373
2.568
1.839
2.748
2.411
2.439
2.694
2.089
2.505
2.632
2.397
2.246
2.033
1.624
2.344
2.28
2.541
2.361
2.69
2.324
2.184
2.118
1.616
2.173
1.952
2.146
1.721
2.168
2.485
2.579
2.218
2.484
2.473
2.157
2.458
2.558
2.752
2.459
2.305
1.586
2.624
2.076
2.61
1.894
2.922
2.753
1.706
1.845
3.034
2.843
1.083
1.846
1.943
1.541
2.147
0.072
1.318
0.278
1.112
1.7
0.491
1.55
1.398
1.115
0.991
2.05
0.19
1.756
1.895
2.394
0.332
1.891
1.825
1.322
1.879
1.659
1.853
1.427
1.875
2.192
2.285
1.925
2.19
2.18
1.863
2.165
2.265
2.459
1000.0
2.012
1.293
2.33
1.782
2.317
1.6
2.628
2.46
1.413
1.551
2.741
2.549
2.079
2.274
1.545
2.454
2.118
2.146
2.4
1.795
2.212
2.339
2.103
1.952
1.739
1.331
2.051
1.987
2.248
2.067
2.396
2.031
1.891
1.825
1.322
1.879
1.659
1.853
1.427
1.875
2.192
2.285
1.925
2.19
2.18
1.863
2.165
2.265
2.459
2.165
2.012
1.293
2.33
1.782
2.317
1.6
2.628
2.46
1.413
1.551
2.741
2.549
0.929
1.104
1.115
1.292
2.3
0.96
0.377
1.211
0.334
0.811
0.689
0.666
0.55
1.446
1.066
1.704
0.797
0.868
1.199
1.95
0.613
1.737
1.671
1.169
1.726
1.505
1.699
1.274
1.721
2.038
2.132
1.771
2.037
2.026
1.71
2.011
2.111
2.305
2.012
1000.0
1.139
2.177
1.629
2.163
1.447
2.475
2.306
1.259
1.398
2.587
2.396
1.926
2.121
1.392
2.301
1.964
1.992
2.247
1.641
2.058
2.185
1.95
1.799
1.586
1.177
1.897
1.833
2.094
1.914
2.242
1.877
1.737
1.671
1.169
1.726
1.505
1.699
1.274
1.721
2.038
2.132
1.771
2.037
2.026
1.71
2.011
2.111
2.305
2.012
1.858
1.139
2.177
1.629
2.163
1.447
2.475
2.306
1.259
1.398
2.587
2.396
0.21
0.954
1.174
0.257
1.221
1.234
1.187
1.511
0.848
1.174
1.465
1.086
0.952
0.679
0.353
0.766
1.109
1.201
0.914
1.122
1.158
1.018
0.952
0.45
1.006
0.786
0.98
0.555
1.002
1.319
1.413
1.052
1.318
1.307
0.99
1.292
1.392
1.586
1.293
1.139
1000.0
1.458
0.909
1.444
0.728
1.756
1.587
0.54
0.678
1.868
1.676
1.206
1.401
0.672
1.582
1.245
1.273
1.528
0.922
1.339
1.466
1.231
1.08
0.866
0.458
1.178
1.114
1.375
1.194
1.523
1.158
1.018
0.952
0.45
1.006
0.786
0.98
0.555
1.002
1.319
1.413
1.052
1.318
1.307
0.99
1.292
1.392
1.586
1.293
1.139
0.42
1.458
0.909
1.444
0.728
1.756
1.587
0.54
0.678
1.868
1.676
1.248
0.463
0.592
0.966
1.903
2.196
1.326
2.491
1.231
0.913
2.196
0.987
1.026
1.797
1.473
0.767
2.034
0.879
0.355
0.665
1.978
2.056
1.989
1.487
2.044
1.824
2.018
1.592
2.04
2.357
2.45
2.09
2.355
2.345
2.028
2.33
2.43
2.624
2.33
2.177
1.458
1000.0
1.947
2.481
1.765
2.793
2.625
1.578
1.716
2.905
2.714
2.244
2.439
1.71
2.619
2.283
2.311
2.565
1.96
2.377
2.504
2.268
2.117
1.904
1.496
2.215
2.152
2.413
2.232
2.561
2.196
2.056
1.989
1.487
2.044
1.824
2.018
1.592
2.04
2.357
2.45
2.09
2.355
2.345
2.028
2.33
2.43
2.624
2.33
2.177
1.458
2.495
1.947
2.481
1.765
2.793
2.625
1.578
1.716
2.905
2.714
0.7
0.947
1.004
1.053
2.071
0.95
0.434
1.229
0.163
0.749
0.818
0.6
0.447
1.255
0.858
1.472
0.777
0.805
1.026
1.731
0.644
1.508
1.441
0.939
1.496
1.276
1.469
1.044
1.492
1.809
1.902
1.542
1.807
1.797
1.48
1.782
1.882
2.076
1.782
1.629
0.909
1.947
1000.0
1.933
1.217
2.245
2.077
1.03
1.168
2.357
2.166
1.696
1.891
1.162
2.071
1.735
1.763
2.017
1.412
1.829
1.956
1.72
1.569
1.356
0.948
1.667
1.604
1.864
1.684
2.013
1.648
1.508
1.441
0.939
1.496
1.276
1.469
1.044
1.492
1.809
1.902
1.542
1.807
1.797
1.48
1.782
1.882
2.076
1.782
1.629
0.909
1.947
1.399
1.933
1.217
2.245
2.077
1.03
1.168
2.357
2.166
1.234
0.582
0.743
0.901
1.771
2.219
1.439
2.513
1.309
1.049
2.259
1.109
1.13
1.741
1.444
0.629
2.063
1.02
0.457
0.498
2.024
2.042
1.976
1.474
2.03
1.81
2.004
1.579
2.026
2.343
2.437
2.076
2.341
2.331
2.014
2.316
2.416
2.61
2.317
2.163
1.444
2.481
1.933
1000.0
1.752
2.78
2.611
1.564
1.702
2.892
2.7
2.23
2.425
1.696
2.605
2.269
2.297
2.551
1.946
2.363
2.49
2.254
2.104
1.89
1.482
2.202
2.138
2.399
2.218
2.547
2.182
2.042
1.976
1.474
2.03
1.81
2.004
1.579
2.026
2.343
2.437
2.076
2.341
2.331
2.014
2.316
2.416
2.61
2.317
2.163
1.444
2.481
1.933
2.468
1.752
2.78
2.611
1.564
1.702
2.892
2.7
0.518
1.404
1.551
0.969
1.647
0.522
1.133
0.8
0.817
1.385
0.855
1.245
1.08
0.659
0.422
1.479
0.413
1.434
1.425
1.83
0.53
1.326
1.26
0.757
1.314
1.094
1.288
0.862
1.31
1.627
1.72
1.36
1.625
1.615
1.298
1.6
1.7
1.894
1.6
1.447
0.728
1.765
1.217
1.752
1000.0
2.063
1.895
0.848
0.986
2.176
1.984
1.514
1.709
0.98
1.889
1.553
1.581
1.835
1.23
1.647
1.774
1.538
1.387
1.174
0.766
1.485
1.422
1.683
1.502
1.831
1.466
1.326
1.26
0.757
1.314
1.094
1.288
0.862
1.31
1.627
1.72
1.36
1.625
1.615
1.298
1.6
1.7
1.894
1.6
1.447
0.728
1.765
1.217
1.752
1.035
2.063
1.895
0.848
0.986
2.176
1.984
1.546
0.984
1.124
1.144
1.777
2.564
1.843
2.854
1.706
1.445
2.642
1.512
1.534
1.966
1.728
0.712
2.415
1.413
0.862
0.37
2.394
2.354
2.288
1.785
2.342
2.122
2.316
1.89
2.338
2.655
2.749
2.388
2.653
2.643
2.326
2.628
2.728
2.922
2.628
2.475
1.756
2.793
2.245
2.78
2.063
1000.0
2.923
1.876
2.014
3.204
3.012
2.542
2.737
2.008
2.917
2.581
2.609
2.863
2.258
2.675
2.802
2.566
2.416
2.202
1.794
2.514
2.45
2.711
2.53
2.859
2.494
2.354
2.288
1.785
2.342
2.122
2.316
1.89
2.338
2.655
2.749
2.388
2.653
2.643
2.326
2.628
2.728
2.922
2.628
2.475
1.756
2.793
2.245
2.78
2.063
3.091
2.923
1.876
2.014
3.204
3.012
1.377
2.293
2.52
1.422
0.861
1.607
2.407
1.696
2.056
2.503
2.13
2.398
2.246
0.739
1.153
1.706
1.634
2.536
2.236
2.056
1.832
2.185
2.119
1.617
2.174
1.953
2.147
1.722
2.169
2.486
2.58
2.219
2.485
2.474
2.158
2.459
2.559
2.753
2.46
2.306
1.587
2.625
2.077
2.611
1.895
2.923
1000.0
1.707
1.846
3.035
2.844
2.374
2.569
1.84
2.749
2.412
2.44
2.695
2.089
2.506
2.633
2.398
2.247
2.034
1.625
2.345
2.281
2.542
2.362
2.69
2.325
2.185
2.119
1.617
2.174
1.953
2.147
1.722
2.169
2.486
2.58
2.219
2.485
2.474
2.158
2.459
2.559
2.753
2.46
2.306
1.587
2.625
2.077
2.611
1.895
2.923
2.754
1.707
1.846
3.035
2.844
0.33
0.723
0.89
0.577
1.643
1.138
0.764
1.434
0.431
0.8
1.209
0.691
0.543
0.985
0.569
1.002
0.979
0.837
0.743
1.288
0.946
1.138
1.072
0.57
1.126
0.906
1.1
0.675
1.122
1.439
1.533
1.172
1.438
1.427
1.111
1.412
1.512
1.706
1.413
1.259
0.54
1.578
1.03
1.564
0.848
1.876
1.707
1000.0
0.799
1.988
1.797
1.326
1.522
0.793
1.702
1.365
1.393
1.648
1.042
1.459
1.586
1.351
1.2
0.987
0.578
1.298
1.234
1.495
1.315
1.643
1.278
1.138
1.072
0.57
1.126
0.906
1.1
0.675
1.122
1.439
1.533
1.172
1.438
1.427
1.111
1.412
1.512
1.706
1.413
1.259
0.54
1.578
1.03
1.564
0.848
1.876
1.707
0.66
0.799
1.988
1.797
0.468
1.306
1.534
0.453
0.911
1.274
1.528
1.514
1.179
1.542
1.625
1.451
1.312
0.404
0.367
0.87
1.191
1.569
1.251
1.249
1.301
1.277
1.21
0.708
1.265
1.045
1.238
0.813
1.261
1.578
1.671
1.31
1.576
1.566
1.249
1.551
1.65
1.845
1.551
1.398
0.678
1.716
1.168
1.702
0.986
2.014
1.846
0.799
1000.0
2.126
1.935
1.465
1.66
0.931
1.84
1.503
1.532
1.786
1.181
1.598
1.725
1.489
1.338
1.125
0.717
1.436
1.373
1.633
1.453
1.782
1.417
1.277
1.21
0.708
1.265
1.045
1.238
0.813
1.261
1.578
1.671
1.31
1.576
1.566
1.249
1.551
1.65
1.845
1.551
1.398
0.678
1.716
1.168
1.702
0.986
2.014
1.846
0.799
0.937
2.126
1.935
1.658
1.3
1.147
1.902
3.003
1.736
0.597
1.944
0.946
0.828
1.302
0.799
0.866
2.246
1.844
2.183
1.589
0.856
1.433
2.314
1.379
2.466
2.4
1.898
2.454
2.234
2.428
2.003
2.45
2.767
2.861
2.5
2.765
2.755
2.438
2.74
2.84
3.034
2.741
2.587
1.868
2.905
2.357
2.892
2.176
3.204
3.035
1.988
2.126
1000.0
3.124
2.654
2.849
2.12
3.029
2.693
2.721
2.975
2.37
2.787
2.914
2.678
2.528
2.314
1.906
2.626
2.562
2.823
2.642
2.971
2.606
2.466
2.4
1.898
2.454
2.234
2.428
2.003
2.45
2.767
2.861
2.5
2.765
2.755
2.438
2.74
2.84
3.034
2.741
2.587
1.868
2.905
2.357
2.892
2.176
3.204
3.035
1.988
2.126
3.316
3.124
1.467
0.785
0.903
1.11
1.883
2.458
1.648
2.752
1.539
1.233
2.495
1.309
1.346
1.95
1.671
0.76
2.302
1.197
0.671
0.503
2.262
2.275
2.208
1.706
2.263
2.043
2.237
1.811
2.259
2.576
2.669
2.309
2.574
2.564
2.247
2.549
2.649
2.843
2.549
2.396
1.676
2.714
2.166
2.7
1.984
3.012
2.844
1.797
1.935
3.124
1000.0
2.463
2.658
1.929
2.838
2.502
2.53
2.784
2.179
2.596
2.723
2.487
2.336
2.123
1.715
2.434
2.371
2.631
2.451
2.78
2.415
2.275
2.208
1.706
2.263
2.043
2.237
1.811
2.259
2.576
2.669
2.309
2.574
2.564
2.247
2.549
2.649
2.843
2.549
2.396
1.676
2.714
2.166
2.7
1.984
3.012
2.844
1.797
1.935
3.124
2.933
ENDDATA
