# of pickup customers
20
# of delivery customers
30
# of customers
50
# of tasks
100
# of given tractors
1
c1
10.0
c2
1.0
c3
0.0
timeperiod
16.0
package time
4.128
3.437
4.204
4.323
3.165
4.185
3.671
3.607
3.523
3.362
4.258
3.498
4.946
4.565
4.188
3.847
3.027
3.595
3.004
3.278
3.549
4.36
4.179
3.694
3.014
4.412
4.541
4.772
4.712
3.561
4.717
3.066
3.304
4.383
3.53
3.068
3.29
4.141
3.87
4.71
3.982
3.601
3.943
3.139
3.622
3.541
4.001
4.371
4.158
4.401
terminal coordinates
100.0
100.0
customer coordinate
25.96
81.48
93.31
93.04
62.52
83.2
93.85
13.59
94.85
102.79
69.72
94.47
83.62
13.92
90.17
74.84
101.72
87.46
22.59
157.79
91.03
97.85
101.77
153.06
21.2
102.11
145.5
141.29
28.28
152.73
99.84
86.72
154.15
92.27
149.03
89.56
102.62
15.0
78.56
153.49
65.99
66.52
80.46
96.32
97.13
94.49
90.15
95.57
95.35
18.7
49.24
156.7
162.49
3.19
40.07
160.24
19.56
45.96
18.12
2.54
26.47
11.34
171.24
53.37
163.44
40.55
17.75
172.7
42.7
10.22
13.8
1.08
4.67
12.03
49.76
0.81
22.61
22.29
57.34
26.66
16.64
12.45
22.75
4.27
8.73
156.53
16.22
43.5
163.5
25.46
33.89
36.02
35.99
15.29
7.72
169.84
12.42
157.23
7.89
51.6
distance matrix
0.0
1.122
0.746
0.786
1.213
0.884
0.782
1.008
1.274
1.026
1.219
0.994
1.11
0.914
1.224
0.802
0.807
1.028
0.922
1.204
1.335
1.083
1.237
1.192
1.284
1.168
1.24
1.122
1.1
1.043
1.129
1.042
1.107
1.179
1.201
1.295
0.719
1.048
1.276
0.838
1.147
0.929
0.903
0.837
1.06
1.154
0.876
1.102
0.718
1.153
1.183
1.122
0.746
0.786
1.213
0.884
0.782
1.008
1.274
1.026
1.219
0.994
1.11
0.914
1.224
0.802
0.807
1.028
0.922
1.204
1.335
1.083
1.237
1.192
1.284
1.168
1.24
1.122
1.1
1.043
1.129
1.042
1.107
1.179
1.201
1.295
0.719
1.048
1.276
0.838
1.147
0.929
0.903
0.837
1.06
1.154
0.876
1.102
0.718
1.153
1.183
1.122
2.244
1.868
1.908
2.335
2.006
1.904
2.131
2.396
2.148
2.341
2.116
2.233
2.036
2.346
1.925
1.929
2.15
2.044
2.326
2.457
2.205
2.359
2.314
2.406
2.29
2.362
2.244
2.222
2.165
2.251
2.164
2.229
2.301
2.323
2.417
1.841
2.17
2.398
1.96
2.269
2.051
2.025
1.959
2.182
2.276
1.998
2.224
1.84
2.275
2.305
0.0
1.512
1.647
1.017
0.471
1.561
0.926
0.16
0.945
1.124
0.617
0.979
1.687
0.159
1.638
0.621
1.026
1.724
0.092
1.719
0.926
1.082
1.099
1.655
0.06
1.128
1.531
1.48
0.105
1.61
1.009
0.888
1.636
1.002
1.62
1.559
1.043
0.155
1.572
1.622
0.536
0.533
0.701
0.977
1.03
1.734
0.925
1.606
1.01
0.095
0.746
1.868
1.491
1.531
1.959
1.629
1.527
1.754
2.02
1.771
1.964
1.74
1.856
1.659
1.969
1.548
1.553
1.774
1.668
1.949
2.08
1.829
1.982
1.937
2.03
1.914
1.986
1.868
1.846
1.789
1.875
1.788
1.852
1.925
1.946
2.041
1.464
1.793
2.021
1.583
1.892
1.675
1.648
1.582
1.805
1.9
1.621
1.847
1.463
1.898
1.928
1.512
0.0
0.165
1.924
1.477
0.049
1.721
1.624
1.74
1.945
1.634
1.824
0.184
1.543
0.137
1.454
1.755
0.214
1.604
2.065
1.79
1.956
1.917
2.018
1.534
1.966
1.857
1.839
1.409
1.854
1.766
1.804
1.905
1.91
2.033
0.101
1.776
1.641
0.093
1.871
1.547
1.52
1.509
1.777
1.872
0.231
1.807
0.176
1.868
1.53
0.786
1.908
1.531
1.571
1.999
1.669
1.567
1.794
2.06
1.811
2.004
1.78
1.896
1.699
2.009
1.588
1.593
1.814
1.708
1.989
2.12
1.869
2.022
1.977
2.07
1.954
2.026
1.908
1.886
1.829
1.915
1.828
1.892
1.965
1.986
2.081
1.504
1.833
2.061
1.623
1.932
1.715
1.688
1.622
1.845
1.94
1.661
1.887
1.503
1.938
1.968
1.647
0.165
0.0
1.991
1.578
0.129
1.787
1.765
1.805
2.003
1.726
1.889
0.163
1.687
0.041
1.542
1.812
0.147
1.739
2.067
1.859
2.018
1.976
2.024
1.673
2.024
1.866
1.852
1.545
1.853
1.825
1.877
1.905
1.978
2.044
0.088
1.832
1.781
0.185
1.871
1.643
1.616
1.589
1.84
1.935
0.093
1.876
0.072
1.933
1.671
1.213
2.335
1.959
1.999
2.426
2.097
1.995
2.222
2.487
2.239
2.432
2.207
2.324
2.127
2.437
2.016
2.02
2.242
2.135
2.417
2.548
2.297
2.45
2.405
2.497
2.381
2.453
2.335
2.313
2.256
2.342
2.255
2.32
2.392
2.414
2.508
1.932
2.261
2.489
2.051
2.36
2.143
2.116
2.05
2.273
2.367
2.089
2.315
1.931
2.366
2.396
1.017
1.924
1.991
0.0
0.598
1.967
0.205
1.128
0.188
0.122
0.412
0.103
2.104
1.171
2.003
0.519
0.212
2.12
1.01
0.814
0.135
0.066
0.111
0.758
1.07
0.117
0.699
0.649
1.055
0.802
0.188
0.14
0.802
0.017
0.703
1.917
0.202
1.098
2.012
0.805
0.511
0.528
0.439
0.157
0.076
2.083
0.121
1.926
0.065
1.109
0.884
2.006
1.629
1.669
2.097
1.767
1.665
1.892
2.158
1.909
2.102
1.878
1.994
1.797
2.107
1.686
1.69
1.912
1.806
2.087
2.218
1.967
2.12
2.075
2.168
2.052
2.124
2.006
1.984
1.927
2.013
1.926
1.99
2.063
2.084
2.179
1.602
1.931
2.159
1.721
2.03
1.813
1.786
1.72
1.943
2.038
1.759
1.985
1.601
2.036
2.066
0.471
1.477
1.578
0.598
0.0
1.524
0.468
0.616
0.488
0.688
0.192
0.537
1.661
0.63
1.58
0.154
0.564
1.687
0.5
1.248
0.485
0.658
0.661
1.185
0.531
0.697
1.06
1.009
0.479
1.14
0.551
0.459
1.166
0.582
1.15
1.494
0.583
0.596
1.556
1.152
0.089
0.071
0.23
0.524
0.592
1.671
0.489
1.522
0.575
0.566
0.782
1.904
1.527
1.567
1.995
1.665
1.563
1.79
2.056
1.807
2.0
1.776
1.892
1.695
2.005
1.584
1.589
1.81
1.704
1.986
2.116
1.865
2.019
1.974
2.066
1.95
2.022
1.904
1.882
1.825
1.911
1.824
1.889
1.961
1.982
2.077
1.5
1.829
2.058
1.62
1.929
1.711
1.684
1.618
1.842
1.936
1.657
1.883
1.499
1.935
1.964
1.561
0.049
0.129
1.967
1.524
0.0
1.764
1.673
1.782
1.986
1.681
1.867
0.138
1.592
0.096
1.5
1.796
0.165
1.653
2.094
1.833
1.998
1.958
2.048
1.584
2.007
1.888
1.871
1.458
1.882
1.807
1.848
1.934
1.953
2.065
0.092
1.817
1.69
0.071
1.9
1.594
1.567
1.554
1.819
1.914
0.185
1.85
0.159
1.91
1.579
1.008
2.131
1.754
1.794
2.222
1.892
1.79
2.017
2.282
2.034
2.227
2.002
2.119
1.922
2.232
1.811
1.815
2.037
1.931
2.212
2.343
2.092
2.245
2.2
2.293
2.177
2.249
2.131
2.108
2.052
2.138
2.05
2.115
2.188
2.209
2.304
1.727
2.056
2.284
1.846
2.155
1.938
1.911
1.845
2.068
2.162
1.884
2.11
1.726
2.161
2.191
0.926
1.721
1.787
0.205
0.468
1.764
0.0
1.056
0.022
0.24
0.314
0.103
1.9
1.085
1.799
0.354
0.101
1.916
0.937
0.808
0.08
0.236
0.211
0.746
0.983
0.256
0.647
0.594
0.946
0.741
0.083
0.126
0.755
0.192
0.703
1.713
0.117
1.03
1.809
0.749
0.392
0.399
0.265
0.062
0.154
1.879
0.101
1.721
0.147
1.021
1.274
2.396
2.02
2.06
2.487
2.158
2.056
2.282
2.548
2.299
2.493
2.268
2.384
2.188
2.498
2.076
2.081
2.302
2.196
2.478
2.609
2.357
2.511
2.466
2.558
2.442
2.514
2.396
2.374
2.317
2.403
2.316
2.381
2.453
2.474
2.569
1.993
2.322
2.55
2.112
2.421
2.203
2.177
2.111
2.334
2.428
2.15
2.376
1.991
2.427
2.457
0.16
1.624
1.765
1.128
0.616
1.673
1.056
0.0
1.074
1.24
0.743
1.1
1.794
0.093
1.753
0.769
1.157
1.834
0.12
1.857
1.048
1.193
1.217
1.794
0.106
1.242
1.675
1.623
0.232
1.756
1.139
1.006
1.781
1.113
1.756
1.677
1.173
0.035
1.679
1.767
0.672
0.673
0.845
1.103
1.148
1.849
1.045
1.728
1.127
0.095
1.026
2.148
1.771
1.811
2.239
1.909
1.807
2.034
2.299
2.051
2.244
2.02
2.136
1.939
2.249
1.828
1.832
2.054
1.948
2.229
2.36
2.109
2.262
2.217
2.31
2.194
2.266
2.148
2.126
2.069
2.155
2.068
2.132
2.205
2.226
2.321
1.744
2.073
2.301
1.863
2.172
1.955
1.928
1.862
2.085
2.18
1.901
2.127
1.743
2.178
2.208
0.945
1.74
1.805
0.188
0.488
1.782
0.022
1.074
0.0
0.219
0.331
0.085
1.919
1.103
1.817
0.376
0.086
1.934
0.954
0.793
0.072
0.216
0.189
0.732
1.002
0.235
0.636
0.583
0.966
0.731
0.065
0.124
0.744
0.176
0.687
1.731
0.1
1.047
1.829
0.739
0.411
0.419
0.287
0.04
0.133
1.897
0.092
1.739
0.128
1.04
1.219
2.341
1.964
2.004
2.432
2.102
2.0
2.227
2.493
2.244
2.437
2.213
2.329
2.132
2.442
2.021
2.026
2.247
2.141
2.423
2.553
2.302
2.456
2.411
2.503
2.387
2.459
2.341
2.319
2.262
2.348
2.261
2.326
2.398
2.419
2.514
1.937
2.267
2.495
2.057
2.366
2.148
2.121
2.055
2.279
2.373
2.094
2.32
1.936
2.372
2.401
1.124
1.945
2.003
0.122
0.688
1.986
0.24
1.24
0.219
0.0
0.51
0.151
2.122
1.28
2.017
0.59
0.191
2.136
1.121
0.694
0.204
0.064
0.03
0.639
1.178
0.023
0.59
0.541
1.156
0.693
0.18
0.236
0.69
0.133
0.583
1.932
0.171
1.211
2.035
0.696
0.604
0.617
0.503
0.179
0.096
2.094
0.201
1.936
0.115
1.217
0.994
2.116
1.74
1.78
2.207
1.878
1.776
2.002
2.268
2.02
2.213
1.988
2.104
1.908
2.218
1.796
1.801
2.022
1.916
2.198
2.329
2.077
2.231
2.186
2.278
2.162
2.234
2.116
2.094
2.037
2.123
2.036
2.101
2.173
2.195
2.289
1.713
2.042
2.27
1.832
2.141
1.923
1.897
1.831
2.054
2.148
1.87
2.096
1.712
2.147
2.177
0.617
1.634
1.726
0.412
0.192
1.681
0.314
0.743
0.331
0.51
0.0
0.363
1.818
0.774
1.731
0.187
0.415
1.841
0.623
1.119
0.31
0.474
0.485
1.057
0.673
0.517
0.948
0.896
0.646
1.038
0.396
0.275
1.056
0.396
1.016
1.645
0.431
0.716
1.716
1.047
0.104
0.126
0.179
0.361
0.415
1.819
0.31
1.666
0.396
0.711
1.11
2.233
1.856
1.896
2.324
1.994
1.892
2.119
2.384
2.136
2.329
2.104
2.221
2.024
2.334
1.913
1.917
2.139
2.033
2.314
2.445
2.194
2.347
2.302
2.395
2.279
2.351
2.233
2.21
2.154
2.24
2.152
2.217
2.29
2.311
2.405
1.829
2.158
2.386
1.948
2.257
2.04
2.013
1.947
2.17
2.264
1.986
2.212
1.828
2.263
2.293
0.979
1.824
1.889
0.103
0.537
1.867
0.103
1.1
0.085
0.151
0.363
0.0
2.003
1.136
1.902
0.44
0.121
2.019
0.98
0.792
0.053
0.135
0.124
0.732
1.034
0.163
0.653
0.601
1.008
0.753
0.094
0.098
0.76
0.093
0.683
1.816
0.119
1.072
1.912
0.759
0.454
0.466
0.354
0.055
0.056
1.981
0.056
1.824
0.045
1.073
0.914
2.036
1.659
1.699
2.127
1.797
1.695
1.922
2.188
1.939
2.132
1.908
2.024
1.827
2.137
1.716
1.721
1.942
1.836
2.118
2.248
1.997
2.151
2.106
2.198
2.082
2.154
2.036
2.014
1.957
2.043
1.956
2.021
2.093
2.114
2.209
1.632
1.961
2.19
1.752
2.061
1.843
1.816
1.75
1.974
2.068
1.789
2.015
1.631
2.067
2.096
1.687
0.184
0.163
2.104
1.661
0.138
1.9
1.794
1.919
2.122
1.818
2.003
0.0
1.712
0.127
1.637
1.932
0.051
1.779
2.216
1.97
2.134
2.094
2.171
1.707
2.143
2.012
1.997
1.583
2.003
1.943
1.985
2.055
2.09
2.19
0.198
1.952
1.813
0.116
2.021
1.731
1.704
1.691
1.956
2.051
0.137
1.987
0.23
2.047
1.701
1.224
2.346
1.969
2.009
2.437
2.107
2.005
2.232
2.498
2.249
2.442
2.218
2.334
2.137
2.447
2.026
2.031
2.252
2.146
2.428
2.558
2.307
2.461
2.416
2.508
2.392
2.464
2.346
2.324
2.267
2.353
2.266
2.331
2.403
2.424
2.519
1.942
2.271
2.5
2.062
2.371
2.153
2.126
2.06
2.284
2.378
2.099
2.325
1.941
2.377
2.406
0.159
1.543
1.687
1.171
0.63
1.592
1.085
0.093
1.103
1.28
0.774
1.136
1.712
0.0
1.674
0.778
1.184
1.752
0.172
1.878
1.083
1.236
1.256
1.814
0.102
1.283
1.689
1.639
0.186
1.767
1.168
1.044
1.794
1.156
1.779
1.599
1.202
0.124
1.596
1.779
0.695
0.692
0.86
1.135
1.186
1.77
1.082
1.651
1.166
0.064
0.802
1.925
1.548
1.588
2.016
1.686
1.584
1.811
2.076
1.828
2.021
1.796
1.913
1.716
2.026
1.605
1.609
1.831
1.725
2.006
2.137
1.886
2.039
1.994
2.087
1.971
2.043
1.925
1.902
1.846
1.932
1.844
1.909
1.982
2.003
2.098
1.521
1.85
2.078
1.64
1.949
1.732
1.705
1.639
1.862
1.957
1.678
1.904
1.52
1.955
1.985
1.638
0.137
0.041
2.003
1.58
0.096
1.799
1.753
1.817
2.017
1.731
1.902
0.127
1.674
0.0
1.548
1.827
0.121
1.73
2.093
1.871
2.032
1.99
2.049
1.662
2.038
1.891
1.877
1.535
1.88
1.839
1.888
1.932
1.99
2.069
0.087
1.847
1.769
0.145
1.898
1.647
1.62
1.598
1.853
1.948
0.097
1.888
0.103
1.945
1.659
0.807
1.929
1.553
1.593
2.02
1.69
1.589
1.815
2.081
1.832
2.026
1.801
1.917
1.721
2.031
1.609
1.614
1.835
1.729
2.011
2.142
1.89
2.044
1.999
2.091
1.975
2.047
1.929
1.907
1.85
1.936
1.849
1.914
1.986
2.007
2.102
1.526
1.855
2.083
1.645
1.954
1.736
1.71
1.644
1.867
1.961
1.683
1.909
1.524
1.96
1.99
0.621
1.454
1.542
0.519
0.154
1.5
0.354
0.769
0.376
0.59
0.187
0.44
1.637
0.778
1.548
0.0
0.441
1.659
0.654
1.104
0.391
0.571
0.561
1.041
0.68
0.602
0.911
0.861
0.619
0.989
0.432
0.381
1.016
0.503
1.009
1.461
0.462
0.749
1.538
1.001
0.138
0.118
0.09
0.414
0.496
1.635
0.4
1.481
0.482
0.715
1.028
2.15
1.774
1.814
2.242
1.912
1.81
2.037
2.302
2.054
2.247
2.022
2.139
1.942
2.252
1.831
1.835
2.057
1.951
2.232
2.363
2.112
2.265
2.22
2.313
2.197
2.269
2.151
2.128
2.071
2.157
2.07
2.135
2.208
2.229
2.323
1.747
2.076
2.304
1.866
2.175
1.958
1.931
1.865
2.088
2.182
1.904
2.13
1.746
2.181
2.211
1.026
1.755
1.812
0.212
0.564
1.796
0.101
1.157
0.086
0.191
0.415
0.121
1.932
1.184
1.827
0.441
0.0
1.945
1.037
0.707
0.142
0.214
0.164
0.646
1.083
0.212
0.551
0.498
1.043
0.647
0.027
0.199
0.658
0.206
0.602
1.741
0.022
1.131
1.845
0.654
0.49
0.496
0.35
0.074
0.138
1.903
0.159
1.745
0.147
1.121
0.922
2.044
1.668
1.708
2.135
1.806
1.704
1.931
2.196
1.948
2.141
1.916
2.033
1.836
2.146
1.725
1.729
1.951
1.844
2.126
2.257
2.005
2.159
2.114
2.206
2.09
2.162
2.044
2.022
1.965
2.051
1.964
2.029
2.101
2.123
2.217
1.641
1.97
2.198
1.76
2.069
1.851
1.825
1.759
1.982
2.076
1.798
2.024
1.64
2.075
2.105
1.724
0.214
0.147
2.12
1.687
0.165
1.916
1.834
1.934
2.136
1.841
2.019
0.051
1.752
0.121
1.659
1.945
0.0
1.816
2.213
1.987
2.149
2.108
2.169
1.746
2.156
2.012
1.997
1.621
2.0
1.957
2.003
2.051
2.106
2.189
0.204
1.965
1.852
0.16
2.017
1.756
1.728
1.711
1.971
2.066
0.095
2.004
0.218
2.062
1.741
1.204
2.326
1.949
1.989
2.417
2.087
1.986
2.212
2.478
2.229
2.423
2.198
2.314
2.118
2.428
2.006
2.011
2.232
2.126
2.408
2.539
2.287
2.441
2.396
2.488
2.372
2.444
2.326
2.304
2.247
2.333
2.246
2.311
2.383
2.404
2.499
1.922
2.252
2.48
2.042
2.351
2.133
2.107
2.04
2.264
2.358
2.08
2.306
1.921
2.357
2.387
0.092
1.604
1.739
1.01
0.5
1.653
0.937
0.12
0.954
1.121
0.623
0.98
1.779
0.172
1.73
0.654
1.037
1.816
0.0
1.738
0.929
1.075
1.098
1.675
0.09
1.123
1.557
1.506
0.196
1.639
1.019
0.886
1.663
0.995
1.637
1.651
1.054
0.095
1.664
1.65
0.554
0.555
0.728
0.983
1.029
1.826
0.925
1.698
1.008
0.121
1.335
2.457
2.08
2.12
2.548
2.218
2.116
2.343
2.609
2.36
2.553
2.329
2.445
2.248
2.558
2.137
2.142
2.363
2.257
2.539
2.669
2.418
2.571
2.526
2.619
2.503
2.575
2.457
2.435
2.378
2.464
2.377
2.442
2.514
2.535
2.63
2.053
2.382
2.61
2.172
2.481
2.264
2.237
2.171
2.395
2.489
2.21
2.436
2.052
2.487
2.517
1.719
2.065
2.067
0.814
1.248
2.094
0.808
1.857
0.793
0.694
1.119
0.792
2.216
1.878
2.093
1.104
0.707
2.213
1.738
0.0
0.836
0.758
0.704
0.063
1.777
0.706
0.218
0.256
1.723
0.215
0.729
0.889
0.163
0.822
0.111
2.018
0.694
1.833
2.157
0.198
1.185
1.186
1.019
0.771
0.759
2.146
0.846
1.995
0.781
1.814
1.083
2.205
1.829
1.869
2.297
1.967
1.865
2.092
2.357
2.109
2.302
2.077
2.194
1.997
2.307
1.886
1.89
2.112
2.005
2.287
2.418
2.167
2.32
2.275
2.367
2.251
2.323
2.205
2.183
2.126
2.212
2.125
2.19
2.263
2.284
2.378
1.802
2.131
2.359
1.921
2.23
2.013
1.986
1.92
2.143
2.237
1.959
2.185
1.801
2.236
2.266
0.926
1.79
1.859
0.135
0.485
1.833
0.08
1.048
0.072
0.204
0.31
0.053
1.97
1.083
1.871
0.391
0.142
1.987
0.929
0.836
0.0
0.18
0.176
0.776
0.982
0.213
0.69
0.637
0.955
0.788
0.116
0.056
0.797
0.12
0.728
1.784
0.148
1.02
1.878
0.794
0.401
0.414
0.307
0.069
0.108
1.951
0.02
1.794
0.092
1.02
1.237
2.359
1.982
2.022
2.45
2.12
2.019
2.245
2.511
2.262
2.456
2.231
2.347
2.151
2.461
2.039
2.044
2.265
2.159
2.441
2.571
2.32
2.474
2.429
2.521
2.405
2.477
2.359
2.337
2.28
2.366
2.279
2.344
2.416
2.437
2.532
1.955
2.285
2.513
2.075
2.384
2.166
2.139
2.073
2.297
2.391
2.113
2.338
1.954
2.39
2.419
1.082
1.956
2.018
0.066
0.658
1.998
0.236
1.193
0.216
0.064
0.474
0.135
2.134
1.236
2.032
0.571
0.214
2.149
1.075
0.758
0.18
0.0
0.066
0.704
1.135
0.053
0.654
0.604
1.118
0.757
0.196
0.199
0.754
0.08
0.647
1.946
0.198
1.163
2.045
0.759
0.572
0.587
0.488
0.179
0.083
2.11
0.171
1.952
0.091
1.174
1.192
2.314
1.937
1.977
2.405
2.075
1.974
2.2
2.466
2.217
2.411
2.186
2.302
2.106
2.416
1.994
1.999
2.22
2.114
2.396
2.526
2.275
2.429
2.384
2.476
2.36
2.432
2.314
2.292
2.235
2.321
2.234
2.299
2.371
2.392
2.487
1.91
2.24
2.468
2.03
2.339
2.121
2.094
2.028
2.252
2.346
2.068
2.293
1.909
2.345
2.375
1.099
1.917
1.976
0.111
0.661
1.958
0.211
1.217
0.189
0.03
0.485
0.124
2.094
1.256
1.99
0.561
0.164
2.108
1.098
0.704
0.176
0.066
0.0
0.648
1.154
0.048
0.591
0.541
1.13
0.694
0.152
0.212
0.693
0.119
0.593
1.904
0.145
1.188
2.006
0.697
0.577
0.59
0.474
0.149
0.069
2.067
0.175
1.909
0.09
1.193
1.284
2.406
2.03
2.07
2.497
2.168
2.066
2.293
2.558
2.31
2.503
2.278
2.395
2.198
2.508
2.087
2.091
2.313
2.206
2.488
2.619
2.367
2.521
2.476
2.568
2.452
2.524
2.406
2.384
2.327
2.413
2.326
2.391
2.463
2.485
2.579
2.003
2.332
2.56
2.122
2.431
2.213
2.187
2.121
2.344
2.438
2.16
2.386
2.002
2.437
2.467
1.655
2.018
2.024
0.758
1.185
2.048
0.746
1.794
0.732
0.639
1.057
0.732
2.171
1.814
2.049
1.041
0.646
2.169
1.675
0.063
0.776
0.704
0.648
0.0
1.714
0.652
0.163
0.195
1.659
0.183
0.668
0.829
0.135
0.766
0.065
1.973
0.633
1.77
2.11
0.168
1.122
1.123
0.956
0.71
0.701
2.104
0.786
1.952
0.723
1.751
1.168
2.29
1.914
1.954
2.381
2.052
1.95
2.177
2.442
2.194
2.387
2.162
2.279
2.082
2.392
1.971
1.975
2.197
2.09
2.372
2.503
2.251
2.405
2.36
2.452
2.336
2.408
2.29
2.268
2.211
2.297
2.21
2.275
2.347
2.369
2.463
1.887
2.216
2.444
2.006
2.315
2.097
2.071
2.005
2.228
2.322
2.044
2.27
1.886
2.321
2.351
0.06
1.534
1.673
1.07
0.531
1.584
0.983
0.106
1.002
1.178
0.673
1.034
1.707
0.102
1.662
0.68
1.083
1.746
0.09
1.777
0.982
1.135
1.154
1.714
0.0
1.182
1.59
1.54
0.13
1.669
1.067
0.942
1.696
1.055
1.678
1.585
1.101
0.11
1.592
1.681
0.594
0.592
0.76
1.033
1.085
1.758
0.98
1.634
1.064
0.039
1.24
2.362
1.986
2.026
2.453
2.124
2.022
2.249
2.514
2.266
2.459
2.234
2.351
2.154
2.464
2.043
2.047
2.269
2.162
2.444
2.575
2.323
2.477
2.432
2.524
2.408
2.48
2.362
2.34
2.283
2.369
2.282
2.347
2.419
2.441
2.535
1.959
2.288
2.516
2.078
2.387
2.169
2.143
2.077
2.3
2.394
2.116
2.342
1.958
2.393
2.423
1.128
1.966
2.024
0.117
0.697
2.007
0.256
1.242
0.235
0.023
0.517
0.163
2.143
1.283
2.038
0.602
0.212
2.156
1.123
0.706
0.213
0.053
0.048
0.652
1.182
0.0
0.607
0.559
1.162
0.71
0.2
0.241
0.706
0.13
0.595
1.953
0.193
1.213
2.055
0.712
0.612
0.626
0.516
0.195
0.106
2.115
0.208
1.957
0.122
1.221
1.122
2.244
1.868
1.908
2.335
2.006
1.904
2.131
2.396
2.148
2.341
2.116
2.233
2.036
2.346
1.925
1.929
2.151
2.044
2.326
2.457
2.205
2.359
2.314
2.406
2.29
2.362
2.244
2.222
2.165
2.251
2.164
2.229
2.301
2.323
2.417
1.841
2.17
2.398
1.96
2.269
2.051
2.025
1.959
2.182
2.276
1.998
2.224
1.84
2.275
2.305
1.531
1.857
1.866
0.699
1.06
1.888
0.647
1.675
0.636
0.59
0.948
0.653
2.012
1.689
1.891
0.911
0.551
2.012
1.557
0.218
0.69
0.654
0.591
0.163
1.59
0.607
0.0
0.053
1.528
0.104
0.576
0.746
0.108
0.704
0.179
1.814
0.542
1.652
1.95
0.106
1.004
1.001
0.83
0.622
0.633
1.948
0.704
1.795
0.653
1.626
1.1
2.222
1.846
1.886
2.313
1.984
1.882
2.108
2.374
2.126
2.319
2.094
2.21
2.014
2.324
1.902
1.907
2.128
2.022
2.304
2.435
2.183
2.337
2.292
2.384
2.268
2.34
2.222
2.2
2.143
2.229
2.142
2.207
2.279
2.3
2.395
1.819
2.148
2.376
1.938
2.247
2.029
2.003
1.937
2.16
2.254
1.976
2.202
1.817
2.253
2.283
1.48
1.839
1.852
0.649
1.009
1.871
0.594
1.623
0.583
0.541
0.896
0.601
1.997
1.639
1.877
0.861
0.498
1.997
1.506
0.256
0.637
0.604
0.541
0.195
1.54
0.559
0.053
0.0
1.479
0.153
0.523
0.693
0.161
0.653
0.195
1.798
0.489
1.601
1.931
0.158
0.952
0.95
0.779
0.569
0.581
1.935
0.651
1.781
0.602
1.576
1.043
2.165
1.789
1.829
2.256
1.927
1.825
2.052
2.317
2.069
2.262
2.037
2.154
1.957
2.267
1.846
1.85
2.071
1.965
2.247
2.378
2.126
2.28
2.235
2.327
2.211
2.283
2.165
2.143
2.086
2.172
2.085
2.15
2.222
2.244
2.338
1.762
2.091
2.319
1.881
2.19
1.972
1.946
1.88
2.103
2.197
1.919
2.145
1.761
2.196
2.226
0.105
1.409
1.545
1.055
0.479
1.458
0.946
0.232
0.966
1.156
0.646
1.008
1.583
0.186
1.535
0.619
1.043
1.621
0.196
1.723
0.955
1.118
1.13
1.659
0.13
1.162
1.528
1.479
0.0
1.602
1.029
0.921
1.632
1.039
1.627
1.457
1.062
0.24
1.468
1.615
0.555
0.547
0.705
1.0
1.061
1.632
0.956
1.506
1.042
0.14
1.129
2.251
1.875
1.915
2.342
2.013
1.911
2.138
2.403
2.155
2.348
2.123
2.24
2.043
2.353
1.932
1.936
2.157
2.051
2.333
2.464
2.212
2.366
2.321
2.413
2.297
2.369
2.251
2.229
2.172
2.258
2.171
2.236
2.308
2.33
2.424
1.848
2.177
2.405
1.967
2.276
2.058
2.032
1.966
2.189
2.283
2.005
2.231
1.847
2.282
2.312
1.61
1.854
1.853
0.802
1.14
1.882
0.741
1.756
0.731
0.693
1.038
0.753
2.003
1.767
1.88
0.989
0.647
2.0
1.639
0.215
0.788
0.757
0.694
0.183
1.669
0.71
0.104
0.153
1.602
0.0
0.673
0.844
0.052
0.806
0.229
1.805
0.64
1.734
1.946
0.018
1.088
1.084
0.911
0.719
0.734
1.932
0.802
1.782
0.755
1.704
1.042
2.164
1.788
1.828
2.255
1.926
1.824
2.05
2.316
2.068
2.261
2.036
2.152
1.956
2.266
1.844
1.849
2.07
1.964
2.246
2.377
2.125
2.279
2.234
2.326
2.21
2.282
2.164
2.142
2.085
2.171
2.084
2.149
2.221
2.243
2.337
1.761
2.09
2.318
1.88
2.189
1.971
1.945
1.879
2.102
2.196
1.918
2.144
1.76
2.195
2.225
1.009
1.766
1.825
0.188
0.551
1.807
0.083
1.139
0.065
0.18
0.396
0.094
1.943
1.168
1.839
0.432
0.027
1.957
1.019
0.729
0.116
0.196
0.152
0.668
1.067
0.2
0.576
0.523
1.029
0.673
0.0
0.172
0.683
0.181
0.623
1.753
0.035
1.112
1.855
0.68
0.475
0.482
0.342
0.047
0.117
1.916
0.132
1.758
0.123
1.104
1.107
2.229
1.852
1.892
2.32
1.99
1.889
2.115
2.381
2.132
2.326
2.101
2.217
2.021
2.331
1.909
1.914
2.135
2.029
2.311
2.442
2.19
2.344
2.299
2.391
2.275
2.347
2.229
2.207
2.15
2.236
2.149
2.214
2.286
2.307
2.402
1.825
2.155
2.383
1.945
2.254
2.036
2.01
1.943
2.167
2.261
1.983
2.209
1.824
2.26
2.29
0.888
1.804
1.877
0.14
0.459
1.848
0.126
1.006
0.124
0.236
0.275
0.098
1.985
1.044
1.888
0.381
0.199
2.003
0.886
0.889
0.056
0.199
0.212
0.829
0.942
0.241
0.746
0.693
0.921
0.844
0.172
0.0
0.853
0.124
0.78
1.801
0.204
0.977
1.891
0.85
0.373
0.388
0.304
0.125
0.143
1.97
0.043
1.813
0.122
0.981
1.179
2.301
1.925
1.965
2.392
2.063
1.961
2.188
2.453
2.205
2.398
2.173
2.29
2.093
2.403
1.982
1.986
2.208
2.101
2.383
2.514
2.263
2.416
2.371
2.463
2.347
2.419
2.301
2.279
2.222
2.308
2.221
2.286
2.358
2.38
2.474
1.898
2.227
2.455
2.017
2.326
2.109
2.082
2.016
2.239
2.333
2.055
2.281
1.897
2.332
2.362
1.636
1.905
1.905
0.802
1.166
1.934
0.755
1.781
0.744
0.69
1.056
0.76
2.055
1.794
1.932
1.016
0.658
2.051
1.663
0.163
0.797
0.754
0.693
0.135
1.696
0.706
0.108
0.161
1.632
0.052
0.683
0.853
0.0
0.807
0.187
1.857
0.649
1.759
1.997
0.035
1.111
1.108
0.936
0.729
0.737
1.984
0.81
1.834
0.758
1.731
1.201
2.323
1.946
1.986
2.414
2.084
1.982
2.209
2.474
2.226
2.419
2.195
2.311
2.114
2.424
2.003
2.007
2.229
2.123
2.404
2.535
2.284
2.437
2.392
2.485
2.369
2.441
2.323
2.3
2.244
2.33
2.243
2.307
2.38
2.401
2.496
1.919
2.248
2.476
2.038
2.347
2.13
2.103
2.037
2.26
2.355
2.076
2.302
1.918
2.353
2.383
1.002
1.91
1.978
0.017
0.582
1.953
0.192
1.113
0.176
0.133
0.396
0.093
2.09
1.156
1.99
0.503
0.206
2.106
0.995
0.822
0.12
0.08
0.119
0.766
1.055
0.13
0.704
0.653
1.039
0.806
0.181
0.124
0.807
0.0
0.712
1.904
0.198
1.083
1.998
0.81
0.495
0.511
0.423
0.147
0.075
2.07
0.105
1.912
0.059
1.093
1.295
2.417
2.041
2.081
2.508
2.179
2.077
2.304
2.569
2.321
2.514
2.289
2.405
2.209
2.519
2.098
2.102
2.323
2.217
2.499
2.63
2.378
2.532
2.487
2.579
2.463
2.535
2.417
2.395
2.338
2.424
2.337
2.402
2.474
2.496
2.59
2.014
2.343
2.571
2.133
2.442
2.224
2.198
2.132
2.355
2.449
2.171
2.397
2.013
2.448
2.478
1.62
2.033
2.044
0.703
1.15
2.065
0.703
1.756
0.687
0.583
1.016
0.683
2.19
1.779
2.069
1.009
0.602
2.189
1.637
0.111
0.728
0.647
0.593
0.065
1.678
0.595
0.179
0.195
1.627
0.229
0.623
0.78
0.187
0.712
0.0
1.991
0.588
1.731
2.126
0.216
1.085
1.086
0.922
0.664
0.649
2.126
0.737
1.973
0.671
1.715
0.719
1.841
1.464
1.504
1.932
1.602
1.5
1.727
1.993
1.744
1.937
1.713
1.829
1.632
1.942
1.521
1.526
1.747
1.641
1.922
2.053
1.802
1.955
1.91
2.003
1.887
1.959
1.841
1.819
1.762
1.848
1.761
1.825
1.898
1.919
2.014
1.437
1.766
1.994
1.556
1.865
1.648
1.621
1.555
1.778
1.873
1.594
1.82
1.436
1.871
1.901
1.559
0.101
0.088
1.917
1.494
0.092
1.713
1.677
1.731
1.932
1.645
1.816
0.198
1.599
0.087
1.461
1.741
0.204
1.651
2.018
1.784
1.946
1.904
1.973
1.585
1.953
1.814
1.798
1.457
1.805
1.753
1.801
1.857
1.904
1.991
0.0
1.761
1.693
0.163
1.823
1.561
1.534
1.511
1.768
1.863
0.177
1.801
0.076
1.859
1.583
1.048
2.17
1.793
1.833
2.261
1.931
1.829
2.056
2.322
2.073
2.267
2.042
2.158
1.961
2.271
1.85
1.855
2.076
1.97
2.252
2.382
2.131
2.285
2.24
2.332
2.216
2.288
2.17
2.148
2.091
2.177
2.09
2.155
2.227
2.248
2.343
1.766
2.096
2.324
1.886
2.195
1.977
1.95
1.884
2.108
2.202
1.923
2.149
1.765
2.201
2.23
1.043
1.776
1.832
0.202
0.583
1.817
0.117
1.173
0.1
0.171
0.431
0.119
1.952
1.202
1.847
0.462
0.022
1.965
1.054
0.694
0.148
0.198
0.145
0.633
1.101
0.193
0.542
0.489
1.062
0.64
0.035
0.204
0.649
0.198
0.588
1.761
0.0
1.147
1.865
0.646
0.508
0.515
0.371
0.08
0.126
1.923
0.163
1.765
0.138
1.138
1.276
2.398
2.021
2.061
2.489
2.159
2.058
2.284
2.55
2.301
2.495
2.27
2.386
2.19
2.5
2.078
2.083
2.304
2.198
2.48
2.61
2.359
2.513
2.468
2.56
2.444
2.516
2.398
2.376
2.319
2.405
2.318
2.383
2.455
2.476
2.571
1.994
2.324
2.552
2.114
2.423
2.205
2.178
2.112
2.336
2.43
2.152
2.377
1.993
2.429
2.459
0.155
1.641
1.781
1.098
0.596
1.69
1.03
0.035
1.047
1.211
0.716
1.072
1.813
0.124
1.769
0.749
1.131
1.852
0.095
1.833
1.02
1.163
1.188
1.77
0.11
1.213
1.652
1.601
0.24
1.734
1.112
0.977
1.759
1.083
1.731
1.693
1.147
0.0
1.697
1.746
0.649
0.651
0.824
1.076
1.12
1.866
1.017
1.742
1.099
0.111
0.838
1.96
1.583
1.623
2.051
1.721
1.62
1.846
2.112
1.863
2.057
1.832
1.948
1.752
2.062
1.64
1.645
1.866
1.76
2.042
2.172
1.921
2.075
2.03
2.122
2.006
2.078
1.96
1.938
1.881
1.967
1.88
1.945
2.017
2.038
2.133
1.556
1.886
2.114
1.676
1.985
1.767
1.74
1.674
1.898
1.992
1.713
1.939
1.555
1.991
2.02
1.572
0.093
0.185
2.012
1.556
0.071
1.809
1.679
1.829
2.035
1.716
1.912
0.116
1.596
0.145
1.538
1.845
0.16
1.664
2.157
1.878
2.045
2.006
2.11
1.592
2.055
1.95
1.931
1.468
1.946
1.855
1.891
1.997
1.998
2.126
0.163
1.865
1.697
0.0
1.963
1.628
1.601
1.594
1.866
1.961
0.214
1.894
0.227
1.956
1.586
1.147
2.269
1.892
1.932
2.36
2.03
1.929
2.155
2.421
2.172
2.366
2.141
2.257
2.061
2.371
1.949
1.954
2.175
2.069
2.351
2.481
2.23
2.384
2.339
2.431
2.315
2.387
2.269
2.247
2.19
2.276
2.189
2.254
2.326
2.347
2.442
1.865
2.195
2.423
1.985
2.294
2.076
2.049
1.983
2.207
2.301
2.023
2.248
1.864
2.3
2.33
1.622
1.871
1.871
0.805
1.152
1.9
0.749
1.767
0.739
0.696
1.047
0.759
2.021
1.779
1.898
1.001
0.654
2.017
1.65
0.198
0.794
0.759
0.697
0.168
1.681
0.712
0.106
0.158
1.615
0.018
0.68
0.85
0.035
0.81
0.216
1.823
0.646
1.746
1.963
0.0
1.099
1.095
0.922
0.726
0.739
1.95
0.808
1.799
0.759
1.716
0.929
2.051
1.675
1.715
2.143
1.813
1.711
1.938
2.203
1.955
2.148
1.923
2.04
1.843
2.153
1.732
1.736
1.958
1.851
2.133
2.264
2.013
2.166
2.121
2.213
2.097
2.169
2.051
2.029
1.972
2.058
1.971
2.036
2.109
2.13
2.224
1.648
1.977
2.205
1.767
2.076
1.859
1.832
1.766
1.989
2.083
1.805
2.031
1.647
2.082
2.112
0.536
1.547
1.643
0.511
0.089
1.594
0.392
0.672
0.411
0.604
0.104
0.454
1.731
0.695
1.647
0.138
0.49
1.756
0.554
1.185
0.401
0.572
0.577
1.122
0.594
0.612
1.004
0.952
0.555
1.088
0.475
0.373
1.111
0.495
1.085
1.561
0.508
0.649
1.628
1.099
0.0
0.027
0.183
0.445
0.508
1.736
0.404
1.585
0.49
0.631
0.903
2.025
1.648
1.688
2.116
1.786
1.684
1.911
2.177
1.928
2.121
1.897
2.013
1.816
2.126
1.705
1.71
1.931
1.825
2.107
2.237
1.986
2.139
2.094
2.187
2.071
2.143
2.025
2.003
1.946
2.032
1.945
2.01
2.082
2.103
2.198
1.621
1.95
2.178
1.74
2.049
1.832
1.805
1.739
1.963
2.057
1.778
2.004
1.62
2.055
2.085
0.533
1.52
1.616
0.528
0.071
1.567
0.399
0.673
0.419
0.617
0.126
0.466
1.704
0.692
1.62
0.118
0.496
1.728
0.555
1.186
0.414
0.587
0.59
1.123
0.592
0.626
1.001
0.95
0.547
1.084
0.482
0.388
1.108
0.511
1.086
1.534
0.515
0.651
1.601
1.095
0.027
0.0
0.174
0.454
0.521
1.709
0.417
1.558
0.503
0.629
0.837
1.959
1.582
1.622
2.05
1.72
1.618
1.845
2.111
1.862
2.055
1.831
1.947
1.75
2.06
1.639
1.644
1.865
1.759
2.04
2.171
1.92
2.073
2.028
2.121
2.005
2.077
1.959
1.937
1.88
1.966
1.879
1.943
2.016
2.037
2.132
1.555
1.884
2.112
1.674
1.983
1.766
1.739
1.673
1.896
1.991
1.712
1.938
1.554
1.989
2.019
0.701
1.509
1.589
0.439
0.23
1.554
0.265
0.845
0.287
0.503
0.179
0.354
1.691
0.86
1.598
0.09
0.35
1.711
0.728
1.019
0.307
0.488
0.474
0.956
0.76
0.516
0.83
0.779
0.705
0.911
0.342
0.304
0.936
0.423
0.922
1.511
0.371
0.824
1.594
0.922
0.183
0.174
0.0
0.326
0.41
1.682
0.319
1.527
0.398
0.796
1.06
2.182
1.805
1.845
2.273
1.943
1.842
2.068
2.334
2.085
2.279
2.054
2.17
1.974
2.284
1.862
1.867
2.088
1.982
2.264
2.395
2.143
2.297
2.252
2.344
2.228
2.3
2.182
2.16
2.103
2.189
2.102
2.167
2.239
2.26
2.355
1.778
2.108
2.336
1.898
2.207
1.989
1.963
1.896
2.12
2.214
1.936
2.162
1.777
2.213
2.243
0.977
1.777
1.84
0.157
0.524
1.819
0.062
1.103
0.04
0.179
0.361
0.055
1.956
1.135
1.853
0.414
0.074
1.971
0.983
0.771
0.069
0.179
0.149
0.71
1.033
0.195
0.622
0.569
1.0
0.719
0.047
0.125
0.729
0.147
0.664
1.768
0.08
1.076
1.866
0.726
0.445
0.454
0.326
0.0
0.095
1.932
0.085
1.774
0.093
1.071
1.154
2.276
1.9
1.94
2.367
2.038
1.936
2.162
2.428
2.18
2.373
2.148
2.264
2.068
2.378
1.957
1.961
2.182
2.076
2.358
2.489
2.237
2.391
2.346
2.438
2.322
2.394
2.276
2.254
2.197
2.283
2.196
2.261
2.333
2.355
2.449
1.873
2.202
2.43
1.992
2.301
2.083
2.057
1.991
2.214
2.308
2.03
2.256
1.872
2.307
2.337
1.03
1.872
1.935
0.076
0.592
1.914
0.154
1.148
0.133
0.096
0.415
0.056
2.051
1.186
1.948
0.496
0.138
2.066
1.029
0.759
0.108
0.083
0.069
0.701
1.085
0.106
0.633
0.581
1.061
0.734
0.117
0.143
0.737
0.075
0.649
1.863
0.126
1.12
1.961
0.739
0.508
0.521
0.41
0.095
0.0
2.027
0.105
1.869
0.022
1.123
0.876
1.998
1.621
1.661
2.089
1.759
1.657
1.884
2.15
1.901
2.094
1.87
1.986
1.789
2.099
1.678
1.683
1.904
1.798
2.08
2.21
1.959
2.113
2.068
2.16
2.044
2.116
1.998
1.976
1.919
2.005
1.918
1.983
2.055
2.076
2.171
1.594
1.923
2.152
1.713
2.023
1.805
1.778
1.712
1.936
2.03
1.751
1.977
1.593
2.029
2.058
1.734
0.231
0.093
2.083
1.671
0.185
1.879
1.849
1.897
2.094
1.819
1.981
0.137
1.77
0.097
1.635
1.903
0.095
1.826
2.146
1.951
2.11
2.067
2.104
1.758
2.115
1.948
1.935
1.632
1.932
1.916
1.97
1.984
2.07
2.126
0.177
1.923
1.866
0.214
1.95
1.736
1.709
1.682
1.932
2.027
0.0
1.968
0.158
2.024
1.756
1.102
2.224
1.847
1.887
2.315
1.985
1.883
2.11
2.376
2.127
2.32
2.096
2.212
2.015
2.325
1.904
1.909
2.13
2.024
2.306
2.436
2.185
2.338
2.293
2.386
2.27
2.342
2.224
2.202
2.145
2.231
2.144
2.209
2.281
2.302
2.397
1.82
2.149
2.377
1.939
2.248
2.031
2.004
1.938
2.162
2.256
1.977
2.203
1.819
2.254
2.284
0.925
1.807
1.876
0.121
0.489
1.85
0.101
1.045
0.092
0.201
0.31
0.056
1.987
1.082
1.888
0.4
0.159
2.004
0.925
0.846
0.02
0.171
0.175
0.786
0.98
0.208
0.704
0.651
0.956
0.802
0.132
0.043
0.81
0.105
0.737
1.801
0.163
1.017
1.894
0.808
0.404
0.417
0.319
0.085
0.105
1.968
0.0
1.811
0.086
1.019
0.718
1.84
1.463
1.503
1.931
1.601
1.499
1.726
1.991
1.743
1.936
1.712
1.828
1.631
1.941
1.52
1.524
1.746
1.64
1.921
2.052
1.801
1.954
1.909
2.002
1.886
1.958
1.84
1.817
1.761
1.847
1.76
1.824
1.897
1.918
2.013
1.436
1.765
1.993
1.555
1.864
1.647
1.62
1.554
1.777
1.872
1.593
1.819
1.435
1.87
1.9
1.606
0.176
0.072
1.926
1.522
0.159
1.721
1.728
1.739
1.936
1.666
1.824
0.23
1.651
0.103
1.481
1.745
0.218
1.698
1.995
1.794
1.952
1.909
1.952
1.634
1.957
1.795
1.781
1.506
1.782
1.758
1.813
1.834
1.912
1.973
0.076
1.765
1.742
0.227
1.799
1.585
1.558
1.527
1.774
1.869
0.158
1.811
0.0
1.867
1.633
1.153
2.275
1.898
1.938
2.366
2.036
1.935
2.161
2.427
2.178
2.372
2.147
2.263
2.067
2.377
1.955
1.96
2.181
2.075
2.357
2.487
2.236
2.39
2.345
2.437
2.321
2.393
2.275
2.253
2.196
2.282
2.195
2.26
2.332
2.353
2.448
1.871
2.201
2.429
1.991
2.3
2.082
2.055
1.989
2.213
2.307
2.029
2.254
1.87
2.306
2.336
1.01
1.868
1.933
0.065
0.575
1.91
0.147
1.127
0.128
0.115
0.396
0.045
2.047
1.166
1.945
0.482
0.147
2.062
1.008
0.781
0.092
0.091
0.09
0.723
1.064
0.122
0.653
0.602
1.042
0.755
0.123
0.122
0.758
0.059
0.671
1.859
0.138
1.099
1.956
0.759
0.49
0.503
0.398
0.093
0.022
2.024
0.086
1.867
0.0
1.103
1.183
2.305
1.928
1.968
2.396
2.066
1.964
2.191
2.457
2.208
2.401
2.177
2.293
2.096
2.406
1.985
1.99
2.211
2.105
2.387
2.517
2.266
2.419
2.375
2.467
2.351
2.423
2.305
2.283
2.226
2.312
2.225
2.29
2.362
2.383
2.478
1.901
2.23
2.459
2.02
2.33
2.112
2.085
2.019
2.243
2.337
2.058
2.284
1.9
2.336
2.365
0.095
1.53
1.671
1.109
0.566
1.579
1.021
0.095
1.04
1.217
0.711
1.073
1.701
0.064
1.659
0.715
1.121
1.741
0.121
1.814
1.02
1.174
1.193
1.751
0.039
1.221
1.626
1.576
0.14
1.704
1.104
0.981
1.731
1.093
1.715
1.583
1.138
0.111
1.586
1.716
0.631
0.629
0.796
1.071
1.123
1.756
1.019
1.633
1.103
0.0
1.122
1000.0
1.868
1.908
2.335
2.006
1.904
2.131
2.396
2.148
2.341
2.116
2.233
2.036
2.346
1.925
1.929
2.15
2.044
2.326
2.457
2.205
2.359
2.314
2.406
2.29
2.362
2.244
2.222
2.165
2.251
2.164
2.229
2.301
2.323
2.417
1.841
2.17
2.398
1.96
2.269
2.051
2.025
1.959
2.182
2.276
1.998
2.224
1.84
2.275
2.305
2.244
1.868
1.908
2.335
2.006
1.904
2.131
2.396
2.148
2.341
2.116
2.233
2.036
2.346
1.925
1.929
2.15
2.044
2.326
2.457
2.205
2.359
2.314
2.406
2.29
2.362
2.244
2.222
2.165
2.251
2.164
2.229
2.301
2.323
2.417
1.841
2.17
2.398
1.96
2.269
2.051
2.025
1.959
2.182
2.276
1.998
2.224
1.84
2.275
2.305
0.746
1.868
1000.0
1.531
1.959
1.629
1.527
1.754
2.02
1.771
1.964
1.74
1.856
1.659
1.969
1.548
1.553
1.774
1.668
1.949
2.08
1.829
1.982
1.937
2.03
1.914
1.986
1.868
1.846
1.789
1.875
1.788
1.852
1.925
1.946
2.041
1.464
1.793
2.021
1.583
1.892
1.675
1.648
1.582
1.805
1.9
1.621
1.847
1.463
1.898
1.928
1.868
1.491
1.531
1.959
1.629
1.527
1.754
2.02
1.771
1.964
1.74
1.856
1.659
1.969
1.548
1.553
1.774
1.668
1.949
2.08
1.829
1.982
1.937
2.03
1.914
1.986
1.868
1.846
1.789
1.875
1.788
1.852
1.925
1.946
2.041
1.464
1.793
2.021
1.583
1.892
1.675
1.648
1.582
1.805
1.9
1.621
1.847
1.463
1.898
1.928
0.786
1.908
1.531
1000.0
1.999
1.669
1.567
1.794
2.06
1.811
2.004
1.78
1.896
1.699
2.009
1.588
1.593
1.814
1.708
1.989
2.12
1.869
2.022
1.977
2.07
1.954
2.026
1.908
1.886
1.829
1.915
1.828
1.892
1.965
1.986
2.081
1.504
1.833
2.061
1.623
1.932
1.715
1.688
1.622
1.845
1.94
1.661
1.887
1.503
1.938
1.968
1.908
1.531
1.571
1.999
1.669
1.567
1.794
2.06
1.811
2.004
1.78
1.896
1.699
2.009
1.588
1.593
1.814
1.708
1.989
2.12
1.869
2.022
1.977
2.07
1.954
2.026
1.908
1.886
1.829
1.915
1.828
1.892
1.965
1.986
2.081
1.504
1.833
2.061
1.623
1.932
1.715
1.688
1.622
1.845
1.94
1.661
1.887
1.503
1.938
1.968
1.213
2.335
1.959
1.999
1000.0
2.097
1.995
2.222
2.487
2.239
2.432
2.207
2.324
2.127
2.437
2.016
2.02
2.242
2.135
2.417
2.548
2.297
2.45
2.405
2.497
2.381
2.453
2.335
2.313
2.256
2.342
2.255
2.32
2.392
2.414
2.508
1.932
2.261
2.489
2.051
2.36
2.143
2.116
2.05
2.273
2.367
2.089
2.315
1.931
2.366
2.396
2.335
1.959
1.999
2.426
2.097
1.995
2.222
2.487
2.239
2.432
2.207
2.324
2.127
2.437
2.016
2.02
2.242
2.135
2.417
2.548
2.297
2.45
2.405
2.497
2.381
2.453
2.335
2.313
2.256
2.342
2.255
2.32
2.392
2.414
2.508
1.932
2.261
2.489
2.051
2.36
2.143
2.116
2.05
2.273
2.367
2.089
2.315
1.931
2.366
2.396
0.884
2.006
1.629
1.669
2.097
1000.0
1.665
1.892
2.158
1.909
2.102
1.878
1.994
1.797
2.107
1.686
1.69
1.912
1.806
2.087
2.218
1.967
2.12
2.075
2.168
2.052
2.124
2.006
1.984
1.927
2.013
1.926
1.99
2.063
2.084
2.179
1.602
1.931
2.159
1.721
2.03
1.813
1.786
1.72
1.943
2.038
1.759
1.985
1.601
2.036
2.066
2.006
1.629
1.669
2.097
1.767
1.665
1.892
2.158
1.909
2.102
1.878
1.994
1.797
2.107
1.686
1.69
1.912
1.806
2.087
2.218
1.967
2.12
2.075
2.168
2.052
2.124
2.006
1.984
1.927
2.013
1.926
1.99
2.063
2.084
2.179
1.602
1.931
2.159
1.721
2.03
1.813
1.786
1.72
1.943
2.038
1.759
1.985
1.601
2.036
2.066
0.782
1.904
1.527
1.567
1.995
1.665
1000.0
1.79
2.056
1.807
2.0
1.776
1.892
1.695
2.005
1.584
1.589
1.81
1.704
1.986
2.116
1.865
2.019
1.974
2.066
1.95
2.022
1.904
1.882
1.825
1.911
1.824
1.889
1.961
1.982
2.077
1.5
1.829
2.058
1.62
1.929
1.711
1.684
1.618
1.842
1.936
1.657
1.883
1.499
1.935
1.964
1.904
1.527
1.567
1.995
1.665
1.563
1.79
2.056
1.807
2.0
1.776
1.892
1.695
2.005
1.584
1.589
1.81
1.704
1.986
2.116
1.865
2.019
1.974
2.066
1.95
2.022
1.904
1.882
1.825
1.911
1.824
1.889
1.961
1.982
2.077
1.5
1.829
2.058
1.62
1.929
1.711
1.684
1.618
1.842
1.936
1.657
1.883
1.499
1.935
1.964
1.008
2.131
1.754
1.794
2.222
1.892
1.79
1000.0
2.282
2.034
2.227
2.002
2.119
1.922
2.232
1.811
1.815
2.037
1.931
2.212
2.343
2.092
2.245
2.2
2.293
2.177
2.249
2.131
2.108
2.052
2.138
2.05
2.115
2.188
2.209
2.304
1.727
2.056
2.284
1.846
2.155
1.938
1.911
1.845
2.068
2.162
1.884
2.11
1.726
2.161
2.191
2.131
1.754
1.794
2.222
1.892
1.79
2.017
2.282
2.034
2.227
2.002
2.119
1.922
2.232
1.811
1.815
2.037
1.931
2.212
2.343
2.092
2.245
2.2
2.293
2.177
2.249
2.131
2.108
2.052
2.138
2.05
2.115
2.188
2.209
2.304
1.727
2.056
2.284
1.846
2.155
1.938
1.911
1.845
2.068
2.162
1.884
2.11
1.726
2.161
2.191
1.274
2.396
2.02
2.06
2.487
2.158
2.056
2.282
1000.0
2.299
2.493
2.268
2.384
2.188
2.498
2.076
2.081
2.302
2.196
2.478
2.609
2.357
2.511
2.466
2.558
2.442
2.514
2.396
2.374
2.317
2.403
2.316
2.381
2.453
2.474
2.569
1.993
2.322
2.55
2.112
2.421
2.203
2.177
2.111
2.334
2.428
2.15
2.376
1.991
2.427
2.457
2.396
2.02
2.06
2.487
2.158
2.056
2.282
2.548
2.299
2.493
2.268
2.384
2.188
2.498
2.076
2.081
2.302
2.196
2.478
2.609
2.357
2.511
2.466
2.558
2.442
2.514
2.396
2.374
2.317
2.403
2.316
2.381
2.453
2.474
2.569
1.993
2.322
2.55
2.112
2.421
2.203
2.177
2.111
2.334
2.428
2.15
2.376
1.991
2.427
2.457
1.026
2.148
1.771
1.811
2.239
1.909
1.807
2.034
2.299
1000.0
2.244
2.02
2.136
1.939
2.249
1.828
1.832
2.054
1.948
2.229
2.36
2.109
2.262
2.217
2.31
2.194
2.266
2.148
2.126
2.069
2.155
2.068
2.132
2.205
2.226
2.321
1.744
2.073
2.301
1.863
2.172
1.955
1.928
1.862
2.085
2.18
1.901
2.127
1.743
2.178
2.208
2.148
1.771
1.811
2.239
1.909
1.807
2.034
2.299
2.051
2.244
2.02
2.136
1.939
2.249
1.828
1.832
2.054
1.948
2.229
2.36
2.109
2.262
2.217
2.31
2.194
2.266
2.148
2.126
2.069
2.155
2.068
2.132
2.205
2.226
2.321
1.744
2.073
2.301
1.863
2.172
1.955
1.928
1.862
2.085
2.18
1.901
2.127
1.743
2.178
2.208
1.219
2.341
1.964
2.004
2.432
2.102
2.0
2.227
2.493
2.244
1000.0
2.213
2.329
2.132
2.442
2.021
2.026
2.247
2.141
2.423
2.553
2.302
2.456
2.411
2.503
2.387
2.459
2.341
2.319
2.262
2.348
2.261
2.326
2.398
2.419
2.514
1.937
2.267
2.495
2.057
2.366
2.148
2.121
2.055
2.279
2.373
2.094
2.32
1.936
2.372
2.401
2.341
1.964
2.004
2.432
2.102
2.0
2.227
2.493
2.244
2.437
2.213
2.329
2.132
2.442
2.021
2.026
2.247
2.141
2.423
2.553
2.302
2.456
2.411
2.503
2.387
2.459
2.341
2.319
2.262
2.348
2.261
2.326
2.398
2.419
2.514
1.937
2.267
2.495
2.057
2.366
2.148
2.121
2.055
2.279
2.373
2.094
2.32
1.936
2.372
2.401
0.994
2.116
1.74
1.78
2.207
1.878
1.776
2.002
2.268
2.02
2.213
1000.0
2.104
1.908
2.218
1.796
1.801
2.022
1.916
2.198
2.329
2.077
2.231
2.186
2.278
2.162
2.234
2.116
2.094
2.037
2.123
2.036
2.101
2.173
2.195
2.289
1.713
2.042
2.27
1.832
2.141
1.923
1.897
1.831
2.054
2.148
1.87
2.096
1.712
2.147
2.177
2.116
1.74
1.78
2.207
1.878
1.776
2.002
2.268
2.02
2.213
1.988
2.104
1.908
2.218
1.796
1.801
2.022
1.916
2.198
2.329
2.077
2.231
2.186
2.278
2.162
2.234
2.116
2.094
2.037
2.123
2.036
2.101
2.173
2.195
2.289
1.713
2.042
2.27
1.832
2.141
1.923
1.897
1.831
2.054
2.148
1.87
2.096
1.712
2.147
2.177
1.11
2.233
1.856
1.896
2.324
1.994
1.892
2.119
2.384
2.136
2.329
2.104
1000.0
2.024
2.334
1.913
1.917
2.139
2.033
2.314
2.445
2.194
2.347
2.302
2.395
2.279
2.351
2.233
2.21
2.154
2.24
2.152
2.217
2.29
2.311
2.405
1.829
2.158
2.386
1.948
2.257
2.04
2.013
1.947
2.17
2.264
1.986
2.212
1.828
2.263
2.293
2.233
1.856
1.896
2.324
1.994
1.892
2.119
2.384
2.136
2.329
2.104
2.221
2.024
2.334
1.913
1.917
2.139
2.033
2.314
2.445
2.194
2.347
2.302
2.395
2.279
2.351
2.233
2.21
2.154
2.24
2.152
2.217
2.29
2.311
2.405
1.829
2.158
2.386
1.948
2.257
2.04
2.013
1.947
2.17
2.264
1.986
2.212
1.828
2.263
2.293
0.914
2.036
1.659
1.699
2.127
1.797
1.695
1.922
2.188
1.939
2.132
1.908
2.024
1000.0
2.137
1.716
1.721
1.942
1.836
2.118
2.248
1.997
2.151
2.106
2.198
2.082
2.154
2.036
2.014
1.957
2.043
1.956
2.021
2.093
2.114
2.209
1.632
1.961
2.19
1.752
2.061
1.843
1.816
1.75
1.974
2.068
1.789
2.015
1.631
2.067
2.096
2.036
1.659
1.699
2.127
1.797
1.695
1.922
2.188
1.939
2.132
1.908
2.024
1.827
2.137
1.716
1.721
1.942
1.836
2.118
2.248
1.997
2.151
2.106
2.198
2.082
2.154
2.036
2.014
1.957
2.043
1.956
2.021
2.093
2.114
2.209
1.632
1.961
2.19
1.752
2.061
1.843
1.816
1.75
1.974
2.068
1.789
2.015
1.631
2.067
2.096
1.224
2.346
1.969
2.009
2.437
2.107
2.005
2.232
2.498
2.249
2.442
2.218
2.334
2.137
1000.0
2.026
2.031
2.252
2.146
2.428
2.558
2.307
2.461
2.416
2.508
2.392
2.464
2.346
2.324
2.267
2.353
2.266
2.331
2.403
2.424
2.519
1.942
2.271
2.5
2.062
2.371
2.153
2.126
2.06
2.284
2.378
2.099
2.325
1.941
2.377
2.406
2.346
1.969
2.009
2.437
2.107
2.005
2.232
2.498
2.249
2.442
2.218
2.334
2.137
2.447
2.026
2.031
2.252
2.146
2.428
2.558
2.307
2.461
2.416
2.508
2.392
2.464
2.346
2.324
2.267
2.353
2.266
2.331
2.403
2.424
2.519
1.942
2.271
2.5
2.062
2.371
2.153
2.126
2.06
2.284
2.378
2.099
2.325
1.941
2.377
2.406
0.802
1.925
1.548
1.588
2.016
1.686
1.584
1.811
2.076
1.828
2.021
1.796
1.913
1.716
2.026
1000.0
1.609
1.831
1.725
2.006
2.137
1.886
2.039
1.994
2.087
1.971
2.043
1.925
1.902
1.846
1.932
1.844
1.909
1.982
2.003
2.098
1.521
1.85
2.078
1.64
1.949
1.732
1.705
1.639
1.862
1.957
1.678
1.904
1.52
1.955
1.985
1.925
1.548
1.588
2.016
1.686
1.584
1.811
2.076
1.828
2.021
1.796
1.913
1.716
2.026
1.605
1.609
1.831
1.725
2.006
2.137
1.886
2.039
1.994
2.087
1.971
2.043
1.925
1.902
1.846
1.932
1.844
1.909
1.982
2.003
2.098
1.521
1.85
2.078
1.64
1.949
1.732
1.705
1.639
1.862
1.957
1.678
1.904
1.52
1.955
1.985
0.807
1.929
1.553
1.593
2.02
1.69
1.589
1.815
2.081
1.832
2.026
1.801
1.917
1.721
2.031
1.609
1000.0
1.835
1.729
2.011
2.142
1.89
2.044
1.999
2.091
1.975
2.047
1.929
1.907
1.85
1.936
1.849
1.914
1.986
2.007
2.102
1.526
1.855
2.083
1.645
1.954
1.736
1.71
1.644
1.867
1.961
1.683
1.909
1.524
1.96
1.99
1.929
1.553
1.593
2.02
1.69
1.589
1.815
2.081
1.832
2.026
1.801
1.917
1.721
2.031
1.609
1.614
1.835
1.729
2.011
2.142
1.89
2.044
1.999
2.091
1.975
2.047
1.929
1.907
1.85
1.936
1.849
1.914
1.986
2.007
2.102
1.526
1.855
2.083
1.645
1.954
1.736
1.71
1.644
1.867
1.961
1.683
1.909
1.524
1.96
1.99
1.028
2.15
1.774
1.814
2.242
1.912
1.81
2.037
2.302
2.054
2.247
2.022
2.139
1.942
2.252
1.831
1.835
1000.0
1.951
2.232
2.363
2.112
2.265
2.22
2.313
2.197
2.269
2.151
2.128
2.071
2.157
2.07
2.135
2.208
2.229
2.323
1.747
2.076
2.304
1.866
2.175
1.958
1.931
1.865
2.088
2.182
1.904
2.13
1.746
2.181
2.211
2.15
1.774
1.814
2.242
1.912
1.81
2.037
2.302
2.054
2.247
2.022
2.139
1.942
2.252
1.831
1.835
2.057
1.951
2.232
2.363
2.112
2.265
2.22
2.313
2.197
2.269
2.151
2.128
2.071
2.157
2.07
2.135
2.208
2.229
2.323
1.747
2.076
2.304
1.866
2.175
1.958
1.931
1.865
2.088
2.182
1.904
2.13
1.746
2.181
2.211
0.922
2.044
1.668
1.708
2.135
1.806
1.704
1.931
2.196
1.948
2.141
1.916
2.033
1.836
2.146
1.725
1.729
1.951
1000.0
2.126
2.257
2.005
2.159
2.114
2.206
2.09
2.162
2.044
2.022
1.965
2.051
1.964
2.029
2.101
2.123
2.217
1.641
1.97
2.198
1.76
2.069
1.851
1.825
1.759
1.982
2.076
1.798
2.024
1.64
2.075
2.105
2.044
1.668
1.708
2.135
1.806
1.704
1.931
2.196
1.948
2.141
1.916
2.033
1.836
2.146
1.725
1.729
1.951
1.844
2.126
2.257
2.005
2.159
2.114
2.206
2.09
2.162
2.044
2.022
1.965
2.051
1.964
2.029
2.101
2.123
2.217
1.641
1.97
2.198
1.76
2.069
1.851
1.825
1.759
1.982
2.076
1.798
2.024
1.64
2.075
2.105
1.204
2.326
1.949
1.989
2.417
2.087
1.986
2.212
2.478
2.229
2.423
2.198
2.314
2.118
2.428
2.006
2.011
2.232
2.126
1000.0
2.539
2.287
2.441
2.396
2.488
2.372
2.444
2.326
2.304
2.247
2.333
2.246
2.311
2.383
2.404
2.499
1.922
2.252
2.48
2.042
2.351
2.133
2.107
2.04
2.264
2.358
2.08
2.306
1.921
2.357
2.387
2.326
1.949
1.989
2.417
2.087
1.986
2.212
2.478
2.229
2.423
2.198
2.314
2.118
2.428
2.006
2.011
2.232
2.126
2.408
2.539
2.287
2.441
2.396
2.488
2.372
2.444
2.326
2.304
2.247
2.333
2.246
2.311
2.383
2.404
2.499
1.922
2.252
2.48
2.042
2.351
2.133
2.107
2.04
2.264
2.358
2.08
2.306
1.921
2.357
2.387
1.335
2.457
2.08
2.12
2.548
2.218
2.116
2.343
2.609
2.36
2.553
2.329
2.445
2.248
2.558
2.137
2.142
2.363
2.257
2.539
1000.0
2.418
2.571
2.526
2.619
2.503
2.575
2.457
2.435
2.378
2.464
2.377
2.442
2.514
2.535
2.63
2.053
2.382
2.61
2.172
2.481
2.264
2.237
2.171
2.395
2.489
2.21
2.436
2.052
2.487
2.517
2.457
2.08
2.12
2.548
2.218
2.116
2.343
2.609
2.36
2.553
2.329
2.445
2.248
2.558
2.137
2.142
2.363
2.257
2.539
2.669
2.418
2.571
2.526
2.619
2.503
2.575
2.457
2.435
2.378
2.464
2.377
2.442
2.514
2.535
2.63
2.053
2.382
2.61
2.172
2.481
2.264
2.237
2.171
2.395
2.489
2.21
2.436
2.052
2.487
2.517
1.083
0.926
1.79
1.859
0.135
0.485
1.833
0.08
1.048
0.072
0.204
0.31
0.053
1.97
1.083
1.871
0.391
0.142
1.987
0.929
0.836
1000.0
2.32
2.275
2.367
2.251
2.323
2.205
2.183
2.126
2.212
2.125
2.19
2.263
2.284
2.378
1.802
2.131
2.359
1.921
2.23
2.013
1.986
1.92
2.143
2.237
1.959
2.185
1.801
2.236
2.266
2.205
1.829
1.869
2.297
1.967
1.865
2.092
2.357
2.109
2.302
2.077
2.194
1.997
2.307
1.886
1.89
2.112
2.005
2.287
2.418
2.167
2.32
2.275
2.367
2.251
2.323
2.205
2.183
2.126
2.212
2.125
2.19
2.263
2.284
2.378
1.802
2.131
2.359
1.921
2.23
2.013
1.986
1.92
2.143
2.237
1.959
2.185
1.801
2.236
2.266
1.237
1.082
1.956
2.018
0.066
0.658
1.998
0.236
1.193
0.216
0.064
0.474
0.135
2.134
1.236
2.032
0.571
0.214
2.149
1.075
0.758
2.32
1000.0
2.429
2.521
2.405
2.477
2.359
2.337
2.28
2.366
2.279
2.344
2.416
2.437
2.532
1.955
2.285
2.513
2.075
2.384
2.166
2.139
2.073
2.297
2.391
2.113
2.338
1.954
2.39
2.419
2.359
1.982
2.022
2.45
2.12
2.019
2.245
2.511
2.262
2.456
2.231
2.347
2.151
2.461
2.039
2.044
2.265
2.159
2.441
2.571
2.32
2.474
2.429
2.521
2.405
2.477
2.359
2.337
2.28
2.366
2.279
2.344
2.416
2.437
2.532
1.955
2.285
2.513
2.075
2.384
2.166
2.139
2.073
2.297
2.391
2.113
2.338
1.954
2.39
2.419
1.192
1.099
1.917
1.976
0.111
0.661
1.958
0.211
1.217
0.189
0.03
0.485
0.124
2.094
1.256
1.99
0.561
0.164
2.108
1.098
0.704
2.275
2.429
1000.0
2.476
2.36
2.432
2.314
2.292
2.235
2.321
2.234
2.299
2.371
2.392
2.487
1.91
2.24
2.468
2.03
2.339
2.121
2.094
2.028
2.252
2.346
2.068
2.293
1.909
2.345
2.375
2.314
1.937
1.977
2.405
2.075
1.974
2.2
2.466
2.217
2.411
2.186
2.302
2.106
2.416
1.994
1.999
2.22
2.114
2.396
2.526
2.275
2.429
2.384
2.476
2.36
2.432
2.314
2.292
2.235
2.321
2.234
2.299
2.371
2.392
2.487
1.91
2.24
2.468
2.03
2.339
2.121
2.094
2.028
2.252
2.346
2.068
2.293
1.909
2.345
2.375
1.284
1.655
2.018
2.024
0.758
1.185
2.048
0.746
1.794
0.732
0.639
1.057
0.732
2.171
1.814
2.049
1.041
0.646
2.169
1.675
0.063
2.367
2.521
2.476
1000.0
2.452
2.524
2.406
2.384
2.327
2.413
2.326
2.391
2.463
2.485
2.579
2.003
2.332
2.56
2.122
2.431
2.213
2.187
2.121
2.344
2.438
2.16
2.386
2.002
2.437
2.467
2.406
2.03
2.07
2.497
2.168
2.066
2.293
2.558
2.31
2.503
2.278
2.395
2.198
2.508
2.087
2.091
2.313
2.206
2.488
2.619
2.367
2.521
2.476
2.568
2.452
2.524
2.406
2.384
2.327
2.413
2.326
2.391
2.463
2.485
2.579
2.003
2.332
2.56
2.122
2.431
2.213
2.187
2.121
2.344
2.438
2.16
2.386
2.002
2.437
2.467
1.168
0.06
1.534
1.673
1.07
0.531
1.584
0.983
0.106
1.002
1.178
0.673
1.034
1.707
0.102
1.662
0.68
1.083
1.746
0.09
1.777
2.251
2.405
2.36
2.452
1000.0
2.408
2.29
2.268
2.211
2.297
2.21
2.275
2.347
2.369
2.463
1.887
2.216
2.444
2.006
2.315
2.097
2.071
2.005
2.228
2.322
2.044
2.27
1.886
2.321
2.351
2.29
1.914
1.954
2.381
2.052
1.95
2.177
2.442
2.194
2.387
2.162
2.279
2.082
2.392
1.971
1.975
2.197
2.09
2.372
2.503
2.251
2.405
2.36
2.452
2.336
2.408
2.29
2.268
2.211
2.297
2.21
2.275
2.347
2.369
2.463
1.887
2.216
2.444
2.006
2.315
2.097
2.071
2.005
2.228
2.322
2.044
2.27
1.886
2.321
2.351
1.24
1.128
1.966
2.024
0.117
0.697
2.007
0.256
1.242
0.235
0.023
0.517
0.163
2.143
1.283
2.038
0.602
0.212
2.156
1.123
0.706
2.323
2.477
2.432
2.524
2.408
1000.0
2.362
2.34
2.283
2.369
2.282
2.347
2.419
2.441
2.535
1.959
2.288
2.516
2.078
2.387
2.169
2.143
2.077
2.3
2.394
2.116
2.342
1.958
2.393
2.423
2.362
1.986
2.026
2.453
2.124
2.022
2.249
2.514
2.266
2.459
2.234
2.351
2.154
2.464
2.043
2.047
2.269
2.162
2.444
2.575
2.323
2.477
2.432
2.524
2.408
2.48
2.362
2.34
2.283
2.369
2.282
2.347
2.419
2.441
2.535
1.959
2.288
2.516
2.078
2.387
2.169
2.143
2.077
2.3
2.394
2.116
2.342
1.958
2.393
2.423
1.122
1.531
1.857
1.866
0.699
1.06
1.888
0.647
1.675
0.636
0.59
0.948
0.653
2.012
1.689
1.891
0.911
0.551
2.012
1.557
0.218
2.205
2.359
2.314
2.406
2.29
2.362
1000.0
2.222
2.165
2.251
2.164
2.229
2.301
2.323
2.417
1.841
2.17
2.398
1.96
2.269
2.051
2.025
1.959
2.182
2.276
1.998
2.224
1.84
2.275
2.305
2.244
1.868
1.908
2.335
2.006
1.904
2.131
2.396
2.148
2.341
2.116
2.233
2.036
2.346
1.925
1.929
2.151
2.044
2.326
2.457
2.205
2.359
2.314
2.406
2.29
2.362
2.244
2.222
2.165
2.251
2.164
2.229
2.301
2.323
2.417
1.841
2.17
2.398
1.96
2.269
2.051
2.025
1.959
2.182
2.276
1.998
2.224
1.84
2.275
2.305
1.1
1.48
1.839
1.852
0.649
1.009
1.871
0.594
1.623
0.583
0.541
0.896
0.601
1.997
1.639
1.877
0.861
0.498
1.997
1.506
0.256
2.183
2.337
2.292
2.384
2.268
2.34
2.222
1000.0
2.143
2.229
2.142
2.207
2.279
2.3
2.395
1.819
2.148
2.376
1.938
2.247
2.029
2.003
1.937
2.16
2.254
1.976
2.202
1.817
2.253
2.283
2.222
1.846
1.886
2.313
1.984
1.882
2.108
2.374
2.126
2.319
2.094
2.21
2.014
2.324
1.902
1.907
2.128
2.022
2.304
2.435
2.183
2.337
2.292
2.384
2.268
2.34
2.222
2.2
2.143
2.229
2.142
2.207
2.279
2.3
2.395
1.819
2.148
2.376
1.938
2.247
2.029
2.003
1.937
2.16
2.254
1.976
2.202
1.817
2.253
2.283
1.043
0.105
1.409
1.545
1.055
0.479
1.458
0.946
0.232
0.966
1.156
0.646
1.008
1.583
0.186
1.535
0.619
1.043
1.621
0.196
1.723
2.126
2.28
2.235
2.327
2.211
2.283
2.165
2.143
1000.0
2.172
2.085
2.15
2.222
2.244
2.338
1.762
2.091
2.319
1.881
2.19
1.972
1.946
1.88
2.103
2.197
1.919
2.145
1.761
2.196
2.226
2.165
1.789
1.829
2.256
1.927
1.825
2.052
2.317
2.069
2.262
2.037
2.154
1.957
2.267
1.846
1.85
2.071
1.965
2.247
2.378
2.126
2.28
2.235
2.327
2.211
2.283
2.165
2.143
2.086
2.172
2.085
2.15
2.222
2.244
2.338
1.762
2.091
2.319
1.881
2.19
1.972
1.946
1.88
2.103
2.197
1.919
2.145
1.761
2.196
2.226
1.129
1.61
1.854
1.853
0.802
1.14
1.882
0.741
1.756
0.731
0.693
1.038
0.753
2.003
1.767
1.88
0.989
0.647
2.0
1.639
0.215
2.212
2.366
2.321
2.413
2.297
2.369
2.251
2.229
2.172
1000.0
2.171
2.236
2.308
2.33
2.424
1.848
2.177
2.405
1.967
2.276
2.058
2.032
1.966
2.189
2.283
2.005
2.231
1.847
2.282
2.312
2.251
1.875
1.915
2.342
2.013
1.911
2.138
2.403
2.155
2.348
2.123
2.24
2.043
2.353
1.932
1.936
2.157
2.051
2.333
2.464
2.212
2.366
2.321
2.413
2.297
2.369
2.251
2.229
2.172
2.258
2.171
2.236
2.308
2.33
2.424
1.848
2.177
2.405
1.967
2.276
2.058
2.032
1.966
2.189
2.283
2.005
2.231
1.847
2.282
2.312
1.042
1.009
1.766
1.825
0.188
0.551
1.807
0.083
1.139
0.065
0.18
0.396
0.094
1.943
1.168
1.839
0.432
0.027
1.957
1.019
0.729
2.125
2.279
2.234
2.326
2.21
2.282
2.164
2.142
2.085
2.171
1000.0
2.149
2.221
2.243
2.337
1.761
2.09
2.318
1.88
2.189
1.971
1.945
1.879
2.102
2.196
1.918
2.144
1.76
2.195
2.225
2.164
1.788
1.828
2.255
1.926
1.824
2.05
2.316
2.068
2.261
2.036
2.152
1.956
2.266
1.844
1.849
2.07
1.964
2.246
2.377
2.125
2.279
2.234
2.326
2.21
2.282
2.164
2.142
2.085
2.171
2.084
2.149
2.221
2.243
2.337
1.761
2.09
2.318
1.88
2.189
1.971
1.945
1.879
2.102
2.196
1.918
2.144
1.76
2.195
2.225
1.107
0.888
1.804
1.877
0.14
0.459
1.848
0.126
1.006
0.124
0.236
0.275
0.098
1.985
1.044
1.888
0.381
0.199
2.003
0.886
0.889
2.19
2.344
2.299
2.391
2.275
2.347
2.229
2.207
2.15
2.236
2.149
1000.0
2.286
2.307
2.402
1.825
2.155
2.383
1.945
2.254
2.036
2.01
1.943
2.167
2.261
1.983
2.209
1.824
2.26
2.29
2.229
1.852
1.892
2.32
1.99
1.889
2.115
2.381
2.132
2.326
2.101
2.217
2.021
2.331
1.909
1.914
2.135
2.029
2.311
2.442
2.19
2.344
2.299
2.391
2.275
2.347
2.229
2.207
2.15
2.236
2.149
2.214
2.286
2.307
2.402
1.825
2.155
2.383
1.945
2.254
2.036
2.01
1.943
2.167
2.261
1.983
2.209
1.824
2.26
2.29
1.179
1.636
1.905
1.905
0.802
1.166
1.934
0.755
1.781
0.744
0.69
1.056
0.76
2.055
1.794
1.932
1.016
0.658
2.051
1.663
0.163
2.263
2.416
2.371
2.463
2.347
2.419
2.301
2.279
2.222
2.308
2.221
2.286
1000.0
2.38
2.474
1.898
2.227
2.455
2.017
2.326
2.109
2.082
2.016
2.239
2.333
2.055
2.281
1.897
2.332
2.362
2.301
1.925
1.965
2.392
2.063
1.961
2.188
2.453
2.205
2.398
2.173
2.29
2.093
2.403
1.982
1.986
2.208
2.101
2.383
2.514
2.263
2.416
2.371
2.463
2.347
2.419
2.301
2.279
2.222
2.308
2.221
2.286
2.358
2.38
2.474
1.898
2.227
2.455
2.017
2.326
2.109
2.082
2.016
2.239
2.333
2.055
2.281
1.897
2.332
2.362
1.201
1.002
1.91
1.978
0.017
0.582
1.953
0.192
1.113
0.176
0.133
0.396
0.093
2.09
1.156
1.99
0.503
0.206
2.106
0.995
0.822
2.284
2.437
2.392
2.485
2.369
2.441
2.323
2.3
2.244
2.33
2.243
2.307
2.38
1000.0
2.496
1.919
2.248
2.476
2.038
2.347
2.13
2.103
2.037
2.26
2.355
2.076
2.302
1.918
2.353
2.383
2.323
1.946
1.986
2.414
2.084
1.982
2.209
2.474
2.226
2.419
2.195
2.311
2.114
2.424
2.003
2.007
2.229
2.123
2.404
2.535
2.284
2.437
2.392
2.485
2.369
2.441
2.323
2.3
2.244
2.33
2.243
2.307
2.38
2.401
2.496
1.919
2.248
2.476
2.038
2.347
2.13
2.103
2.037
2.26
2.355
2.076
2.302
1.918
2.353
2.383
1.295
1.62
2.033
2.044
0.703
1.15
2.065
0.703
1.756
0.687
0.583
1.016
0.683
2.19
1.779
2.069
1.009
0.602
2.189
1.637
0.111
2.378
2.532
2.487
2.579
2.463
2.535
2.417
2.395
2.338
2.424
2.337
2.402
2.474
2.496
1000.0
2.014
2.343
2.571
2.133
2.442
2.224
2.198
2.132
2.355
2.449
2.171
2.397
2.013
2.448
2.478
2.417
2.041
2.081
2.508
2.179
2.077
2.304
2.569
2.321
2.514
2.289
2.405
2.209
2.519
2.098
2.102
2.323
2.217
2.499
2.63
2.378
2.532
2.487
2.579
2.463
2.535
2.417
2.395
2.338
2.424
2.337
2.402
2.474
2.496
2.59
2.014
2.343
2.571
2.133
2.442
2.224
2.198
2.132
2.355
2.449
2.171
2.397
2.013
2.448
2.478
0.719
1.559
0.101
0.088
1.917
1.494
0.092
1.713
1.677
1.731
1.932
1.645
1.816
0.198
1.599
0.087
1.461
1.741
0.204
1.651
2.018
1.802
1.955
1.91
2.003
1.887
1.959
1.841
1.819
1.762
1.848
1.761
1.825
1.898
1.919
2.014
1000.0
1.766
1.994
1.556
1.865
1.648
1.621
1.555
1.778
1.873
1.594
1.82
1.436
1.871
1.901
1.841
1.464
1.504
1.932
1.602
1.5
1.727
1.993
1.744
1.937
1.713
1.829
1.632
1.942
1.521
1.526
1.747
1.641
1.922
2.053
1.802
1.955
1.91
2.003
1.887
1.959
1.841
1.819
1.762
1.848
1.761
1.825
1.898
1.919
2.014
1.437
1.766
1.994
1.556
1.865
1.648
1.621
1.555
1.778
1.873
1.594
1.82
1.436
1.871
1.901
1.048
1.043
1.776
1.832
0.202
0.583
1.817
0.117
1.173
0.1
0.171
0.431
0.119
1.952
1.202
1.847
0.462
0.022
1.965
1.054
0.694
2.131
2.285
2.24
2.332
2.216
2.288
2.17
2.148
2.091
2.177
2.09
2.155
2.227
2.248
2.343
1.766
1000.0
2.324
1.886
2.195
1.977
1.95
1.884
2.108
2.202
1.923
2.149
1.765
2.201
2.23
2.17
1.793
1.833
2.261
1.931
1.829
2.056
2.322
2.073
2.267
2.042
2.158
1.961
2.271
1.85
1.855
2.076
1.97
2.252
2.382
2.131
2.285
2.24
2.332
2.216
2.288
2.17
2.148
2.091
2.177
2.09
2.155
2.227
2.248
2.343
1.766
2.096
2.324
1.886
2.195
1.977
1.95
1.884
2.108
2.202
1.923
2.149
1.765
2.201
2.23
1.276
0.155
1.641
1.781
1.098
0.596
1.69
1.03
0.035
1.047
1.211
0.716
1.072
1.813
0.124
1.769
0.749
1.131
1.852
0.095
1.833
2.359
2.513
2.468
2.56
2.444
2.516
2.398
2.376
2.319
2.405
2.318
2.383
2.455
2.476
2.571
1.994
2.324
1000.0
2.114
2.423
2.205
2.178
2.112
2.336
2.43
2.152
2.377
1.993
2.429
2.459
2.398
2.021
2.061
2.489
2.159
2.058
2.284
2.55
2.301
2.495
2.27
2.386
2.19
2.5
2.078
2.083
2.304
2.198
2.48
2.61
2.359
2.513
2.468
2.56
2.444
2.516
2.398
2.376
2.319
2.405
2.318
2.383
2.455
2.476
2.571
1.994
2.324
2.552
2.114
2.423
2.205
2.178
2.112
2.336
2.43
2.152
2.377
1.993
2.429
2.459
0.838
1.572
0.093
0.185
2.012
1.556
0.071
1.809
1.679
1.829
2.035
1.716
1.912
0.116
1.596
0.145
1.538
1.845
0.16
1.664
2.157
1.921
2.075
2.03
2.122
2.006
2.078
1.96
1.938
1.881
1.967
1.88
1.945
2.017
2.038
2.133
1.556
1.886
2.114
1000.0
1.985
1.767
1.74
1.674
1.898
1.992
1.713
1.939
1.555
1.991
2.02
1.96
1.583
1.623
2.051
1.721
1.62
1.846
2.112
1.863
2.057
1.832
1.948
1.752
2.062
1.64
1.645
1.866
1.76
2.042
2.172
1.921
2.075
2.03
2.122
2.006
2.078
1.96
1.938
1.881
1.967
1.88
1.945
2.017
2.038
2.133
1.556
1.886
2.114
1.676
1.985
1.767
1.74
1.674
1.898
1.992
1.713
1.939
1.555
1.991
2.02
1.147
1.622
1.871
1.871
0.805
1.152
1.9
0.749
1.767
0.739
0.696
1.047
0.759
2.021
1.779
1.898
1.001
0.654
2.017
1.65
0.198
2.23
2.384
2.339
2.431
2.315
2.387
2.269
2.247
2.19
2.276
2.189
2.254
2.326
2.347
2.442
1.865
2.195
2.423
1.985
1000.0
2.076
2.049
1.983
2.207
2.301
2.023
2.248
1.864
2.3
2.33
2.269
1.892
1.932
2.36
2.03
1.929
2.155
2.421
2.172
2.366
2.141
2.257
2.061
2.371
1.949
1.954
2.175
2.069
2.351
2.481
2.23
2.384
2.339
2.431
2.315
2.387
2.269
2.247
2.19
2.276
2.189
2.254
2.326
2.347
2.442
1.865
2.195
2.423
1.985
2.294
2.076
2.049
1.983
2.207
2.301
2.023
2.248
1.864
2.3
2.33
0.929
0.536
1.547
1.643
0.511
0.089
1.594
0.392
0.672
0.411
0.604
0.104
0.454
1.731
0.695
1.647
0.138
0.49
1.756
0.554
1.185
2.013
2.166
2.121
2.213
2.097
2.169
2.051
2.029
1.972
2.058
1.971
2.036
2.109
2.13
2.224
1.648
1.977
2.205
1.767
2.076
1000.0
1.832
1.766
1.989
2.083
1.805
2.031
1.647
2.082
2.112
2.051
1.675
1.715
2.143
1.813
1.711
1.938
2.203
1.955
2.148
1.923
2.04
1.843
2.153
1.732
1.736
1.958
1.851
2.133
2.264
2.013
2.166
2.121
2.213
2.097
2.169
2.051
2.029
1.972
2.058
1.971
2.036
2.109
2.13
2.224
1.648
1.977
2.205
1.767
2.076
1.859
1.832
1.766
1.989
2.083
1.805
2.031
1.647
2.082
2.112
0.903
0.533
1.52
1.616
0.528
0.071
1.567
0.399
0.673
0.419
0.617
0.126
0.466
1.704
0.692
1.62
0.118
0.496
1.728
0.555
1.186
1.986
2.139
2.094
2.187
2.071
2.143
2.025
2.003
1.946
2.032
1.945
2.01
2.082
2.103
2.198
1.621
1.95
2.178
1.74
2.049
1.832
1000.0
1.739
1.963
2.057
1.778
2.004
1.62
2.055
2.085
2.025
1.648
1.688
2.116
1.786
1.684
1.911
2.177
1.928
2.121
1.897
2.013
1.816
2.126
1.705
1.71
1.931
1.825
2.107
2.237
1.986
2.139
2.094
2.187
2.071
2.143
2.025
2.003
1.946
2.032
1.945
2.01
2.082
2.103
2.198
1.621
1.95
2.178
1.74
2.049
1.832
1.805
1.739
1.963
2.057
1.778
2.004
1.62
2.055
2.085
0.837
0.701
1.509
1.589
0.439
0.23
1.554
0.265
0.845
0.287
0.503
0.179
0.354
1.691
0.86
1.598
0.09
0.35
1.711
0.728
1.019
1.92
2.073
2.028
2.121
2.005
2.077
1.959
1.937
1.88
1.966
1.879
1.943
2.016
2.037
2.132
1.555
1.884
2.112
1.674
1.983
1.766
1.739
1000.0
1.896
1.991
1.712
1.938
1.554
1.989
2.019
1.959
1.582
1.622
2.05
1.72
1.618
1.845
2.111
1.862
2.055
1.831
1.947
1.75
2.06
1.639
1.644
1.865
1.759
2.04
2.171
1.92
2.073
2.028
2.121
2.005
2.077
1.959
1.937
1.88
1.966
1.879
1.943
2.016
2.037
2.132
1.555
1.884
2.112
1.674
1.983
1.766
1.739
1.673
1.896
1.991
1.712
1.938
1.554
1.989
2.019
1.06
0.977
1.777
1.84
0.157
0.524
1.819
0.062
1.103
0.04
0.179
0.361
0.055
1.956
1.135
1.853
0.414
0.074
1.971
0.983
0.771
2.143
2.297
2.252
2.344
2.228
2.3
2.182
2.16
2.103
2.189
2.102
2.167
2.239
2.26
2.355
1.778
2.108
2.336
1.898
2.207
1.989
1.963
1.896
1000.0
2.214
1.936
2.162
1.777
2.213
2.243
2.182
1.805
1.845
2.273
1.943
1.842
2.068
2.334
2.085
2.279
2.054
2.17
1.974
2.284
1.862
1.867
2.088
1.982
2.264
2.395
2.143
2.297
2.252
2.344
2.228
2.3
2.182
2.16
2.103
2.189
2.102
2.167
2.239
2.26
2.355
1.778
2.108
2.336
1.898
2.207
1.989
1.963
1.896
2.12
2.214
1.936
2.162
1.777
2.213
2.243
1.154
1.03
1.872
1.935
0.076
0.592
1.914
0.154
1.148
0.133
0.096
0.415
0.056
2.051
1.186
1.948
0.496
0.138
2.066
1.029
0.759
2.237
2.391
2.346
2.438
2.322
2.394
2.276
2.254
2.197
2.283
2.196
2.261
2.333
2.355
2.449
1.873
2.202
2.43
1.992
2.301
2.083
2.057
1.991
2.214
1000.0
2.03
2.256
1.872
2.307
2.337
2.276
1.9
1.94
2.367
2.038
1.936
2.162
2.428
2.18
2.373
2.148
2.264
2.068
2.378
1.957
1.961
2.182
2.076
2.358
2.489
2.237
2.391
2.346
2.438
2.322
2.394
2.276
2.254
2.197
2.283
2.196
2.261
2.333
2.355
2.449
1.873
2.202
2.43
1.992
2.301
2.083
2.057
1.991
2.214
2.308
2.03
2.256
1.872
2.307
2.337
0.876
1.734
0.231
0.093
2.083
1.671
0.185
1.879
1.849
1.897
2.094
1.819
1.981
0.137
1.77
0.097
1.635
1.903
0.095
1.826
2.146
1.959
2.113
2.068
2.16
2.044
2.116
1.998
1.976
1.919
2.005
1.918
1.983
2.055
2.076
2.171
1.594
1.923
2.152
1.713
2.023
1.805
1.778
1.712
1.936
2.03
1000.0
1.977
1.593
2.029
2.058
1.998
1.621
1.661
2.089
1.759
1.657
1.884
2.15
1.901
2.094
1.87
1.986
1.789
2.099
1.678
1.683
1.904
1.798
2.08
2.21
1.959
2.113
2.068
2.16
2.044
2.116
1.998
1.976
1.919
2.005
1.918
1.983
2.055
2.076
2.171
1.594
1.923
2.152
1.713
2.023
1.805
1.778
1.712
1.936
2.03
1.751
1.977
1.593
2.029
2.058
1.102
0.925
1.807
1.876
0.121
0.489
1.85
0.101
1.045
0.092
0.201
0.31
0.056
1.987
1.082
1.888
0.4
0.159
2.004
0.925
0.846
2.185
2.338
2.293
2.386
2.27
2.342
2.224
2.202
2.145
2.231
2.144
2.209
2.281
2.302
2.397
1.82
2.149
2.377
1.939
2.248
2.031
2.004
1.938
2.162
2.256
1.977
1000.0
1.819
2.254
2.284
2.224
1.847
1.887
2.315
1.985
1.883
2.11
2.376
2.127
2.32
2.096
2.212
2.015
2.325
1.904
1.909
2.13
2.024
2.306
2.436
2.185
2.338
2.293
2.386
2.27
2.342
2.224
2.202
2.145
2.231
2.144
2.209
2.281
2.302
2.397
1.82
2.149
2.377
1.939
2.248
2.031
2.004
1.938
2.162
2.256
1.977
2.203
1.819
2.254
2.284
0.718
1.606
0.176
0.072
1.926
1.522
0.159
1.721
1.728
1.739
1.936
1.666
1.824
0.23
1.651
0.103
1.481
1.745
0.218
1.698
1.995
1.801
1.954
1.909
2.002
1.886
1.958
1.84
1.817
1.761
1.847
1.76
1.824
1.897
1.918
2.013
1.436
1.765
1.993
1.555
1.864
1.647
1.62
1.554
1.777
1.872
1.593
1.819
1000.0
1.87
1.9
1.84
1.463
1.503
1.931
1.601
1.499
1.726
1.991
1.743
1.936
1.712
1.828
1.631
1.941
1.52
1.524
1.746
1.64
1.921
2.052
1.801
1.954
1.909
2.002
1.886
1.958
1.84
1.817
1.761
1.847
1.76
1.824
1.897
1.918
2.013
1.436
1.765
1.993
1.555
1.864
1.647
1.62
1.554
1.777
1.872
1.593
1.819
1.435
1.87
1.9
1.153
1.01
1.868
1.933
0.065
0.575
1.91
0.147
1.127
0.128
0.115
0.396
0.045
2.047
1.166
1.945
0.482
0.147
2.062
1.008
0.781
2.236
2.39
2.345
2.437
2.321
2.393
2.275
2.253
2.196
2.282
2.195
2.26
2.332
2.353
2.448
1.871
2.201
2.429
1.991
2.3
2.082
2.055
1.989
2.213
2.307
2.029
2.254
1.87
1000.0
2.336
2.275
1.898
1.938
2.366
2.036
1.935
2.161
2.427
2.178
2.372
2.147
2.263
2.067
2.377
1.955
1.96
2.181
2.075
2.357
2.487
2.236
2.39
2.345
2.437
2.321
2.393
2.275
2.253
2.196
2.282
2.195
2.26
2.332
2.353
2.448
1.871
2.201
2.429
1.991
2.3
2.082
2.055
1.989
2.213
2.307
2.029
2.254
1.87
2.306
2.336
1.183
0.095
1.53
1.671
1.109
0.566
1.579
1.021
0.095
1.04
1.217
0.711
1.073
1.701
0.064
1.659
0.715
1.121
1.741
0.121
1.814
2.266
2.419
2.375
2.467
2.351
2.423
2.305
2.283
2.226
2.312
2.225
2.29
2.362
2.383
2.478
1.901
2.23
2.459
2.02
2.33
2.112
2.085
2.019
2.243
2.337
2.058
2.284
1.9
2.336
1000.0
2.305
1.928
1.968
2.396
2.066
1.964
2.191
2.457
2.208
2.401
2.177
2.293
2.096
2.406
1.985
1.99
2.211
2.105
2.387
2.517
2.266
2.419
2.375
2.467
2.351
2.423
2.305
2.283
2.226
2.312
2.225
2.29
2.362
2.383
2.478
1.901
2.23
2.459
2.02
2.33
2.112
2.085
2.019
2.243
2.337
2.058
2.284
1.9
2.336
2.365
ENDDATA
