# of pickup customers
30
# of delivery customers
20
# of customers
50
# of tasks
100
# of given tractors
1
c1
10.0
c2
1.0
c3
0.0
timeperiod
16.0
package time
4.298
3.925
4.22
3.562
3.177
3.997
4.867
3.832
3.537
4.856
3.885
4.968
3.851
3.734
3.584
4.319
4.75
3.53
4.166
4.393
3.449
4.557
3.725
3.496
4.386
3.756
3.856
4.208
3.141
4.663
4.818
4.38
3.719
4.44
4.908
4.18
4.088
3.637
4.156
3.043
3.529
3.982
4.748
3.868
3.751
3.481
3.695
4.733
4.04
4.347
terminal coordinates
100.0
100.0
customer coordinate
174.63
113.88
103.77
117.47
112.05
106.98
82.11
28.58
38.22
173.4
25.25
42.56
105.84
38.12
83.8
114.13
155.84
158.42
112.05
112.19
160.16
157.5
162.81
166.23
108.08
162.9
26.96
154.06
155.98
118.1
76.8
161.67
166.01
164.59
117.15
40.01
167.51
103.56
165.51
120.19
104.92
165.91
164.1
44.08
78.48
150.61
30.47
151.58
79.25
44.3
61.74
68.46
71.39
77.94
65.32
76.61
138.81
165.46
170.05
76.68
157.53
165.49
72.71
164.16
129.93
81.62
128.77
126.27
79.17
64.39
130.13
132.77
79.38
73.22
74.56
138.31
167.14
129.0
78.1
71.07
134.65
78.59
75.61
127.02
70.4
169.89
136.68
69.75
77.94
69.41
69.93
143.74
131.13
167.13
129.11
132.57
168.25
125.67
140.49
165.36
distance matrix
0.0
1.048
0.431
0.361
0.352
0.459
0.305
0.534
1.211
1.168
0.963
1.179
1.089
0.349
1.114
0.425
0.29
0.785
0.801
0.301
0.47
0.841
0.827
0.826
0.893
0.334
0.921
1.24
0.767
0.751
0.427
0.521
0.816
0.88
0.875
0.428
1.151
0.96
0.381
0.864
0.458
0.381
0.989
0.891
1.092
0.453
0.752
1.218
0.72
0.569
1.073
1.048
0.431
0.361
0.352
0.459
0.305
0.534
1.211
1.168
0.963
1.179
1.089
0.349
1.114
0.425
0.29
0.785
0.801
0.301
0.47
0.841
0.827
0.826
0.893
0.334
0.921
1.24
0.767
0.751
0.427
0.521
0.816
0.88
0.875
0.428
1.151
0.96
0.381
0.864
0.458
0.381
0.989
0.891
1.092
0.453
0.752
1.218
0.72
0.569
1.073
1.048
2.097
1.479
1.409
1.4
1.507
1.353
1.583
2.259
2.216
2.011
2.227
2.137
1.397
2.163
1.474
1.338
1.834
1.849
1.349
1.519
1.889
1.876
1.875
1.941
1.382
1.969
2.288
1.815
1.8
1.475
1.57
1.864
1.928
1.923
1.476
2.2
2.009
1.429
1.912
1.506
1.429
2.037
1.939
2.14
1.501
1.801
2.266
1.769
1.617
2.122
0.0
0.764
0.894
0.743
0.784
0.866
1.505
2.239
2.177
0.187
2.218
2.099
0.871
2.133
1.42
0.796
0.87
0.832
0.812
0.781
0.874
0.913
0.265
0.178
0.847
0.968
2.268
0.879
0.31
0.716
1.525
0.266
0.204
0.826
0.727
2.159
0.941
0.894
0.232
0.687
0.877
1.031
0.877
2.097
1.468
0.935
2.24
0.849
1.546
2.081
0.431
1.479
0.861
0.791
0.782
0.89
0.736
0.965
1.642
1.598
1.393
1.61
1.52
0.78
1.545
0.856
0.721
1.216
1.231
0.732
0.901
1.272
1.258
1.257
1.324
0.764
1.351
1.671
1.198
1.182
0.857
0.952
1.247
1.31
1.306
0.858
1.582
1.391
0.811
1.295
0.889
0.812
1.42
1.321
1.523
0.883
1.183
1.649
1.151
0.999
1.504
0.764
0.0
0.132
0.127
0.045
0.133
0.965
1.615
1.583
0.751
1.571
1.505
0.114
1.526
0.855
0.165
0.918
0.912
0.136
0.055
0.964
0.971
0.627
0.657
0.105
1.067
1.644
0.908
0.54
0.062
0.948
0.611
0.658
0.968
0.048
1.568
1.085
0.13
0.656
0.08
0.113
1.144
1.004
1.511
0.878
0.924
1.626
0.856
0.999
1.491
0.361
1.409
0.791
0.721
0.712
0.82
0.666
0.895
1.572
1.528
1.323
1.54
1.45
0.71
1.475
0.786
0.651
1.146
1.161
0.662
0.831
1.202
1.188
1.187
1.254
0.694
1.281
1.601
1.128
1.112
0.787
0.882
1.177
1.24
1.236
0.788
1.512
1.321
0.741
1.225
0.819
0.742
1.35
1.251
1.453
0.813
1.113
1.579
1.081
0.929
1.434
0.894
0.132
0.0
0.19
0.128
0.077
0.885
1.505
1.481
0.873
1.457
1.403
0.031
1.421
0.773
0.182
0.969
0.968
0.142
0.137
1.018
1.02
0.745
0.781
0.067
1.116
1.534
0.956
0.658
0.179
0.86
0.729
0.78
1.03
0.168
1.467
1.141
0.021
0.776
0.207
0.023
1.192
1.061
1.41
0.788
0.963
1.518
0.904
0.917
1.39
0.352
1.4
0.782
0.712
0.703
0.811
0.657
0.886
1.563
1.519
1.314
1.531
1.441
0.701
1.466
0.777
0.642
1.137
1.152
0.653
0.822
1.193
1.179
1.178
1.245
0.685
1.272
1.592
1.119
1.103
0.778
0.873
1.168
1.231
1.227
0.779
1.503
1.312
0.732
1.216
0.81
0.733
1.341
1.242
1.444
0.804
1.104
1.57
1.072
0.92
1.425
0.743
0.127
0.19
0.0
0.172
0.132
0.88
1.559
1.519
0.699
1.523
1.44
0.159
1.465
0.774
0.062
0.796
0.792
0.069
0.182
0.843
0.849
0.567
0.612
0.125
0.944
1.588
0.785
0.481
0.086
0.872
0.553
0.607
0.85
0.094
1.503
0.965
0.202
0.6
0.112
0.186
1.021
0.884
1.444
0.804
0.799
1.567
0.733
0.916
1.425
0.459
1.507
0.89
0.82
0.811
0.918
0.764
0.993
1.67
1.626
1.422
1.638
1.548
0.808
1.573
0.884
0.749
1.244
1.26
0.76
0.929
1.3
1.286
1.285
1.352
0.793
1.38
1.699
1.226
1.21
0.885
0.98
1.275
1.339
1.334
0.887
1.61
1.419
0.84
1.323
0.917
0.84
1.448
1.35
1.551
0.911
1.211
1.677
1.179
1.028
1.532
0.784
0.045
0.128
0.172
0.0
0.155
0.992
1.63
1.602
0.78
1.583
1.524
0.121
1.543
0.881
0.205
0.964
0.957
0.173
0.012
1.009
1.017
0.658
0.684
0.126
1.112
1.659
0.954
0.572
0.104
0.972
0.642
0.687
1.013
0.09
1.587
1.13
0.12
0.687
0.114
0.106
1.189
1.049
1.53
0.901
0.969
1.642
0.902
1.025
1.51
0.305
1.353
0.736
0.666
0.657
0.764
0.61
0.839
1.516
1.473
1.268
1.484
1.394
0.654
1.419
0.731
0.595
1.09
1.106
0.606
0.776
1.146
1.132
1.131
1.198
0.639
1.226
1.545
1.072
1.057
0.732
0.826
1.121
1.185
1.18
0.733
1.456
1.266
0.686
1.169
0.763
0.686
1.294
1.196
1.397
0.758
1.057
1.523
1.025
0.874
1.379
0.866
0.133
0.077
0.132
0.155
0.0
0.837
1.481
1.45
0.83
1.438
1.372
0.051
1.392
0.727
0.109
0.893
0.894
0.071
0.166
0.943
0.944
0.699
0.742
0.029
1.041
1.51
0.88
0.613
0.155
0.818
0.684
0.738
0.957
0.149
1.435
1.066
0.096
0.732
0.188
0.087
1.117
0.987
1.378
0.747
0.887
1.492
0.829
0.87
1.358
0.534
1.583
0.965
0.895
0.886
0.993
0.839
1.068
1.745
1.702
1.497
1.713
1.623
0.883
1.648
0.96
0.824
1.319
1.335
0.835
1.005
1.375
1.361
1.361
1.427
0.868
1.455
1.774
1.301
1.286
0.961
1.055
1.35
1.414
1.409
0.962
1.686
1.495
0.915
1.398
0.992
0.915
1.523
1.425
1.626
0.987
1.286
1.752
1.254
1.103
1.608
1.505
0.965
0.885
0.88
0.992
0.837
0.0
0.747
0.673
1.38
0.748
0.596
0.878
0.635
0.113
0.819
0.93
0.967
0.834
1.003
0.982
0.945
1.253
1.333
0.866
1.01
0.775
0.908
1.195
0.959
0.084
1.247
1.313
1.041
0.961
0.654
1.068
0.904
1.291
0.99
0.907
1.049
1.029
0.593
0.129
0.86
0.743
0.884
0.041
0.578
1.211
2.259
1.642
1.572
1.563
1.67
1.516
1.745
2.422
2.379
2.174
2.39
2.3
1.56
2.325
1.636
1.501
1.996
2.012
1.512
1.681
2.052
2.038
2.037
2.104
1.545
2.132
2.451
1.978
1.962
1.638
1.732
2.027
2.091
2.086
1.639
2.362
2.171
1.592
2.075
1.669
1.592
2.2
2.102
2.303
1.664
1.963
2.429
1.931
1.78
2.284
2.239
1.615
1.505
1.559
1.63
1.481
0.747
0.0
0.133
2.123
0.108
0.175
1.509
0.12
0.821
1.497
1.656
1.695
1.501
1.64
1.703
1.663
1.993
2.071
1.51
1.713
0.029
1.633
1.931
1.626
0.715
1.987
2.052
1.767
1.624
0.153
1.773
1.52
2.031
1.659
1.529
1.738
1.748
0.195
0.772
1.58
0.042
1.616
0.706
0.197
1.168
2.216
1.598
1.528
1.519
1.626
1.473
1.702
2.379
2.335
2.13
2.347
2.256
1.516
2.282
1.593
1.457
1.953
1.968
1.468
1.638
2.009
1.995
1.994
2.061
1.501
2.088
2.408
1.934
1.919
1.594
1.689
1.984
2.047
2.043
1.595
2.319
2.128
1.548
2.032
1.626
1.548
2.156
2.058
2.26
1.62
1.92
2.385
1.888
1.736
2.241
2.177
1.583
1.481
1.519
1.602
1.45
0.673
0.133
0.0
2.054
0.225
0.079
1.482
0.074
0.759
1.457
1.558
1.599
1.464
1.612
1.604
1.562
1.926
2.006
1.479
1.608
0.145
1.536
1.868
1.59
0.655
1.92
1.986
1.669
1.589
0.022
1.669
1.496
1.964
1.622
1.504
1.63
1.647
0.082
0.718
1.481
0.099
1.522
0.632
0.096
0.963
2.011
1.393
1.323
1.314
1.422
1.268
1.497
2.174
2.13
1.925
2.142
2.052
1.312
2.077
1.388
1.252
1.748
1.763
1.263
1.433
1.804
1.79
1.789
1.856
1.296
1.883
2.203
1.73
1.714
1.389
1.484
1.779
1.842
1.838
1.39
2.114
1.923
1.343
1.827
1.421
1.344
1.951
1.853
2.055
1.415
1.715
2.181
1.683
1.531
2.036
0.187
0.751
0.873
0.699
0.78
0.83
1.38
2.123
2.054
0.0
2.11
1.977
0.846
2.014
1.303
0.743
0.687
0.648
0.768
0.78
0.688
0.729
0.137
0.1
0.817
0.781
2.152
0.697
0.218
0.695
1.408
0.149
0.093
0.639
0.707
2.034
0.754
0.877
0.1
0.671
0.86
0.843
0.69
1.973
1.355
0.754
2.122
0.67
1.422
1.958
1.179
2.227
1.61
1.54
1.531
1.638
1.484
1.713
2.39
2.347
2.142
2.358
2.268
1.528
2.293
1.604
1.469
1.964
1.98
1.48
1.65
2.02
2.006
2.005
2.072
1.513
2.1
2.419
1.946
1.93
1.606
1.7
1.995
2.059
2.054
1.607
2.33
2.139
1.56
2.043
1.637
1.56
2.168
2.07
2.271
1.632
1.931
2.397
1.899
1.748
2.252
2.218
1.571
1.457
1.523
1.583
1.438
0.748
0.108
0.225
2.11
0.0
0.238
1.463
0.181
0.809
1.461
1.671
1.71
1.462
1.593
1.721
1.682
1.978
2.053
1.465
1.737
0.122
1.649
1.912
1.586
0.705
1.97
2.036
1.783
1.583
0.241
1.797
1.47
2.016
1.619
1.48
1.767
1.767
0.264
0.754
1.598
0.149
1.629
0.708
0.257
1.089
2.137
1.52
1.45
1.441
1.548
1.394
1.623
2.3
2.256
2.052
2.268
2.178
1.438
2.203
1.514
1.379
1.874
1.89
1.39
1.559
1.93
1.916
1.915
1.982
1.423
2.009
2.329
1.856
1.84
1.515
1.61
1.905
1.969
1.964
1.517
2.24
2.049
1.47
1.953
1.547
1.47
2.078
1.98
2.181
1.541
1.841
2.307
1.809
1.658
2.162
2.099
1.505
1.403
1.44
1.524
1.372
0.596
0.175
0.079
1.977
0.238
0.0
1.404
0.058
0.681
1.378
1.489
1.529
1.385
1.534
1.535
1.494
1.849
1.929
1.401
1.542
0.196
1.466
1.79
1.511
0.576
1.843
1.909
1.599
1.511
0.064
1.603
1.419
1.887
1.544
1.426
1.566
1.579
0.028
0.639
1.412
0.155
1.451
0.555
0.022
0.349
1.397
0.78
0.71
0.701
0.808
0.654
0.883
1.56
1.516
1.312
1.528
1.438
0.698
1.463
0.774
0.639
1.134
1.15
0.65
0.819
1.19
1.176
1.175
1.242
0.683
1.269
1.589
1.116
1.1
0.775
0.87
1.165
1.228
1.224
0.776
1.5
1.309
0.73
1.213
0.807
0.73
1.338
1.24
1.441
0.801
1.101
1.567
1.069
0.918
1.422
0.871
0.114
0.031
0.159
0.121
0.051
0.878
1.509
1.482
0.846
1.463
1.404
0.0
1.422
0.766
0.152
0.939
0.938
0.112
0.131
0.988
0.99
0.717
0.755
0.036
1.087
1.538
0.926
0.63
0.155
0.855
0.702
0.753
1.0
0.144
1.467
1.111
0.047
0.749
0.184
0.037
1.163
1.031
1.41
0.784
0.934
1.521
0.875
0.91
1.39
1.114
2.163
1.545
1.475
1.466
1.573
1.419
1.648
2.325
2.282
2.077
2.293
2.203
1.463
2.228
1.54
1.404
1.899
1.915
1.415
1.585
1.955
1.942
1.941
2.007
1.448
2.035
2.354
1.881
1.866
1.541
1.635
1.93
1.994
1.989
1.542
2.266
2.075
1.495
1.978
1.572
1.495
2.103
2.005
2.206
1.567
1.867
2.332
1.834
1.683
2.188
2.133
1.526
1.421
1.465
1.543
1.392
0.635
0.12
0.074
2.014
0.181
0.058
1.422
0.0
0.714
1.403
1.537
1.577
1.408
1.553
1.584
1.543
1.885
1.964
1.421
1.593
0.144
1.514
1.824
1.534
0.608
1.879
1.944
1.648
1.533
0.075
1.653
1.436
1.923
1.567
1.444
1.618
1.628
0.083
0.668
1.461
0.108
1.498
0.593
0.079
0.425
1.474
0.856
0.786
0.777
0.884
0.731
0.96
1.636
1.593
1.388
1.604
1.514
0.774
1.54
0.851
0.715
1.211
1.226
0.726
0.896
1.266
1.253
1.252
1.318
0.759
1.346
1.666
1.192
1.177
0.852
0.947
1.241
1.305
1.301
0.853
1.577
1.386
0.806
1.289
0.884
0.806
1.414
1.316
1.518
0.878
1.178
1.643
1.146
0.994
1.499
1.42
0.855
0.773
0.774
0.881
0.727
0.113
0.821
0.759
1.303
0.809
0.681
0.766
0.714
0.0
0.713
0.901
0.934
0.726
0.893
0.955
0.922
1.172
1.251
0.756
0.994
0.849
0.878
1.111
0.852
0.106
1.166
1.232
1.011
0.853
0.741
1.05
0.792
1.211
0.883
0.795
1.041
1.004
0.68
0.067
0.836
0.821
0.849
0.144
0.663
0.29
1.338
0.721
0.651
0.642
0.749
0.595
0.824
1.501
1.457
1.252
1.469
1.379
0.639
1.404
0.715
0.58
1.075
1.09
0.591
0.76
1.131
1.117
1.116
1.183
0.623
1.21
1.53
1.057
1.041
0.716
0.811
1.106
1.169
1.165
0.717
1.441
1.25
0.671
1.154
0.748
0.671
1.279
1.181
1.382
0.742
1.042
1.508
1.01
0.859
1.363
0.796
0.165
0.182
0.062
0.205
0.109
0.819
1.497
1.457
0.743
1.461
1.378
0.152
1.403
0.713
0.0
0.787
0.786
0.04
0.217
0.836
0.838
0.609
0.66
0.116
0.935
1.526
0.775
0.525
0.141
0.811
0.595
0.653
0.848
0.145
1.441
0.959
0.199
0.644
0.17
0.186
1.011
0.879
1.382
0.742
0.783
1.505
0.723
0.855
1.363
0.785
1.834
1.216
1.146
1.137
1.244
1.09
1.319
1.996
1.953
1.748
1.964
1.874
1.134
1.899
1.211
1.075
1.57
1.586
1.086
1.256
1.626
1.612
1.612
1.678
1.119
1.706
2.025
1.552
1.537
1.212
1.306
1.601
1.665
1.66
1.213
1.937
1.746
1.166
1.649
1.243
1.166
1.774
1.676
1.877
1.238
1.538
2.003
1.505
1.354
1.859
0.87
0.918
0.969
0.796
0.964
0.893
0.93
1.656
1.558
0.687
1.671
1.489
0.939
1.537
0.901
0.787
0.0
0.045
0.827
0.972
0.057
0.054
0.623
0.706
0.903
0.148
1.681
0.022
0.633
0.862
0.991
0.631
0.677
0.112
0.875
1.536
0.176
0.986
0.647
0.866
0.973
0.226
0.107
1.477
0.967
0.081
1.643
0.066
0.969
1.467
0.801
1.849
1.231
1.161
1.152
1.26
1.106
1.335
2.012
1.968
1.763
1.98
1.89
1.15
1.915
1.226
1.09
1.586
1.601
1.101
1.271
1.642
1.628
1.627
1.694
1.134
1.721
2.041
1.568
1.552
1.227
1.322
1.617
1.68
1.676
1.228
1.952
1.761
1.181
1.665
1.259
1.182
1.789
1.691
1.893
1.253
1.553
2.019
1.521
1.369
1.874
0.832
0.912
0.968
0.792
0.957
0.894
0.967
1.695
1.599
0.648
1.71
1.529
0.938
1.577
0.934
0.786
0.045
0.0
0.826
0.966
0.053
0.082
0.589
0.67
0.902
0.161
1.721
0.064
0.603
0.854
1.026
0.597
0.64
0.078
0.868
1.577
0.173
0.985
0.611
0.856
0.971
0.238
0.093
1.518
1.0
0.125
1.683
0.086
1.005
1.508
0.301
1.349
0.732
0.662
0.653
0.76
0.606
0.835
1.512
1.468
1.263
1.48
1.39
0.65
1.415
0.726
0.591
1.086
1.101
0.602
0.771
1.142
1.128
1.127
1.194
0.634
1.221
1.541
1.068
1.052
0.727
0.822
1.117
1.18
1.176
0.728
1.452
1.261
0.682
1.165
0.759
0.682
1.29
1.192
1.393
0.753
1.053
1.519
1.021
0.87
1.374
0.812
0.136
0.142
0.069
0.173
0.071
0.834
1.501
1.464
0.768
1.462
1.385
0.112
1.408
0.726
0.04
0.827
0.826
0.0
0.185
0.876
0.878
0.635
0.681
0.076
0.975
1.53
0.815
0.549
0.126
0.822
0.62
0.676
0.888
0.127
1.448
0.999
0.159
0.668
0.159
0.146
1.051
0.919
1.39
0.752
0.823
1.51
0.763
0.869
1.37
0.47
1.519
0.901
0.831
0.822
0.929
0.776
1.005
1.681
1.638
1.433
1.65
1.559
0.819
1.585
0.896
0.76
1.256
1.271
0.771
0.941
1.312
1.298
1.297
1.363
0.804
1.391
1.711
1.237
1.222
0.897
0.992
1.286
1.35
1.346
0.898
1.622
1.431
0.851
1.335
0.929
0.851
1.459
1.361
1.563
0.923
1.223
1.688
1.191
1.039
1.544
0.781
0.055
0.137
0.182
0.012
0.166
1.003
1.64
1.612
0.78
1.593
1.534
0.131
1.553
0.893
0.217
0.972
0.966
0.185
0.0
1.017
1.025
0.66
0.684
0.137
1.121
1.669
0.962
0.574
0.111
0.983
0.643
0.687
1.021
0.097
1.598
1.138
0.127
0.688
0.118
0.114
1.198
1.057
1.541
0.912
0.978
1.652
0.911
1.037
1.521
0.841
1.889
1.272
1.202
1.193
1.3
1.146
1.375
2.052
2.009
1.804
2.02
1.93
1.19
1.955
1.266
1.131
1.626
1.642
1.142
1.312
1.682
1.668
1.667
1.734
1.175
1.762
2.081
1.608
1.592
1.268
1.362
1.657
1.721
1.716
1.269
1.992
1.801
1.222
1.705
1.299
1.222
1.83
1.732
1.933
1.294
1.593
2.059
1.561
1.41
1.914
0.874
0.964
1.018
0.843
1.009
0.943
0.982
1.703
1.604
0.688
1.721
1.535
0.988
1.584
0.955
0.836
0.057
0.053
0.876
1.017
0.0
0.047
0.635
0.715
0.952
0.108
1.728
0.078
0.652
0.906
1.044
0.645
0.685
0.068
0.92
1.582
0.123
1.035
0.656
0.909
1.021
0.185
0.051
1.523
1.021
0.123
1.69
0.121
1.02
1.514
0.827
1.876
1.258
1.188
1.179
1.286
1.132
1.361
2.038
1.995
1.79
2.006
1.916
1.176
1.942
1.253
1.117
1.612
1.628
1.128
1.298
1.668
1.655
1.654
1.72
1.161
1.748
2.067
1.594
1.579
1.254
1.349
1.643
1.707
1.702
1.255
1.979
1.788
1.208
1.691
1.285
1.208
1.816
1.718
1.919
1.28
1.58
2.045
1.547
1.396
1.901
0.913
0.971
1.02
0.849
1.017
0.944
0.945
1.663
1.562
0.729
1.682
1.494
0.99
1.543
0.922
0.838
0.054
0.082
0.878
1.025
0.047
0.0
0.671
0.752
0.954
0.097
1.687
0.064
0.684
0.915
1.009
0.679
0.722
0.114
0.929
1.54
0.134
1.037
0.693
0.919
1.024
0.173
0.085
1.481
0.989
0.086
1.649
0.116
0.983
1.472
0.826
1.875
1.257
1.187
1.178
1.285
1.131
1.361
2.037
1.994
1.789
2.005
1.915
1.175
1.941
1.252
1.116
1.612
1.627
1.127
1.297
1.667
1.654
1.653
1.719
1.16
1.747
2.066
1.593
1.578
1.253
1.348
1.642
1.706
1.702
1.254
1.978
1.787
1.207
1.69
1.285
1.207
1.815
1.717
1.918
1.279
1.579
2.044
1.547
1.395
1.9
0.265
0.627
0.745
0.567
0.658
0.699
1.253
1.993
1.926
0.137
1.978
1.849
0.717
1.885
1.172
0.609
0.623
0.589
0.635
0.66
0.635
0.671
0.0
0.088
0.687
0.737
2.022
0.63
0.087
0.568
1.278
0.017
0.062
0.596
0.582
1.907
0.719
0.75
0.038
0.547
0.733
0.805
0.647
1.845
1.224
0.682
1.993
0.595
1.294
1.83
0.893
1.941
1.324
1.254
1.245
1.352
1.198
1.427
2.104
2.061
1.856
2.072
1.982
1.242
2.007
1.318
1.183
1.678
1.694
1.194
1.363
1.734
1.72
1.719
1.786
1.227
1.814
2.133
1.66
1.644
1.32
1.414
1.709
1.773
1.768
1.321
2.044
1.853
1.274
1.757
1.351
1.274
1.882
1.784
1.985
1.346
1.645
2.111
1.613
1.462
1.966
0.178
0.657
0.781
0.612
0.684
0.742
1.333
2.071
2.006
0.1
2.053
1.929
0.755
1.964
1.251
0.66
0.706
0.67
0.681
0.684
0.715
0.752
0.088
0.0
0.727
0.815
2.1
0.714
0.142
0.602
1.356
0.088
0.03
0.673
0.615
1.987
0.793
0.785
0.06
0.577
0.767
0.882
0.724
1.926
1.3
0.767
2.071
0.681
1.374
1.91
0.334
1.382
0.764
0.694
0.685
0.793
0.639
0.868
1.545
1.501
1.296
1.513
1.423
0.683
1.448
0.759
0.623
1.119
1.134
0.634
0.804
1.175
1.161
1.16
1.227
0.667
1.254
1.574
1.1
1.085
0.76
0.855
1.15
1.213
1.209
0.761
1.485
1.294
0.714
1.198
0.792
0.715
1.322
1.224
1.426
0.786
1.086
1.552
1.054
0.902
1.407
0.847
0.105
0.067
0.125
0.126
0.029
0.866
1.51
1.479
0.817
1.465
1.401
0.036
1.421
0.756
0.116
0.903
0.902
0.076
0.137
0.952
0.954
0.687
0.727
0.0
1.051
1.539
0.891
0.6
0.133
0.847
0.672
0.724
0.964
0.125
1.464
1.075
0.083
0.719
0.164
0.07
1.127
0.995
1.407
0.776
0.899
1.521
0.839
0.899
1.387
0.921
1.969
1.351
1.281
1.272
1.38
1.226
1.455
2.132
2.088
1.883
2.1
2.009
1.269
2.035
1.346
1.21
1.706
1.721
1.221
1.391
1.762
1.748
1.747
1.814
1.254
1.841
2.161
1.687
1.672
1.347
1.442
1.737
1.8
1.796
1.348
2.072
1.881
1.301
1.785
1.379
1.301
1.909
1.811
2.013
1.373
1.673
2.138
1.641
1.489
1.994
0.968
1.067
1.116
0.944
1.112
1.041
1.01
1.713
1.608
0.781
1.737
1.542
1.087
1.593
0.994
0.935
0.148
0.161
0.975
1.121
0.108
0.097
0.737
0.815
1.051
0.0
1.737
0.16
0.758
1.01
1.077
0.747
0.785
0.143
1.024
1.586
0.061
1.133
0.755
1.013
1.121
0.078
0.091
1.528
1.061
0.17
1.697
0.212
1.046
1.521
1.24
2.288
1.671
1.601
1.592
1.699
1.545
1.774
2.451
2.408
2.203
2.419
2.329
1.589
2.354
1.666
1.53
2.025
2.041
1.541
1.711
2.081
2.067
2.066
2.133
1.574
2.161
2.48
2.007
1.992
1.667
1.761
2.056
2.12
2.115
1.668
2.391
2.201
1.621
2.104
1.698
1.621
2.229
2.131
2.332
1.693
1.992
2.458
1.96
1.809
2.314
2.268
1.644
1.534
1.588
1.659
1.51
0.775
0.029
0.145
2.152
0.122
0.196
1.538
0.144
0.849
1.526
1.681
1.721
1.53
1.669
1.728
1.687
2.022
2.1
1.539
1.737
0.0
1.659
1.96
1.655
0.744
2.015
2.081
1.792
1.653
0.167
1.798
1.549
2.06
1.688
1.558
1.761
1.772
0.214
0.8
1.605
0.046
1.642
0.734
0.218
0.767
1.815
1.198
1.128
1.119
1.226
1.072
1.301
1.978
1.934
1.73
1.946
1.856
1.116
1.881
1.192
1.057
1.552
1.568
1.068
1.237
1.608
1.594
1.593
1.66
1.1
1.687
2.007
1.534
1.518
1.193
1.288
1.583
1.646
1.642
1.194
1.918
1.727
1.148
1.631
1.225
1.148
1.756
1.658
1.859
1.219
1.519
1.985
1.487
1.336
1.84
0.879
0.908
0.956
0.785
0.954
0.88
0.908
1.633
1.536
0.697
1.649
1.466
0.926
1.514
0.878
0.775
0.022
0.064
0.815
0.962
0.078
0.064
0.63
0.714
0.891
0.16
1.659
0.0
0.637
0.852
0.968
0.637
0.684
0.134
0.866
1.514
0.194
0.973
0.654
0.857
0.96
0.236
0.128
1.455
0.945
0.062
1.621
0.052
0.946
1.445
0.751
1.8
1.182
1.112
1.103
1.21
1.057
1.286
1.962
1.919
1.714
1.93
1.84
1.1
1.866
1.177
1.041
1.537
1.552
1.052
1.222
1.592
1.579
1.578
1.644
1.085
1.672
1.992
1.518
1.503
1.178
1.273
1.567
1.631
1.627
1.179
1.903
1.712
1.132
1.615
1.21
1.132
1.74
1.642
1.844
1.204
1.504
1.969
1.472
1.32
1.825
0.31
0.54
0.658
0.481
0.572
0.613
1.195
1.931
1.868
0.218
1.912
1.79
0.63
1.824
1.111
0.525
0.633
0.603
0.549
0.574
0.652
0.684
0.087
0.142
0.6
0.758
1.96
0.637
0.0
0.482
1.216
0.071
0.129
0.621
0.495
1.849
0.746
0.664
0.119
0.46
0.646
0.83
0.671
1.787
1.16
0.684
1.932
0.597
1.236
1.772
0.427
1.475
0.857
0.787
0.778
0.885
0.732
0.961
1.638
1.594
1.389
1.606
1.515
0.775
1.541
0.852
0.716
1.212
1.227
0.727
0.897
1.268
1.254
1.253
1.32
0.76
1.347
1.667
1.193
1.178
0.853
0.948
1.243
1.306
1.302
0.854
1.578
1.387
0.807
1.291
0.885
0.807
1.415
1.317
1.519
0.879
1.179
1.644
1.147
0.995
1.5
0.716
0.062
0.179
0.086
0.104
0.155
0.959
1.626
1.59
0.695
1.586
1.511
0.155
1.534
0.852
0.141
0.862
0.854
0.126
0.111
0.906
0.915
0.568
0.602
0.133
1.01
1.655
0.852
0.482
0.0
0.948
0.553
0.602
0.909
0.015
1.574
1.027
0.182
0.599
0.033
0.165
1.087
0.946
1.516
0.878
0.87
1.636
0.801
0.994
1.497
0.521
1.57
0.952
0.882
0.873
0.98
0.826
1.055
1.732
1.689
1.484
1.7
1.61
0.87
1.635
0.947
0.811
1.306
1.322
0.822
0.992
1.362
1.349
1.348
1.414
0.855
1.442
1.761
1.288
1.273
0.948
1.042
1.337
1.401
1.396
0.949
1.673
1.482
0.902
1.385
0.979
0.902
1.51
1.412
1.613
0.974
1.274
1.739
1.241
1.09
1.595
1.525
0.948
0.86
0.872
0.972
0.818
0.084
0.715
0.655
1.408
0.705
0.576
0.855
0.608
0.106
0.811
0.991
1.026
0.822
0.983
1.044
1.009
1.278
1.356
0.847
1.077
0.744
0.968
1.216
0.948
0.0
1.271
1.337
1.102
0.948
0.637
1.134
0.878
1.316
0.979
0.882
1.12
1.092
0.576
0.072
0.923
0.715
0.941
0.079
0.559
0.816
1.864
1.247
1.177
1.168
1.275
1.121
1.35
2.027
1.984
1.779
1.995
1.905
1.165
1.93
1.241
1.106
1.601
1.617
1.117
1.286
1.657
1.643
1.642
1.709
1.15
1.737
2.056
1.583
1.567
1.243
1.337
1.632
1.696
1.691
1.244
1.967
1.776
1.197
1.68
1.274
1.197
1.805
1.707
1.908
1.269
1.568
2.034
1.536
1.385
1.889
0.266
0.611
0.729
0.553
0.642
0.684
1.247
1.987
1.92
0.149
1.97
1.843
0.702
1.879
1.166
0.595
0.631
0.597
0.62
0.643
0.645
0.679
0.017
0.088
0.672
0.747
2.015
0.637
0.071
0.553
1.271
0.0
0.066
0.606
0.566
1.901
0.73
0.735
0.049
0.531
0.718
0.816
0.657
1.84
1.217
0.689
1.986
0.602
1.288
1.825
0.88
1.928
1.31
1.24
1.231
1.339
1.185
1.414
2.091
2.047
1.842
2.059
1.969
1.228
1.994
1.305
1.169
1.665
1.68
1.18
1.35
1.721
1.707
1.706
1.773
1.213
1.8
2.12
1.646
1.631
1.306
1.401
1.696
1.759
1.755
1.307
2.031
1.84
1.26
1.744
1.338
1.261
1.868
1.77
1.972
1.332
1.632
2.098
1.6
1.448
1.953
0.204
0.658
0.78
0.607
0.687
0.738
1.313
2.052
1.986
0.093
2.036
1.909
0.753
1.944
1.232
0.653
0.677
0.64
0.676
0.687
0.685
0.722
0.062
0.03
0.724
0.785
2.081
0.684
0.129
0.602
1.337
0.066
0.0
0.643
0.614
1.967
0.764
0.784
0.03
0.578
0.767
0.852
0.694
1.906
1.282
0.738
2.052
0.651
1.354
1.89
0.875
1.923
1.306
1.236
1.227
1.334
1.18
1.409
2.086
2.043
1.838
2.054
1.964
1.224
1.989
1.301
1.165
1.66
1.676
1.176
1.346
1.716
1.702
1.702
1.768
1.209
1.796
2.115
1.642
1.627
1.302
1.396
1.691
1.755
1.75
1.303
2.026
1.836
1.256
1.739
1.333
1.256
1.864
1.766
1.967
1.328
1.627
2.093
1.595
1.444
1.949
0.826
0.968
1.03
0.85
1.013
0.957
1.041
1.767
1.669
0.639
1.783
1.599
1.0
1.648
1.011
0.848
0.112
0.078
0.888
1.021
0.068
0.114
0.596
0.673
0.964
0.143
1.792
0.134
0.621
0.909
1.102
0.606
0.643
0.0
0.923
1.647
0.126
1.046
0.614
0.909
1.032
0.21
0.052
1.588
1.077
0.188
1.754
0.163
1.08
1.578
0.428
1.476
0.858
0.788
0.779
0.887
0.733
0.962
1.639
1.595
1.39
1.607
1.517
0.776
1.542
0.853
0.717
1.213
1.228
0.728
0.898
1.269
1.255
1.254
1.321
0.761
1.348
1.668
1.194
1.179
0.854
0.949
1.244
1.307
1.303
0.855
1.579
1.388
0.808
1.292
0.886
0.808
1.416
1.318
1.52
0.88
1.18
1.645
1.148
0.996
1.501
0.727
0.048
0.168
0.094
0.09
0.149
0.961
1.624
1.589
0.707
1.583
1.511
0.144
1.533
0.853
0.145
0.875
0.868
0.127
0.097
0.92
0.929
0.582
0.615
0.125
1.024
1.653
0.866
0.495
0.015
0.948
0.566
0.614
0.923
0.0
1.574
1.041
0.17
0.612
0.04
0.153
1.101
0.96
1.515
0.879
0.883
1.634
0.814
0.996
1.496
1.151
2.2
1.582
1.512
1.503
1.61
1.456
1.686
2.362
2.319
2.114
2.33
2.24
1.5
2.266
1.577
1.441
1.937
1.952
1.452
1.622
1.992
1.979
1.978
2.044
1.485
2.072
2.391
1.918
1.903
1.578
1.673
1.967
2.031
2.026
1.579
2.303
2.112
1.532
2.015
1.609
1.532
2.14
2.042
2.243
1.604
1.904
2.369
1.872
1.72
2.225
2.159
1.568
1.467
1.503
1.587
1.435
0.654
0.153
0.022
2.034
0.241
0.064
1.467
0.075
0.741
1.441
1.536
1.577
1.448
1.598
1.582
1.54
1.907
1.987
1.464
1.586
0.167
1.514
1.849
1.574
0.637
1.901
1.967
1.647
1.574
0.0
1.647
1.483
1.945
1.607
1.49
1.607
1.625
0.061
0.701
1.459
0.121
1.5
0.613
0.078
0.96
2.009
1.391
1.321
1.312
1.419
1.266
1.495
2.171
2.128
1.923
2.139
2.049
1.309
2.075
1.386
1.25
1.746
1.761
1.261
1.431
1.801
1.788
1.787
1.853
1.294
1.881
2.201
1.727
1.712
1.387
1.482
1.776
1.84
1.836
1.388
2.112
1.921
1.341
1.824
1.419
1.341
1.949
1.851
2.053
1.413
1.713
2.178
1.681
1.529
2.034
0.941
1.085
1.141
0.965
1.13
1.066
1.068
1.773
1.669
0.754
1.797
1.603
1.111
1.653
1.05
0.959
0.176
0.173
0.999
1.138
0.123
0.134
0.719
0.793
1.075
0.061
1.798
0.194
0.746
1.027
1.134
0.73
0.764
0.126
1.041
1.647
0.0
1.157
0.735
1.028
1.144
0.09
0.081
1.589
1.117
0.217
1.758
0.242
1.104
1.581
0.381
1.429
0.811
0.741
0.732
0.84
0.686
0.915
1.592
1.548
1.343
1.56
1.47
0.73
1.495
0.806
0.671
1.166
1.181
0.682
0.851
1.222
1.208
1.207
1.274
0.714
1.301
1.621
1.148
1.132
0.807
0.902
1.197
1.26
1.256
0.808
1.532
1.341
0.761
1.245
0.839
0.762
1.37
1.271
1.473
0.833
1.133
1.599
1.101
0.949
1.454
0.894
0.13
0.021
0.202
0.12
0.096
0.904
1.52
1.496
0.877
1.47
1.419
0.047
1.436
0.792
0.199
0.986
0.985
0.159
0.127
1.035
1.037
0.75
0.785
0.083
1.133
1.549
0.973
0.664
0.182
0.878
0.735
0.784
1.046
0.17
1.483
1.157
0.0
0.781
0.208
0.017
1.209
1.078
1.426
0.806
0.981
1.533
0.921
0.935
1.406
0.864
1.912
1.295
1.225
1.216
1.323
1.169
1.398
2.075
2.032
1.827
2.043
1.953
1.213
1.978
1.289
1.154
1.649
1.665
1.165
1.335
1.705
1.691
1.69
1.757
1.198
1.785
2.104
1.631
1.615
1.291
1.385
1.68
1.744
1.739
1.292
2.015
1.824
1.245
1.728
1.322
1.245
1.853
1.755
1.956
1.317
1.616
2.082
1.584
1.433
1.937
0.232
0.656
0.776
0.6
0.687
0.732
1.291
2.031
1.964
0.1
2.016
1.887
0.749
1.923
1.211
0.644
0.647
0.611
0.668
0.688
0.656
0.693
0.038
0.06
0.719
0.755
2.06
0.654
0.119
0.599
1.316
0.049
0.03
0.614
0.612
1.945
0.735
0.781
0.0
0.576
0.764
0.823
0.665
1.883
1.262
0.708
2.031
0.622
1.332
1.868
0.458
1.506
0.889
0.819
0.81
0.917
0.763
0.992
1.669
1.626
1.421
1.637
1.547
0.807
1.572
0.884
0.748
1.243
1.259
0.759
0.929
1.299
1.285
1.285
1.351
0.792
1.379
1.698
1.225
1.21
0.885
0.979
1.274
1.338
1.333
0.886
1.609
1.419
0.839
1.322
0.916
0.839
1.447
1.349
1.55
0.911
1.21
1.676
1.178
1.027
1.532
0.687
0.08
0.207
0.112
0.114
0.188
0.99
1.659
1.622
0.671
1.619
1.544
0.184
1.567
0.883
0.17
0.866
0.856
0.159
0.118
0.909
0.919
0.547
0.577
0.164
1.013
1.688
0.857
0.46
0.033
0.979
0.531
0.578
0.909
0.04
1.607
1.028
0.208
0.576
0.0
0.191
1.091
0.947
1.548
0.91
0.876
1.669
0.805
1.025
1.529
0.381
1.429
0.812
0.742
0.733
0.84
0.686
0.915
1.592
1.548
1.344
1.56
1.47
0.73
1.495
0.806
0.671
1.166
1.182
0.682
0.851
1.222
1.208
1.207
1.274
0.715
1.301
1.621
1.148
1.132
0.807
0.902
1.197
1.261
1.256
0.808
1.532
1.341
0.762
1.245
0.839
0.762
1.37
1.272
1.473
0.833
1.133
1.599
1.101
0.95
1.454
0.877
0.113
0.023
0.186
0.106
0.087
0.907
1.529
1.504
0.86
1.48
1.426
0.037
1.444
0.795
0.186
0.973
0.971
0.146
0.114
1.021
1.024
0.733
0.767
0.07
1.121
1.558
0.96
0.646
0.165
0.882
0.718
0.767
1.032
0.153
1.49
1.144
0.017
0.764
0.191
0.0
1.197
1.064
1.433
0.81
0.969
1.542
0.909
0.939
1.413
0.989
2.037
1.42
1.35
1.341
1.448
1.294
1.523
2.2
2.156
1.951
2.168
2.078
1.338
2.103
1.414
1.279
1.774
1.789
1.29
1.459
1.83
1.816
1.815
1.882
1.322
1.909
2.229
1.756
1.74
1.415
1.51
1.805
1.868
1.864
1.416
2.14
1.949
1.37
1.853
1.447
1.37
1.978
1.88
2.081
1.441
1.741
2.207
1.709
1.558
2.062
1.031
1.144
1.192
1.021
1.189
1.117
1.049
1.738
1.63
0.843
1.767
1.566
1.163
1.618
1.041
1.011
0.226
0.238
1.051
1.198
0.185
0.173
0.805
0.882
1.127
0.078
1.761
0.236
0.83
1.087
1.12
0.816
0.852
0.21
1.101
1.607
0.09
1.209
0.823
1.091
1.197
0.0
0.159
1.551
1.108
0.237
1.72
0.288
1.084
1.544
0.891
1.939
1.321
1.251
1.242
1.35
1.196
1.425
2.102
2.058
1.853
2.07
1.98
1.24
2.005
1.316
1.181
1.676
1.691
1.192
1.361
1.732
1.718
1.717
1.784
1.224
1.811
2.131
1.658
1.642
1.317
1.412
1.707
1.77
1.766
1.318
2.042
1.851
1.271
1.755
1.349
1.272
1.88
1.781
1.983
1.343
1.643
2.109
1.611
1.459
1.964
0.877
1.004
1.061
0.884
1.049
0.987
1.029
1.748
1.647
0.69
1.767
1.579
1.031
1.628
1.004
0.879
0.107
0.093
0.919
1.057
0.051
0.085
0.647
0.724
0.995
0.091
1.772
0.128
0.671
0.946
1.092
0.657
0.694
0.052
0.96
1.625
0.081
1.078
0.665
0.947
1.064
0.159
0.0
1.566
1.071
0.17
1.734
0.171
1.067
1.557
1.092
2.14
1.523
1.453
1.444
1.551
1.397
1.626
2.303
2.26
2.055
2.271
2.181
1.441
2.206
1.518
1.382
1.877
1.893
1.393
1.563
1.933
1.919
1.918
1.985
1.426
2.013
2.332
1.859
1.844
1.519
1.613
1.908
1.972
1.967
1.52
2.243
2.053
1.473
1.956
1.55
1.473
2.081
1.983
2.184
1.545
1.844
2.31
1.812
1.661
2.166
2.097
1.511
1.41
1.444
1.53
1.378
0.593
0.195
0.082
1.973
0.264
0.028
1.41
0.083
0.68
1.382
1.477
1.518
1.39
1.541
1.523
1.481
1.845
1.926
1.407
1.528
0.214
1.455
1.787
1.516
0.576
1.84
1.906
1.588
1.515
0.061
1.589
1.426
1.883
1.548
1.433
1.551
1.566
0.0
0.641
1.4
0.171
1.44
0.552
0.022
0.453
1.501
0.883
0.813
0.804
0.911
0.758
0.987
1.664
1.62
1.415
1.632
1.541
0.801
1.567
0.878
0.742
1.238
1.253
0.753
0.923
1.294
1.28
1.279
1.346
0.786
1.373
1.693
1.219
1.204
0.879
0.974
1.269
1.332
1.328
0.88
1.604
1.413
0.833
1.317
0.911
0.833
1.441
1.343
1.545
0.905
1.205
1.67
1.173
1.021
1.526
1.468
0.878
0.788
0.804
0.901
0.747
0.129
0.772
0.718
1.355
0.754
0.639
0.784
0.668
0.067
0.742
0.967
1.0
0.752
0.912
1.021
0.989
1.224
1.3
0.776
1.061
0.8
0.945
1.16
0.878
0.072
1.217
1.282
1.077
0.879
0.701
1.117
0.806
1.262
0.91
0.81
1.108
1.071
0.641
0.0
0.903
0.774
0.915
0.143
0.623
0.752
1.801
1.183
1.113
1.104
1.211
1.057
1.286
1.963
1.92
1.715
1.931
1.841
1.101
1.867
1.178
1.042
1.538
1.553
1.053
1.223
1.593
1.58
1.579
1.645
1.086
1.673
1.992
1.519
1.504
1.179
1.274
1.568
1.632
1.627
1.18
1.904
1.713
1.133
1.616
1.21
1.133
1.741
1.643
1.844
1.205
1.505
1.97
1.472
1.321
1.826
0.935
0.924
0.963
0.799
0.969
0.887
0.86
1.58
1.481
0.754
1.598
1.412
0.934
1.461
0.836
0.783
0.081
0.125
0.823
0.978
0.123
0.086
0.682
0.767
0.899
0.17
1.605
0.062
0.684
0.87
0.923
0.689
0.738
0.188
0.883
1.459
0.217
0.981
0.708
0.876
0.969
0.237
0.17
1.4
0.903
0.0
1.567
0.087
0.897
1.391
1.218
2.266
1.649
1.579
1.57
1.677
1.523
1.752
2.429
2.385
2.181
2.397
2.307
1.567
2.332
1.643
1.508
2.003
2.019
1.519
1.688
2.059
2.045
2.044
2.111
1.552
2.138
2.458
1.985
1.969
1.644
1.739
2.034
2.098
2.093
1.645
2.369
2.178
1.599
2.082
1.676
1.599
2.207
2.109
2.31
1.67
1.97
2.436
1.938
1.787
2.291
2.24
1.626
1.518
1.567
1.642
1.492
0.743
0.042
0.099
2.122
0.149
0.155
1.521
0.108
0.821
1.505
1.643
1.683
1.51
1.652
1.69
1.649
1.993
2.071
1.521
1.697
0.046
1.621
1.932
1.636
0.715
1.986
2.052
1.754
1.634
0.121
1.758
1.533
2.031
1.669
1.542
1.72
1.734
0.171
0.774
1.567
0.0
1.605
0.702
0.177
0.72
1.769
1.151
1.081
1.072
1.179
1.025
1.254
1.931
1.888
1.683
1.899
1.809
1.069
1.834
1.146
1.01
1.505
1.521
1.021
1.191
1.561
1.547
1.547
1.613
1.054
1.641
1.96
1.487
1.472
1.147
1.241
1.536
1.6
1.595
1.148
1.872
1.681
1.101
1.584
1.178
1.101
1.709
1.611
1.812
1.173
1.472
1.938
1.44
1.289
1.794
0.849
0.856
0.904
0.733
0.902
0.829
0.884
1.616
1.522
0.67
1.629
1.451
0.875
1.498
0.849
0.723
0.066
0.086
0.763
0.911
0.121
0.116
0.595
0.681
0.839
0.212
1.642
0.052
0.597
0.801
0.941
0.602
0.651
0.163
0.814
1.5
0.242
0.921
0.622
0.805
0.909
0.288
0.171
1.44
0.915
0.087
1.605
0.0
0.923
1.43
0.569
1.617
0.999
0.929
0.92
1.028
0.874
1.103
1.78
1.736
1.531
1.748
1.658
0.918
1.683
0.994
0.859
1.354
1.369
0.87
1.039
1.41
1.396
1.395
1.462
0.902
1.489
1.809
1.336
1.32
0.995
1.09
1.385
1.448
1.444
0.996
1.72
1.529
0.949
1.433
1.027
0.95
1.558
1.459
1.661
1.021
1.321
1.787
1.289
1.137
1.642
1.546
0.999
0.917
0.916
1.025
0.87
0.041
0.706
0.632
1.422
0.708
0.555
0.91
0.593
0.144
0.855
0.969
1.005
0.869
1.037
1.02
0.983
1.294
1.374
0.899
1.046
0.734
0.946
1.236
0.994
0.079
1.288
1.354
1.08
0.996
0.613
1.104
0.935
1.332
1.025
0.939
1.084
1.067
0.552
0.143
0.897
0.702
0.923
0.0
0.536
1.073
2.122
1.504
1.434
1.425
1.532
1.379
1.608
2.284
2.241
2.036
2.252
2.162
1.422
2.188
1.499
1.363
1.859
1.874
1.374
1.544
1.914
1.901
1.9
1.966
1.407
1.994
2.314
1.84
1.825
1.5
1.595
1.889
1.953
1.949
1.501
2.225
2.034
1.454
1.937
1.532
1.454
2.062
1.964
2.166
1.526
1.826
2.291
1.794
1.642
2.147
2.081
1.491
1.39
1.425
1.51
1.358
0.578
0.197
0.096
1.958
0.257
0.022
1.39
0.079
0.663
1.363
1.467
1.508
1.37
1.521
1.514
1.472
1.83
1.91
1.387
1.521
0.218
1.445
1.772
1.497
0.559
1.825
1.89
1.578
1.496
0.078
1.581
1.406
1.868
1.529
1.413
1.544
1.557
0.022
0.623
1.391
0.177
1.43
0.536
0.0
1.048
1000.0
1.479
1.409
1.4
1.507
1.353
1.583
2.259
2.216
2.011
2.227
2.137
1.397
2.163
1.474
1.338
1.834
1.849
1.349
1.519
1.889
1.876
1.875
1.941
1.382
1.969
2.288
1.815
1.8
1.475
1.57
1.864
1.928
1.923
1.476
2.2
2.009
1.429
1.912
1.506
1.429
2.037
1.939
2.14
1.501
1.801
2.266
1.769
1.617
2.122
2.097
1.479
1.409
1.4
1.507
1.353
1.583
2.259
2.216
2.011
2.227
2.137
1.397
2.163
1.474
1.338
1.834
1.849
1.349
1.519
1.889
1.876
1.875
1.941
1.382
1.969
2.288
1.815
1.8
1.475
1.57
1.864
1.928
1.923
1.476
2.2
2.009
1.429
1.912
1.506
1.429
2.037
1.939
2.14
1.501
1.801
2.266
1.769
1.617
2.122
0.431
1.479
1000.0
0.791
0.782
0.89
0.736
0.965
1.642
1.598
1.393
1.61
1.52
0.78
1.545
0.856
0.721
1.216
1.231
0.732
0.901
1.272
1.258
1.257
1.324
0.764
1.351
1.671
1.198
1.182
0.857
0.952
1.247
1.31
1.306
0.858
1.582
1.391
0.811
1.295
0.889
0.812
1.42
1.321
1.523
0.883
1.183
1.649
1.151
0.999
1.504
1.479
0.861
0.791
0.782
0.89
0.736
0.965
1.642
1.598
1.393
1.61
1.52
0.78
1.545
0.856
0.721
1.216
1.231
0.732
0.901
1.272
1.258
1.257
1.324
0.764
1.351
1.671
1.198
1.182
0.857
0.952
1.247
1.31
1.306
0.858
1.582
1.391
0.811
1.295
0.889
0.812
1.42
1.321
1.523
0.883
1.183
1.649
1.151
0.999
1.504
0.361
1.409
0.791
1000.0
0.712
0.82
0.666
0.895
1.572
1.528
1.323
1.54
1.45
0.71
1.475
0.786
0.651
1.146
1.161
0.662
0.831
1.202
1.188
1.187
1.254
0.694
1.281
1.601
1.128
1.112
0.787
0.882
1.177
1.24
1.236
0.788
1.512
1.321
0.741
1.225
0.819
0.742
1.35
1.251
1.453
0.813
1.113
1.579
1.081
0.929
1.434
1.409
0.791
0.721
0.712
0.82
0.666
0.895
1.572
1.528
1.323
1.54
1.45
0.71
1.475
0.786
0.651
1.146
1.161
0.662
0.831
1.202
1.188
1.187
1.254
0.694
1.281
1.601
1.128
1.112
0.787
0.882
1.177
1.24
1.236
0.788
1.512
1.321
0.741
1.225
0.819
0.742
1.35
1.251
1.453
0.813
1.113
1.579
1.081
0.929
1.434
0.352
1.4
0.782
0.712
1000.0
0.811
0.657
0.886
1.563
1.519
1.314
1.531
1.441
0.701
1.466
0.777
0.642
1.137
1.152
0.653
0.822
1.193
1.179
1.178
1.245
0.685
1.272
1.592
1.119
1.103
0.778
0.873
1.168
1.231
1.227
0.779
1.503
1.312
0.732
1.216
0.81
0.733
1.341
1.242
1.444
0.804
1.104
1.57
1.072
0.92
1.425
1.4
0.782
0.712
0.703
0.811
0.657
0.886
1.563
1.519
1.314
1.531
1.441
0.701
1.466
0.777
0.642
1.137
1.152
0.653
0.822
1.193
1.179
1.178
1.245
0.685
1.272
1.592
1.119
1.103
0.778
0.873
1.168
1.231
1.227
0.779
1.503
1.312
0.732
1.216
0.81
0.733
1.341
1.242
1.444
0.804
1.104
1.57
1.072
0.92
1.425
0.459
1.507
0.89
0.82
0.811
1000.0
0.764
0.993
1.67
1.626
1.422
1.638
1.548
0.808
1.573
0.884
0.749
1.244
1.26
0.76
0.929
1.3
1.286
1.285
1.352
0.793
1.38
1.699
1.226
1.21
0.885
0.98
1.275
1.339
1.334
0.887
1.61
1.419
0.84
1.323
0.917
0.84
1.448
1.35
1.551
0.911
1.211
1.677
1.179
1.028
1.532
1.507
0.89
0.82
0.811
0.918
0.764
0.993
1.67
1.626
1.422
1.638
1.548
0.808
1.573
0.884
0.749
1.244
1.26
0.76
0.929
1.3
1.286
1.285
1.352
0.793
1.38
1.699
1.226
1.21
0.885
0.98
1.275
1.339
1.334
0.887
1.61
1.419
0.84
1.323
0.917
0.84
1.448
1.35
1.551
0.911
1.211
1.677
1.179
1.028
1.532
0.305
1.353
0.736
0.666
0.657
0.764
1000.0
0.839
1.516
1.473
1.268
1.484
1.394
0.654
1.419
0.731
0.595
1.09
1.106
0.606
0.776
1.146
1.132
1.131
1.198
0.639
1.226
1.545
1.072
1.057
0.732
0.826
1.121
1.185
1.18
0.733
1.456
1.266
0.686
1.169
0.763
0.686
1.294
1.196
1.397
0.758
1.057
1.523
1.025
0.874
1.379
1.353
0.736
0.666
0.657
0.764
0.61
0.839
1.516
1.473
1.268
1.484
1.394
0.654
1.419
0.731
0.595
1.09
1.106
0.606
0.776
1.146
1.132
1.131
1.198
0.639
1.226
1.545
1.072
1.057
0.732
0.826
1.121
1.185
1.18
0.733
1.456
1.266
0.686
1.169
0.763
0.686
1.294
1.196
1.397
0.758
1.057
1.523
1.025
0.874
1.379
0.534
1.583
0.965
0.895
0.886
0.993
0.839
1000.0
1.745
1.702
1.497
1.713
1.623
0.883
1.648
0.96
0.824
1.319
1.335
0.835
1.005
1.375
1.361
1.361
1.427
0.868
1.455
1.774
1.301
1.286
0.961
1.055
1.35
1.414
1.409
0.962
1.686
1.495
0.915
1.398
0.992
0.915
1.523
1.425
1.626
0.987
1.286
1.752
1.254
1.103
1.608
1.583
0.965
0.895
0.886
0.993
0.839
1.068
1.745
1.702
1.497
1.713
1.623
0.883
1.648
0.96
0.824
1.319
1.335
0.835
1.005
1.375
1.361
1.361
1.427
0.868
1.455
1.774
1.301
1.286
0.961
1.055
1.35
1.414
1.409
0.962
1.686
1.495
0.915
1.398
0.992
0.915
1.523
1.425
1.626
0.987
1.286
1.752
1.254
1.103
1.608
1.211
2.259
1.642
1.572
1.563
1.67
1.516
1.745
1000.0
2.379
2.174
2.39
2.3
1.56
2.325
1.636
1.501
1.996
2.012
1.512
1.681
2.052
2.038
2.037
2.104
1.545
2.132
2.451
1.978
1.962
1.638
1.732
2.027
2.091
2.086
1.639
2.362
2.171
1.592
2.075
1.669
1.592
2.2
2.102
2.303
1.664
1.963
2.429
1.931
1.78
2.284
2.259
1.642
1.572
1.563
1.67
1.516
1.745
2.422
2.379
2.174
2.39
2.3
1.56
2.325
1.636
1.501
1.996
2.012
1.512
1.681
2.052
2.038
2.037
2.104
1.545
2.132
2.451
1.978
1.962
1.638
1.732
2.027
2.091
2.086
1.639
2.362
2.171
1.592
2.075
1.669
1.592
2.2
2.102
2.303
1.664
1.963
2.429
1.931
1.78
2.284
1.168
2.216
1.598
1.528
1.519
1.626
1.473
1.702
2.379
1000.0
2.13
2.347
2.256
1.516
2.282
1.593
1.457
1.953
1.968
1.468
1.638
2.009
1.995
1.994
2.061
1.501
2.088
2.408
1.934
1.919
1.594
1.689
1.984
2.047
2.043
1.595
2.319
2.128
1.548
2.032
1.626
1.548
2.156
2.058
2.26
1.62
1.92
2.385
1.888
1.736
2.241
2.216
1.598
1.528
1.519
1.626
1.473
1.702
2.379
2.335
2.13
2.347
2.256
1.516
2.282
1.593
1.457
1.953
1.968
1.468
1.638
2.009
1.995
1.994
2.061
1.501
2.088
2.408
1.934
1.919
1.594
1.689
1.984
2.047
2.043
1.595
2.319
2.128
1.548
2.032
1.626
1.548
2.156
2.058
2.26
1.62
1.92
2.385
1.888
1.736
2.241
0.963
2.011
1.393
1.323
1.314
1.422
1.268
1.497
2.174
2.13
1000.0
2.142
2.052
1.312
2.077
1.388
1.252
1.748
1.763
1.263
1.433
1.804
1.79
1.789
1.856
1.296
1.883
2.203
1.73
1.714
1.389
1.484
1.779
1.842
1.838
1.39
2.114
1.923
1.343
1.827
1.421
1.344
1.951
1.853
2.055
1.415
1.715
2.181
1.683
1.531
2.036
2.011
1.393
1.323
1.314
1.422
1.268
1.497
2.174
2.13
1.925
2.142
2.052
1.312
2.077
1.388
1.252
1.748
1.763
1.263
1.433
1.804
1.79
1.789
1.856
1.296
1.883
2.203
1.73
1.714
1.389
1.484
1.779
1.842
1.838
1.39
2.114
1.923
1.343
1.827
1.421
1.344
1.951
1.853
2.055
1.415
1.715
2.181
1.683
1.531
2.036
1.179
2.227
1.61
1.54
1.531
1.638
1.484
1.713
2.39
2.347
2.142
1000.0
2.268
1.528
2.293
1.604
1.469
1.964
1.98
1.48
1.65
2.02
2.006
2.005
2.072
1.513
2.1
2.419
1.946
1.93
1.606
1.7
1.995
2.059
2.054
1.607
2.33
2.139
1.56
2.043
1.637
1.56
2.168
2.07
2.271
1.632
1.931
2.397
1.899
1.748
2.252
2.227
1.61
1.54
1.531
1.638
1.484
1.713
2.39
2.347
2.142
2.358
2.268
1.528
2.293
1.604
1.469
1.964
1.98
1.48
1.65
2.02
2.006
2.005
2.072
1.513
2.1
2.419
1.946
1.93
1.606
1.7
1.995
2.059
2.054
1.607
2.33
2.139
1.56
2.043
1.637
1.56
2.168
2.07
2.271
1.632
1.931
2.397
1.899
1.748
2.252
1.089
2.137
1.52
1.45
1.441
1.548
1.394
1.623
2.3
2.256
2.052
2.268
1000.0
1.438
2.203
1.514
1.379
1.874
1.89
1.39
1.559
1.93
1.916
1.915
1.982
1.423
2.009
2.329
1.856
1.84
1.515
1.61
1.905
1.969
1.964
1.517
2.24
2.049
1.47
1.953
1.547
1.47
2.078
1.98
2.181
1.541
1.841
2.307
1.809
1.658
2.162
2.137
1.52
1.45
1.441
1.548
1.394
1.623
2.3
2.256
2.052
2.268
2.178
1.438
2.203
1.514
1.379
1.874
1.89
1.39
1.559
1.93
1.916
1.915
1.982
1.423
2.009
2.329
1.856
1.84
1.515
1.61
1.905
1.969
1.964
1.517
2.24
2.049
1.47
1.953
1.547
1.47
2.078
1.98
2.181
1.541
1.841
2.307
1.809
1.658
2.162
0.349
1.397
0.78
0.71
0.701
0.808
0.654
0.883
1.56
1.516
1.312
1.528
1.438
1000.0
1.463
0.774
0.639
1.134
1.15
0.65
0.819
1.19
1.176
1.175
1.242
0.683
1.269
1.589
1.116
1.1
0.775
0.87
1.165
1.228
1.224
0.776
1.5
1.309
0.73
1.213
0.807
0.73
1.338
1.24
1.441
0.801
1.101
1.567
1.069
0.918
1.422
1.397
0.78
0.71
0.701
0.808
0.654
0.883
1.56
1.516
1.312
1.528
1.438
0.698
1.463
0.774
0.639
1.134
1.15
0.65
0.819
1.19
1.176
1.175
1.242
0.683
1.269
1.589
1.116
1.1
0.775
0.87
1.165
1.228
1.224
0.776
1.5
1.309
0.73
1.213
0.807
0.73
1.338
1.24
1.441
0.801
1.101
1.567
1.069
0.918
1.422
1.114
2.163
1.545
1.475
1.466
1.573
1.419
1.648
2.325
2.282
2.077
2.293
2.203
1.463
1000.0
1.54
1.404
1.899
1.915
1.415
1.585
1.955
1.942
1.941
2.007
1.448
2.035
2.354
1.881
1.866
1.541
1.635
1.93
1.994
1.989
1.542
2.266
2.075
1.495
1.978
1.572
1.495
2.103
2.005
2.206
1.567
1.867
2.332
1.834
1.683
2.188
2.163
1.545
1.475
1.466
1.573
1.419
1.648
2.325
2.282
2.077
2.293
2.203
1.463
2.228
1.54
1.404
1.899
1.915
1.415
1.585
1.955
1.942
1.941
2.007
1.448
2.035
2.354
1.881
1.866
1.541
1.635
1.93
1.994
1.989
1.542
2.266
2.075
1.495
1.978
1.572
1.495
2.103
2.005
2.206
1.567
1.867
2.332
1.834
1.683
2.188
0.425
1.474
0.856
0.786
0.777
0.884
0.731
0.96
1.636
1.593
1.388
1.604
1.514
0.774
1.54
1000.0
0.715
1.211
1.226
0.726
0.896
1.266
1.253
1.252
1.318
0.759
1.346
1.666
1.192
1.177
0.852
0.947
1.241
1.305
1.301
0.853
1.577
1.386
0.806
1.289
0.884
0.806
1.414
1.316
1.518
0.878
1.178
1.643
1.146
0.994
1.499
1.474
0.856
0.786
0.777
0.884
0.731
0.96
1.636
1.593
1.388
1.604
1.514
0.774
1.54
0.851
0.715
1.211
1.226
0.726
0.896
1.266
1.253
1.252
1.318
0.759
1.346
1.666
1.192
1.177
0.852
0.947
1.241
1.305
1.301
0.853
1.577
1.386
0.806
1.289
0.884
0.806
1.414
1.316
1.518
0.878
1.178
1.643
1.146
0.994
1.499
0.29
1.338
0.721
0.651
0.642
0.749
0.595
0.824
1.501
1.457
1.252
1.469
1.379
0.639
1.404
0.715
1000.0
1.075
1.09
0.591
0.76
1.131
1.117
1.116
1.183
0.623
1.21
1.53
1.057
1.041
0.716
0.811
1.106
1.169
1.165
0.717
1.441
1.25
0.671
1.154
0.748
0.671
1.279
1.181
1.382
0.742
1.042
1.508
1.01
0.859
1.363
1.338
0.721
0.651
0.642
0.749
0.595
0.824
1.501
1.457
1.252
1.469
1.379
0.639
1.404
0.715
0.58
1.075
1.09
0.591
0.76
1.131
1.117
1.116
1.183
0.623
1.21
1.53
1.057
1.041
0.716
0.811
1.106
1.169
1.165
0.717
1.441
1.25
0.671
1.154
0.748
0.671
1.279
1.181
1.382
0.742
1.042
1.508
1.01
0.859
1.363
0.785
1.834
1.216
1.146
1.137
1.244
1.09
1.319
1.996
1.953
1.748
1.964
1.874
1.134
1.899
1.211
1.075
1000.0
1.586
1.086
1.256
1.626
1.612
1.612
1.678
1.119
1.706
2.025
1.552
1.537
1.212
1.306
1.601
1.665
1.66
1.213
1.937
1.746
1.166
1.649
1.243
1.166
1.774
1.676
1.877
1.238
1.538
2.003
1.505
1.354
1.859
1.834
1.216
1.146
1.137
1.244
1.09
1.319
1.996
1.953
1.748
1.964
1.874
1.134
1.899
1.211
1.075
1.57
1.586
1.086
1.256
1.626
1.612
1.612
1.678
1.119
1.706
2.025
1.552
1.537
1.212
1.306
1.601
1.665
1.66
1.213
1.937
1.746
1.166
1.649
1.243
1.166
1.774
1.676
1.877
1.238
1.538
2.003
1.505
1.354
1.859
0.801
1.849
1.231
1.161
1.152
1.26
1.106
1.335
2.012
1.968
1.763
1.98
1.89
1.15
1.915
1.226
1.09
1.586
1000.0
1.101
1.271
1.642
1.628
1.627
1.694
1.134
1.721
2.041
1.568
1.552
1.227
1.322
1.617
1.68
1.676
1.228
1.952
1.761
1.181
1.665
1.259
1.182
1.789
1.691
1.893
1.253
1.553
2.019
1.521
1.369
1.874
1.849
1.231
1.161
1.152
1.26
1.106
1.335
2.012
1.968
1.763
1.98
1.89
1.15
1.915
1.226
1.09
1.586
1.601
1.101
1.271
1.642
1.628
1.627
1.694
1.134
1.721
2.041
1.568
1.552
1.227
1.322
1.617
1.68
1.676
1.228
1.952
1.761
1.181
1.665
1.259
1.182
1.789
1.691
1.893
1.253
1.553
2.019
1.521
1.369
1.874
0.301
1.349
0.732
0.662
0.653
0.76
0.606
0.835
1.512
1.468
1.263
1.48
1.39
0.65
1.415
0.726
0.591
1.086
1.101
1000.0
0.771
1.142
1.128
1.127
1.194
0.634
1.221
1.541
1.068
1.052
0.727
0.822
1.117
1.18
1.176
0.728
1.452
1.261
0.682
1.165
0.759
0.682
1.29
1.192
1.393
0.753
1.053
1.519
1.021
0.87
1.374
1.349
0.732
0.662
0.653
0.76
0.606
0.835
1.512
1.468
1.263
1.48
1.39
0.65
1.415
0.726
0.591
1.086
1.101
0.602
0.771
1.142
1.128
1.127
1.194
0.634
1.221
1.541
1.068
1.052
0.727
0.822
1.117
1.18
1.176
0.728
1.452
1.261
0.682
1.165
0.759
0.682
1.29
1.192
1.393
0.753
1.053
1.519
1.021
0.87
1.374
0.47
1.519
0.901
0.831
0.822
0.929
0.776
1.005
1.681
1.638
1.433
1.65
1.559
0.819
1.585
0.896
0.76
1.256
1.271
0.771
1000.0
1.312
1.298
1.297
1.363
0.804
1.391
1.711
1.237
1.222
0.897
0.992
1.286
1.35
1.346
0.898
1.622
1.431
0.851
1.335
0.929
0.851
1.459
1.361
1.563
0.923
1.223
1.688
1.191
1.039
1.544
1.519
0.901
0.831
0.822
0.929
0.776
1.005
1.681
1.638
1.433
1.65
1.559
0.819
1.585
0.896
0.76
1.256
1.271
0.771
0.941
1.312
1.298
1.297
1.363
0.804
1.391
1.711
1.237
1.222
0.897
0.992
1.286
1.35
1.346
0.898
1.622
1.431
0.851
1.335
0.929
0.851
1.459
1.361
1.563
0.923
1.223
1.688
1.191
1.039
1.544
0.841
1.889
1.272
1.202
1.193
1.3
1.146
1.375
2.052
2.009
1.804
2.02
1.93
1.19
1.955
1.266
1.131
1.626
1.642
1.142
1.312
1000.0
1.668
1.667
1.734
1.175
1.762
2.081
1.608
1.592
1.268
1.362
1.657
1.721
1.716
1.269
1.992
1.801
1.222
1.705
1.299
1.222
1.83
1.732
1.933
1.294
1.593
2.059
1.561
1.41
1.914
1.889
1.272
1.202
1.193
1.3
1.146
1.375
2.052
2.009
1.804
2.02
1.93
1.19
1.955
1.266
1.131
1.626
1.642
1.142
1.312
1.682
1.668
1.667
1.734
1.175
1.762
2.081
1.608
1.592
1.268
1.362
1.657
1.721
1.716
1.269
1.992
1.801
1.222
1.705
1.299
1.222
1.83
1.732
1.933
1.294
1.593
2.059
1.561
1.41
1.914
0.827
1.876
1.258
1.188
1.179
1.286
1.132
1.361
2.038
1.995
1.79
2.006
1.916
1.176
1.942
1.253
1.117
1.612
1.628
1.128
1.298
1.668
1000.0
1.654
1.72
1.161
1.748
2.067
1.594
1.579
1.254
1.349
1.643
1.707
1.702
1.255
1.979
1.788
1.208
1.691
1.285
1.208
1.816
1.718
1.919
1.28
1.58
2.045
1.547
1.396
1.901
1.876
1.258
1.188
1.179
1.286
1.132
1.361
2.038
1.995
1.79
2.006
1.916
1.176
1.942
1.253
1.117
1.612
1.628
1.128
1.298
1.668
1.655
1.654
1.72
1.161
1.748
2.067
1.594
1.579
1.254
1.349
1.643
1.707
1.702
1.255
1.979
1.788
1.208
1.691
1.285
1.208
1.816
1.718
1.919
1.28
1.58
2.045
1.547
1.396
1.901
0.826
1.875
1.257
1.187
1.178
1.285
1.131
1.361
2.037
1.994
1.789
2.005
1.915
1.175
1.941
1.252
1.116
1.612
1.627
1.127
1.297
1.667
1.654
1000.0
1.719
1.16
1.747
2.066
1.593
1.578
1.253
1.348
1.642
1.706
1.702
1.254
1.978
1.787
1.207
1.69
1.285
1.207
1.815
1.717
1.918
1.279
1.579
2.044
1.547
1.395
1.9
1.875
1.257
1.187
1.178
1.285
1.131
1.361
2.037
1.994
1.789
2.005
1.915
1.175
1.941
1.252
1.116
1.612
1.627
1.127
1.297
1.667
1.654
1.653
1.719
1.16
1.747
2.066
1.593
1.578
1.253
1.348
1.642
1.706
1.702
1.254
1.978
1.787
1.207
1.69
1.285
1.207
1.815
1.717
1.918
1.279
1.579
2.044
1.547
1.395
1.9
0.893
1.941
1.324
1.254
1.245
1.352
1.198
1.427
2.104
2.061
1.856
2.072
1.982
1.242
2.007
1.318
1.183
1.678
1.694
1.194
1.363
1.734
1.72
1.719
1000.0
1.227
1.814
2.133
1.66
1.644
1.32
1.414
1.709
1.773
1.768
1.321
2.044
1.853
1.274
1.757
1.351
1.274
1.882
1.784
1.985
1.346
1.645
2.111
1.613
1.462
1.966
1.941
1.324
1.254
1.245
1.352
1.198
1.427
2.104
2.061
1.856
2.072
1.982
1.242
2.007
1.318
1.183
1.678
1.694
1.194
1.363
1.734
1.72
1.719
1.786
1.227
1.814
2.133
1.66
1.644
1.32
1.414
1.709
1.773
1.768
1.321
2.044
1.853
1.274
1.757
1.351
1.274
1.882
1.784
1.985
1.346
1.645
2.111
1.613
1.462
1.966
0.334
1.382
0.764
0.694
0.685
0.793
0.639
0.868
1.545
1.501
1.296
1.513
1.423
0.683
1.448
0.759
0.623
1.119
1.134
0.634
0.804
1.175
1.161
1.16
1.227
1000.0
1.254
1.574
1.1
1.085
0.76
0.855
1.15
1.213
1.209
0.761
1.485
1.294
0.714
1.198
0.792
0.715
1.322
1.224
1.426
0.786
1.086
1.552
1.054
0.902
1.407
1.382
0.764
0.694
0.685
0.793
0.639
0.868
1.545
1.501
1.296
1.513
1.423
0.683
1.448
0.759
0.623
1.119
1.134
0.634
0.804
1.175
1.161
1.16
1.227
0.667
1.254
1.574
1.1
1.085
0.76
0.855
1.15
1.213
1.209
0.761
1.485
1.294
0.714
1.198
0.792
0.715
1.322
1.224
1.426
0.786
1.086
1.552
1.054
0.902
1.407
0.921
1.969
1.351
1.281
1.272
1.38
1.226
1.455
2.132
2.088
1.883
2.1
2.009
1.269
2.035
1.346
1.21
1.706
1.721
1.221
1.391
1.762
1.748
1.747
1.814
1.254
1000.0
2.161
1.687
1.672
1.347
1.442
1.737
1.8
1.796
1.348
2.072
1.881
1.301
1.785
1.379
1.301
1.909
1.811
2.013
1.373
1.673
2.138
1.641
1.489
1.994
1.969
1.351
1.281
1.272
1.38
1.226
1.455
2.132
2.088
1.883
2.1
2.009
1.269
2.035
1.346
1.21
1.706
1.721
1.221
1.391
1.762
1.748
1.747
1.814
1.254
1.841
2.161
1.687
1.672
1.347
1.442
1.737
1.8
1.796
1.348
2.072
1.881
1.301
1.785
1.379
1.301
1.909
1.811
2.013
1.373
1.673
2.138
1.641
1.489
1.994
1.24
2.288
1.671
1.601
1.592
1.699
1.545
1.774
2.451
2.408
2.203
2.419
2.329
1.589
2.354
1.666
1.53
2.025
2.041
1.541
1.711
2.081
2.067
2.066
2.133
1.574
2.161
1000.0
2.007
1.992
1.667
1.761
2.056
2.12
2.115
1.668
2.391
2.201
1.621
2.104
1.698
1.621
2.229
2.131
2.332
1.693
1.992
2.458
1.96
1.809
2.314
2.288
1.671
1.601
1.592
1.699
1.545
1.774
2.451
2.408
2.203
2.419
2.329
1.589
2.354
1.666
1.53
2.025
2.041
1.541
1.711
2.081
2.067
2.066
2.133
1.574
2.161
2.48
2.007
1.992
1.667
1.761
2.056
2.12
2.115
1.668
2.391
2.201
1.621
2.104
1.698
1.621
2.229
2.131
2.332
1.693
1.992
2.458
1.96
1.809
2.314
0.767
1.815
1.198
1.128
1.119
1.226
1.072
1.301
1.978
1.934
1.73
1.946
1.856
1.116
1.881
1.192
1.057
1.552
1.568
1.068
1.237
1.608
1.594
1.593
1.66
1.1
1.687
2.007
1000.0
1.518
1.193
1.288
1.583
1.646
1.642
1.194
1.918
1.727
1.148
1.631
1.225
1.148
1.756
1.658
1.859
1.219
1.519
1.985
1.487
1.336
1.84
1.815
1.198
1.128
1.119
1.226
1.072
1.301
1.978
1.934
1.73
1.946
1.856
1.116
1.881
1.192
1.057
1.552
1.568
1.068
1.237
1.608
1.594
1.593
1.66
1.1
1.687
2.007
1.534
1.518
1.193
1.288
1.583
1.646
1.642
1.194
1.918
1.727
1.148
1.631
1.225
1.148
1.756
1.658
1.859
1.219
1.519
1.985
1.487
1.336
1.84
0.751
1.8
1.182
1.112
1.103
1.21
1.057
1.286
1.962
1.919
1.714
1.93
1.84
1.1
1.866
1.177
1.041
1.537
1.552
1.052
1.222
1.592
1.579
1.578
1.644
1.085
1.672
1.992
1.518
1000.0
1.178
1.273
1.567
1.631
1.627
1.179
1.903
1.712
1.132
1.615
1.21
1.132
1.74
1.642
1.844
1.204
1.504
1.969
1.472
1.32
1.825
1.8
1.182
1.112
1.103
1.21
1.057
1.286
1.962
1.919
1.714
1.93
1.84
1.1
1.866
1.177
1.041
1.537
1.552
1.052
1.222
1.592
1.579
1.578
1.644
1.085
1.672
1.992
1.518
1.503
1.178
1.273
1.567
1.631
1.627
1.179
1.903
1.712
1.132
1.615
1.21
1.132
1.74
1.642
1.844
1.204
1.504
1.969
1.472
1.32
1.825
0.427
1.475
0.857
0.787
0.778
0.885
0.732
0.961
1.638
1.594
1.389
1.606
1.515
0.775
1.541
0.852
0.716
1.212
1.227
0.727
0.897
1.268
1.254
1.253
1.32
0.76
1.347
1.667
1.193
1.178
1000.0
0.948
1.243
1.306
1.302
0.854
1.578
1.387
0.807
1.291
0.885
0.807
1.415
1.317
1.519
0.879
1.179
1.644
1.147
0.995
1.5
1.475
0.857
0.787
0.778
0.885
0.732
0.961
1.638
1.594
1.389
1.606
1.515
0.775
1.541
0.852
0.716
1.212
1.227
0.727
0.897
1.268
1.254
1.253
1.32
0.76
1.347
1.667
1.193
1.178
0.853
0.948
1.243
1.306
1.302
0.854
1.578
1.387
0.807
1.291
0.885
0.807
1.415
1.317
1.519
0.879
1.179
1.644
1.147
0.995
1.5
0.521
1.525
0.948
0.86
0.872
0.972
0.818
0.084
0.715
0.655
1.408
0.705
0.576
0.855
0.608
0.106
0.811
0.991
1.026
0.822
0.983
1.044
1.009
1.278
1.356
0.847
1.077
0.744
0.968
1.216
0.948
1000.0
1.337
1.401
1.396
0.949
1.673
1.482
0.902
1.385
0.979
0.902
1.51
1.412
1.613
0.974
1.274
1.739
1.241
1.09
1.595
1.57
0.952
0.882
0.873
0.98
0.826
1.055
1.732
1.689
1.484
1.7
1.61
0.87
1.635
0.947
0.811
1.306
1.322
0.822
0.992
1.362
1.349
1.348
1.414
0.855
1.442
1.761
1.288
1.273
0.948
1.042
1.337
1.401
1.396
0.949
1.673
1.482
0.902
1.385
0.979
0.902
1.51
1.412
1.613
0.974
1.274
1.739
1.241
1.09
1.595
0.816
0.266
0.611
0.729
0.553
0.642
0.684
1.247
1.987
1.92
0.149
1.97
1.843
0.702
1.879
1.166
0.595
0.631
0.597
0.62
0.643
0.645
0.679
0.017
0.088
0.672
0.747
2.015
0.637
0.071
0.553
1.337
1000.0
1.696
1.691
1.244
1.967
1.776
1.197
1.68
1.274
1.197
1.805
1.707
1.908
1.269
1.568
2.034
1.536
1.385
1.889
1.864
1.247
1.177
1.168
1.275
1.121
1.35
2.027
1.984
1.779
1.995
1.905
1.165
1.93
1.241
1.106
1.601
1.617
1.117
1.286
1.657
1.643
1.642
1.709
1.15
1.737
2.056
1.583
1.567
1.243
1.337
1.632
1.696
1.691
1.244
1.967
1.776
1.197
1.68
1.274
1.197
1.805
1.707
1.908
1.269
1.568
2.034
1.536
1.385
1.889
0.88
0.204
0.658
0.78
0.607
0.687
0.738
1.313
2.052
1.986
0.093
2.036
1.909
0.753
1.944
1.232
0.653
0.677
0.64
0.676
0.687
0.685
0.722
0.062
0.03
0.724
0.785
2.081
0.684
0.129
0.602
1.401
1.696
1000.0
1.755
1.307
2.031
1.84
1.26
1.744
1.338
1.261
1.868
1.77
1.972
1.332
1.632
2.098
1.6
1.448
1.953
1.928
1.31
1.24
1.231
1.339
1.185
1.414
2.091
2.047
1.842
2.059
1.969
1.228
1.994
1.305
1.169
1.665
1.68
1.18
1.35
1.721
1.707
1.706
1.773
1.213
1.8
2.12
1.646
1.631
1.306
1.401
1.696
1.759
1.755
1.307
2.031
1.84
1.26
1.744
1.338
1.261
1.868
1.77
1.972
1.332
1.632
2.098
1.6
1.448
1.953
0.875
0.826
0.968
1.03
0.85
1.013
0.957
1.041
1.767
1.669
0.639
1.783
1.599
1.0
1.648
1.011
0.848
0.112
0.078
0.888
1.021
0.068
0.114
0.596
0.673
0.964
0.143
1.792
0.134
0.621
0.909
1.396
1.691
1.755
1000.0
1.303
2.026
1.836
1.256
1.739
1.333
1.256
1.864
1.766
1.967
1.328
1.627
2.093
1.595
1.444
1.949
1.923
1.306
1.236
1.227
1.334
1.18
1.409
2.086
2.043
1.838
2.054
1.964
1.224
1.989
1.301
1.165
1.66
1.676
1.176
1.346
1.716
1.702
1.702
1.768
1.209
1.796
2.115
1.642
1.627
1.302
1.396
1.691
1.755
1.75
1.303
2.026
1.836
1.256
1.739
1.333
1.256
1.864
1.766
1.967
1.328
1.627
2.093
1.595
1.444
1.949
0.428
0.727
0.048
0.168
0.094
0.09
0.149
0.961
1.624
1.589
0.707
1.583
1.511
0.144
1.533
0.853
0.145
0.875
0.868
0.127
0.097
0.92
0.929
0.582
0.615
0.125
1.024
1.653
0.866
0.495
0.015
0.949
1.244
1.307
1.303
1000.0
1.579
1.388
0.808
1.292
0.886
0.808
1.416
1.318
1.52
0.88
1.18
1.645
1.148
0.996
1.501
1.476
0.858
0.788
0.779
0.887
0.733
0.962
1.639
1.595
1.39
1.607
1.517
0.776
1.542
0.853
0.717
1.213
1.228
0.728
0.898
1.269
1.255
1.254
1.321
0.761
1.348
1.668
1.194
1.179
0.854
0.949
1.244
1.307
1.303
0.855
1.579
1.388
0.808
1.292
0.886
0.808
1.416
1.318
1.52
0.88
1.18
1.645
1.148
0.996
1.501
1.151
2.159
1.568
1.467
1.503
1.587
1.435
0.654
0.153
0.022
2.034
0.241
0.064
1.467
0.075
0.741
1.441
1.536
1.577
1.448
1.598
1.582
1.54
1.907
1.987
1.464
1.586
0.167
1.514
1.849
1.574
1.673
1.967
2.031
2.026
1.579
1000.0
2.112
1.532
2.015
1.609
1.532
2.14
2.042
2.243
1.604
1.904
2.369
1.872
1.72
2.225
2.2
1.582
1.512
1.503
1.61
1.456
1.686
2.362
2.319
2.114
2.33
2.24
1.5
2.266
1.577
1.441
1.937
1.952
1.452
1.622
1.992
1.979
1.978
2.044
1.485
2.072
2.391
1.918
1.903
1.578
1.673
1.967
2.031
2.026
1.579
2.303
2.112
1.532
2.015
1.609
1.532
2.14
2.042
2.243
1.604
1.904
2.369
1.872
1.72
2.225
0.96
0.941
1.085
1.141
0.965
1.13
1.066
1.068
1.773
1.669
0.754
1.797
1.603
1.111
1.653
1.05
0.959
0.176
0.173
0.999
1.138
0.123
0.134
0.719
0.793
1.075
0.061
1.798
0.194
0.746
1.027
1.482
1.776
1.84
1.836
1.388
2.112
1000.0
1.341
1.824
1.419
1.341
1.949
1.851
2.053
1.413
1.713
2.178
1.681
1.529
2.034
2.009
1.391
1.321
1.312
1.419
1.266
1.495
2.171
2.128
1.923
2.139
2.049
1.309
2.075
1.386
1.25
1.746
1.761
1.261
1.431
1.801
1.788
1.787
1.853
1.294
1.881
2.201
1.727
1.712
1.387
1.482
1.776
1.84
1.836
1.388
2.112
1.921
1.341
1.824
1.419
1.341
1.949
1.851
2.053
1.413
1.713
2.178
1.681
1.529
2.034
0.381
0.894
0.13
0.021
0.202
0.12
0.096
0.904
1.52
1.496
0.877
1.47
1.419
0.047
1.436
0.792
0.199
0.986
0.985
0.159
0.127
1.035
1.037
0.75
0.785
0.083
1.133
1.549
0.973
0.664
0.182
0.902
1.197
1.26
1.256
0.808
1.532
1.341
1000.0
1.245
0.839
0.762
1.37
1.271
1.473
0.833
1.133
1.599
1.101
0.949
1.454
1.429
0.811
0.741
0.732
0.84
0.686
0.915
1.592
1.548
1.343
1.56
1.47
0.73
1.495
0.806
0.671
1.166
1.181
0.682
0.851
1.222
1.208
1.207
1.274
0.714
1.301
1.621
1.148
1.132
0.807
0.902
1.197
1.26
1.256
0.808
1.532
1.341
0.761
1.245
0.839
0.762
1.37
1.271
1.473
0.833
1.133
1.599
1.101
0.949
1.454
0.864
0.232
0.656
0.776
0.6
0.687
0.732
1.291
2.031
1.964
0.1
2.016
1.887
0.749
1.923
1.211
0.644
0.647
0.611
0.668
0.688
0.656
0.693
0.038
0.06
0.719
0.755
2.06
0.654
0.119
0.599
1.385
1.68
1.744
1.739
1.292
2.015
1.824
1.245
1000.0
1.322
1.245
1.853
1.755
1.956
1.317
1.616
2.082
1.584
1.433
1.937
1.912
1.295
1.225
1.216
1.323
1.169
1.398
2.075
2.032
1.827
2.043
1.953
1.213
1.978
1.289
1.154
1.649
1.665
1.165
1.335
1.705
1.691
1.69
1.757
1.198
1.785
2.104
1.631
1.615
1.291
1.385
1.68
1.744
1.739
1.292
2.015
1.824
1.245
1.728
1.322
1.245
1.853
1.755
1.956
1.317
1.616
2.082
1.584
1.433
1.937
0.458
0.687
0.08
0.207
0.112
0.114
0.188
0.99
1.659
1.622
0.671
1.619
1.544
0.184
1.567
0.883
0.17
0.866
0.856
0.159
0.118
0.909
0.919
0.547
0.577
0.164
1.013
1.688
0.857
0.46
0.033
0.979
1.274
1.338
1.333
0.886
1.609
1.419
0.839
1.322
1000.0
0.839
1.447
1.349
1.55
0.911
1.21
1.676
1.178
1.027
1.532
1.506
0.889
0.819
0.81
0.917
0.763
0.992
1.669
1.626
1.421
1.637
1.547
0.807
1.572
0.884
0.748
1.243
1.259
0.759
0.929
1.299
1.285
1.285
1.351
0.792
1.379
1.698
1.225
1.21
0.885
0.979
1.274
1.338
1.333
0.886
1.609
1.419
0.839
1.322
0.916
0.839
1.447
1.349
1.55
0.911
1.21
1.676
1.178
1.027
1.532
0.381
0.877
0.113
0.023
0.186
0.106
0.087
0.907
1.529
1.504
0.86
1.48
1.426
0.037
1.444
0.795
0.186
0.973
0.971
0.146
0.114
1.021
1.024
0.733
0.767
0.07
1.121
1.558
0.96
0.646
0.165
0.902
1.197
1.261
1.256
0.808
1.532
1.341
0.762
1.245
0.839
1000.0
1.37
1.272
1.473
0.833
1.133
1.599
1.101
0.95
1.454
1.429
0.812
0.742
0.733
0.84
0.686
0.915
1.592
1.548
1.344
1.56
1.47
0.73
1.495
0.806
0.671
1.166
1.182
0.682
0.851
1.222
1.208
1.207
1.274
0.715
1.301
1.621
1.148
1.132
0.807
0.902
1.197
1.261
1.256
0.808
1.532
1.341
0.762
1.245
0.839
0.762
1.37
1.272
1.473
0.833
1.133
1.599
1.101
0.95
1.454
0.989
1.031
1.144
1.192
1.021
1.189
1.117
1.049
1.738
1.63
0.843
1.767
1.566
1.163
1.618
1.041
1.011
0.226
0.238
1.051
1.198
0.185
0.173
0.805
0.882
1.127
0.078
1.761
0.236
0.83
1.087
1.51
1.805
1.868
1.864
1.416
2.14
1.949
1.37
1.853
1.447
1.37
1000.0
1.88
2.081
1.441
1.741
2.207
1.709
1.558
2.062
2.037
1.42
1.35
1.341
1.448
1.294
1.523
2.2
2.156
1.951
2.168
2.078
1.338
2.103
1.414
1.279
1.774
1.789
1.29
1.459
1.83
1.816
1.815
1.882
1.322
1.909
2.229
1.756
1.74
1.415
1.51
1.805
1.868
1.864
1.416
2.14
1.949
1.37
1.853
1.447
1.37
1.978
1.88
2.081
1.441
1.741
2.207
1.709
1.558
2.062
0.891
0.877
1.004
1.061
0.884
1.049
0.987
1.029
1.748
1.647
0.69
1.767
1.579
1.031
1.628
1.004
0.879
0.107
0.093
0.919
1.057
0.051
0.085
0.647
0.724
0.995
0.091
1.772
0.128
0.671
0.946
1.412
1.707
1.77
1.766
1.318
2.042
1.851
1.271
1.755
1.349
1.272
1.88
1000.0
1.983
1.343
1.643
2.109
1.611
1.459
1.964
1.939
1.321
1.251
1.242
1.35
1.196
1.425
2.102
2.058
1.853
2.07
1.98
1.24
2.005
1.316
1.181
1.676
1.691
1.192
1.361
1.732
1.718
1.717
1.784
1.224
1.811
2.131
1.658
1.642
1.317
1.412
1.707
1.77
1.766
1.318
2.042
1.851
1.271
1.755
1.349
1.272
1.88
1.781
1.983
1.343
1.643
2.109
1.611
1.459
1.964
1.092
2.097
1.511
1.41
1.444
1.53
1.378
0.593
0.195
0.082
1.973
0.264
0.028
1.41
0.083
0.68
1.382
1.477
1.518
1.39
1.541
1.523
1.481
1.845
1.926
1.407
1.528
0.214
1.455
1.787
1.516
1.613
1.908
1.972
1.967
1.52
2.243
2.053
1.473
1.956
1.55
1.473
2.081
1.983
1000.0
1.545
1.844
2.31
1.812
1.661
2.166
2.14
1.523
1.453
1.444
1.551
1.397
1.626
2.303
2.26
2.055
2.271
2.181
1.441
2.206
1.518
1.382
1.877
1.893
1.393
1.563
1.933
1.919
1.918
1.985
1.426
2.013
2.332
1.859
1.844
1.519
1.613
1.908
1.972
1.967
1.52
2.243
2.053
1.473
1.956
1.55
1.473
2.081
1.983
2.184
1.545
1.844
2.31
1.812
1.661
2.166
0.453
1.468
0.878
0.788
0.804
0.901
0.747
0.129
0.772
0.718
1.355
0.754
0.639
0.784
0.668
0.067
0.742
0.967
1.0
0.752
0.912
1.021
0.989
1.224
1.3
0.776
1.061
0.8
0.945
1.16
0.878
0.974
1.269
1.332
1.328
0.88
1.604
1.413
0.833
1.317
0.911
0.833
1.441
1.343
1.545
1000.0
1.205
1.67
1.173
1.021
1.526
1.501
0.883
0.813
0.804
0.911
0.758
0.987
1.664
1.62
1.415
1.632
1.541
0.801
1.567
0.878
0.742
1.238
1.253
0.753
0.923
1.294
1.28
1.279
1.346
0.786
1.373
1.693
1.219
1.204
0.879
0.974
1.269
1.332
1.328
0.88
1.604
1.413
0.833
1.317
0.911
0.833
1.441
1.343
1.545
0.905
1.205
1.67
1.173
1.021
1.526
0.752
0.935
0.924
0.963
0.799
0.969
0.887
0.86
1.58
1.481
0.754
1.598
1.412
0.934
1.461
0.836
0.783
0.081
0.125
0.823
0.978
0.123
0.086
0.682
0.767
0.899
0.17
1.605
0.062
0.684
0.87
1.274
1.568
1.632
1.627
1.18
1.904
1.713
1.133
1.616
1.21
1.133
1.741
1.643
1.844
1.205
1000.0
1.97
1.472
1.321
1.826
1.801
1.183
1.113
1.104
1.211
1.057
1.286
1.963
1.92
1.715
1.931
1.841
1.101
1.867
1.178
1.042
1.538
1.553
1.053
1.223
1.593
1.58
1.579
1.645
1.086
1.673
1.992
1.519
1.504
1.179
1.274
1.568
1.632
1.627
1.18
1.904
1.713
1.133
1.616
1.21
1.133
1.741
1.643
1.844
1.205
1.505
1.97
1.472
1.321
1.826
1.218
2.24
1.626
1.518
1.567
1.642
1.492
0.743
0.042
0.099
2.122
0.149
0.155
1.521
0.108
0.821
1.505
1.643
1.683
1.51
1.652
1.69
1.649
1.993
2.071
1.521
1.697
0.046
1.621
1.932
1.636
1.739
2.034
2.098
2.093
1.645
2.369
2.178
1.599
2.082
1.676
1.599
2.207
2.109
2.31
1.67
1.97
1000.0
1.938
1.787
2.291
2.266
1.649
1.579
1.57
1.677
1.523
1.752
2.429
2.385
2.181
2.397
2.307
1.567
2.332
1.643
1.508
2.003
2.019
1.519
1.688
2.059
2.045
2.044
2.111
1.552
2.138
2.458
1.985
1.969
1.644
1.739
2.034
2.098
2.093
1.645
2.369
2.178
1.599
2.082
1.676
1.599
2.207
2.109
2.31
1.67
1.97
2.436
1.938
1.787
2.291
0.72
0.849
0.856
0.904
0.733
0.902
0.829
0.884
1.616
1.522
0.67
1.629
1.451
0.875
1.498
0.849
0.723
0.066
0.086
0.763
0.911
0.121
0.116
0.595
0.681
0.839
0.212
1.642
0.052
0.597
0.801
1.241
1.536
1.6
1.595
1.148
1.872
1.681
1.101
1.584
1.178
1.101
1.709
1.611
1.812
1.173
1.472
1.938
1000.0
1.289
1.794
1.769
1.151
1.081
1.072
1.179
1.025
1.254
1.931
1.888
1.683
1.899
1.809
1.069
1.834
1.146
1.01
1.505
1.521
1.021
1.191
1.561
1.547
1.547
1.613
1.054
1.641
1.96
1.487
1.472
1.147
1.241
1.536
1.6
1.595
1.148
1.872
1.681
1.101
1.584
1.178
1.101
1.709
1.611
1.812
1.173
1.472
1.938
1.44
1.289
1.794
0.569
1.546
0.999
0.917
0.916
1.025
0.87
0.041
0.706
0.632
1.422
0.708
0.555
0.91
0.593
0.144
0.855
0.969
1.005
0.869
1.037
1.02
0.983
1.294
1.374
0.899
1.046
0.734
0.946
1.236
0.994
1.09
1.385
1.448
1.444
0.996
1.72
1.529
0.949
1.433
1.027
0.95
1.558
1.459
1.661
1.021
1.321
1.787
1.289
1000.0
1.642
1.617
0.999
0.929
0.92
1.028
0.874
1.103
1.78
1.736
1.531
1.748
1.658
0.918
1.683
0.994
0.859
1.354
1.369
0.87
1.039
1.41
1.396
1.395
1.462
0.902
1.489
1.809
1.336
1.32
0.995
1.09
1.385
1.448
1.444
0.996
1.72
1.529
0.949
1.433
1.027
0.95
1.558
1.459
1.661
1.021
1.321
1.787
1.289
1.137
1.642
1.073
2.081
1.491
1.39
1.425
1.51
1.358
0.578
0.197
0.096
1.958
0.257
0.022
1.39
0.079
0.663
1.363
1.467
1.508
1.37
1.521
1.514
1.472
1.83
1.91
1.387
1.521
0.218
1.445
1.772
1.497
1.595
1.889
1.953
1.949
1.501
2.225
2.034
1.454
1.937
1.532
1.454
2.062
1.964
2.166
1.526
1.826
2.291
1.794
1.642
1000.0
2.122
1.504
1.434
1.425
1.532
1.379
1.608
2.284
2.241
2.036
2.252
2.162
1.422
2.188
1.499
1.363
1.859
1.874
1.374
1.544
1.914
1.901
1.9
1.966
1.407
1.994
2.314
1.84
1.825
1.5
1.595
1.889
1.953
1.949
1.501
2.225
2.034
1.454
1.937
1.532
1.454
2.062
1.964
2.166
1.526
1.826
2.291
1.794
1.642
2.147
ENDDATA
