# of pickup customers
3
# of delivery customers
3
# of customers
6
# of tasks
12
# of given tractors
1
c1
10.0
c2
1.0
c3
0.0
timeperiod
16.0
package time
4.519
4.615
3.036
4.396
3.461
4.788
terminal coordinates
100.0
100.0
customer coordinate
172.74
180.3
109.28
86.73
70.27
192.39
102.3
178.56
85.93
153.22
130.26
143.65
distance matrix
0.0
0.91
1.404
0.211
0.686
0.53
1.277
0.91
1.404
0.211
0.686
0.53
1.277
0.91
1.819
2.314
1.12
1.595
1.44
2.187
0.0
0.958
0.819
1.249
1.328
0.572
1.404
2.314
2.808
1.615
2.09
1.934
2.682
0.958
0.0
1.459
1.212
1.502
0.462
0.211
1.12
1.615
0.421
0.896
0.741
1.488
0.819
1.459
0.0
0.887
0.738
1.265
0.686
1.595
2.09
0.896
1.371
1.216
1.963
1.249
1.212
0.887
0.0
0.353
1.326
0.53
1.44
1.934
0.741
1.216
1.061
1.808
1.328
1.502
0.738
0.353
0.0
1.536
1.277
2.187
2.682
1.488
1.963
1.808
2.555
0.572
0.462
1.265
1.326
1.536
0.0
0.91
1000.0
2.314
1.12
1.595
1.44
2.187
1.819
2.314
1.12
1.595
1.44
2.187
1.404
2.314
1000.0
1.615
2.09
1.934
2.682
2.314
2.808
1.615
2.09
1.934
2.682
0.211
1.12
1.615
1000.0
0.896
0.741
1.488
1.12
1.615
0.421
0.896
0.741
1.488
0.686
1.249
1.212
0.887
1000.0
1.216
1.963
1.595
2.09
0.896
1.371
1.216
1.963
0.53
1.328
1.502
0.738
1.216
1000.0
1.808
1.44
1.934
0.741
1.216
1.061
1.808
1.277
0.572
0.462
1.265
1.963
1.808
1000.0
2.187
2.682
1.488
1.963
1.808
2.555
ENDDATA
