# of pickup customers
4
# of delivery customers
6
# of customers
10
# of tasks
20
# of given tractors
1
c1
10.0
c2
1.0
c3
0.0
timeperiod
16.0
package time
3.283
4.003
3.638
4.439
4.746
4.984
3.95
4.225
3.425
4.055
terminal coordinates
100.0
100.0
customer coordinate
130.16
148.41
36.92
182.3
180.8
164.4
126.37
89.15
114.02
71.8
192.21
100.45
116.47
117.51
170.13
131.66
135.59
36.31
30.38
40.74
distance matrix
0.0
1.213
0.605
0.815
1.052
1.337
0.897
0.554
0.808
0.888
0.82
1.213
0.605
0.815
1.052
1.337
0.897
0.554
0.808
0.888
0.82
1.213
2.425
1.818
2.028
2.264
2.55
2.11
1.766
2.02
2.1
2.033
0.0
1.169
1.502
1.139
0.691
0.87
0.709
2.015
2.033
2.029
0.605
1.818
1.21
1.42
1.657
1.943
1.502
1.159
1.413
1.493
1.425
1.169
0.0
1.408
0.474
0.961
0.438
0.518
1.092
0.976
1.214
0.815
2.028
1.42
1.63
1.867
2.152
1.712
1.369
1.623
1.703
1.635
1.502
1.408
0.0
1.817
1.92
1.605
1.143
1.196
1.445
1.042
1.052
2.264
1.657
1.867
2.104
2.389
1.949
1.605
1.859
1.939
1.872
1.139
0.474
1.817
0.0
0.658
0.285
0.735
1.545
1.384
1.682
1.337
2.55
1.943
2.152
2.389
2.675
2.234
1.891
2.145
2.225
2.158
0.691
0.961
1.92
0.658
0.0
0.523
0.806
2.027
1.936
2.115
0.897
2.11
1.502
1.712
1.949
2.234
1.794
1.451
1.705
1.785
1.717
0.87
0.438
1.605
0.285
0.523
0.0
0.478
1.518
1.414
1.622
0.554
1.766
1.159
1.369
1.605
1.891
1.451
1.107
1.361
1.441
1.374
0.709
0.518
1.143
0.735
0.806
0.478
0.0
1.325
1.324
1.368
0.808
2.02
1.413
1.623
1.859
2.145
1.705
1.361
1.615
1.695
1.628
2.015
1.092
1.196
1.545
2.027
1.518
1.325
0.0
0.32
0.224
0.888
2.1
1.493
1.703
1.939
2.225
1.785
1.441
1.695
1.775
1.708
2.033
0.976
1.445
1.384
1.936
1.414
1.324
0.32
0.0
0.543
0.82
2.033
1.425
1.635
1.872
2.158
1.717
1.374
1.628
1.708
1.641
2.029
1.214
1.042
1.682
2.115
1.622
1.368
0.224
0.543
0.0
1.213
1000.0
1.818
2.028
2.264
2.55
2.11
1.766
2.02
2.1
2.033
2.425
1.818
2.028
2.264
2.55
2.11
1.766
2.02
2.1
2.033
0.605
1.818
1000.0
1.42
1.657
1.943
1.502
1.159
1.413
1.493
1.425
1.818
1.21
1.42
1.657
1.943
1.502
1.159
1.413
1.493
1.425
0.815
2.028
1.42
1000.0
1.867
2.152
1.712
1.369
1.623
1.703
1.635
2.028
1.42
1.63
1.867
2.152
1.712
1.369
1.623
1.703
1.635
1.052
2.264
1.657
1.867
1000.0
2.389
1.949
1.605
1.859
1.939
1.872
2.264
1.657
1.867
2.104
2.389
1.949
1.605
1.859
1.939
1.872
1.337
0.691
0.961
1.92
0.658
1000.0
2.234
1.891
2.145
2.225
2.158
2.55
1.943
2.152
2.389
2.675
2.234
1.891
2.145
2.225
2.158
0.897
0.87
0.438
1.605
0.285
2.234
1000.0
1.451
1.705
1.785
1.717
2.11
1.502
1.712
1.949
2.234
1.794
1.451
1.705
1.785
1.717
0.554
0.709
0.518
1.143
0.735
1.891
1.451
1000.0
1.361
1.441
1.374
1.766
1.159
1.369
1.605
1.891
1.451
1.107
1.361
1.441
1.374
0.808
2.015
1.092
1.196
1.545
2.145
1.705
1.361
1000.0
1.695
1.628
2.02
1.413
1.623
1.859
2.145
1.705
1.361
1.615
1.695
1.628
0.888
2.033
0.976
1.445
1.384
2.225
1.785
1.441
1.695
1000.0
1.708
2.1
1.493
1.703
1.939
2.225
1.785
1.441
1.695
1.775
1.708
0.82
2.029
1.214
1.042
1.682
2.158
1.717
1.374
1.628
1.708
1000.0
2.033
1.425
1.635
1.872
2.158
1.717
1.374
1.628
1.708
1.641
ENDDATA
