# of pickup customers
2
# of delivery customers
2
# of customers
4
# of tasks
8
# of given tractors
1
c1
10.0
c2
1.0
c3
0.0
timeperiod
16.0
package time
4.831
4.642
3.165
4.873
terminal coordinates
100.0
100.0
customer coordinate
2.24
69.48
13.57
53.41
108.81
6.47
11.45
103.51
distance matrix
0.0
1.227
1.23
1.547
0.584
1.227
1.23
1.547
0.584
1.227
2.454
2.457
2.774
1.811
0.0
1.531
1.225
0.643
1.23
2.457
2.46
2.777
1.814
1.531
0.0
0.702
1.23
1.547
2.774
2.777
3.093
2.131
1.225
0.702
0.0
1.254
0.584
1.811
1.814
2.131
1.168
0.643
1.23
1.254
0.0
1.227
1000.0
2.457
2.774
1.811
2.454
2.457
2.774
1.811
1.23
2.457
1000.0
2.777
1.814
2.457
2.46
2.777
1.814
1.547
1.225
0.702
1000.0
2.131
2.774
2.777
3.093
2.131
0.584
0.643
1.23
2.131
1000.0
1.811
1.814
2.131
1.168
ENDDATA
