# of pickup customers
4
# of delivery customers
3
# of customers
7
# of tasks
14
# of given tractors
1
c1
10.0
c2
1.0
c3
0.0
timeperiod
16.0
package time
3.084
3.093
4.953
4.625
3.681
4.638
4.848
terminal coordinates
100.0
100.0
customer coordinate
73.25
102.84
171.39
152.24
189.08
60.92
51.32
25.97
173.37
83.48
199.1
27.2
18.3
186.48
distance matrix
0.0
0.984
0.918
0.916
1.4
1.438
1.132
1.24
0.984
0.918
0.916
1.4
1.438
1.132
1.24
0.984
1.968
1.902
1.9
2.384
2.422
2.116
2.224
0.0
1.879
1.422
2.379
1.448
0.182
2.025
0.918
1.902
1.836
1.834
2.318
2.356
2.05
2.158
1.879
0.0
1.413
0.696
2.121
2.008
0.665
0.916
1.9
1.834
1.832
2.316
2.354
2.048
2.156
1.422
1.413
0.0
1.465
0.737
1.603
1.977
1.4
2.384
2.318
2.316
2.801
2.838
2.532
2.641
2.379
0.696
1.465
0.0
2.198
2.532
1.271
1.438
2.422
2.356
2.354
2.838
2.876
2.57
2.679
1.448
2.121
0.737
2.198
0.0
1.606
2.632
1.132
2.116
2.05
2.048
2.532
2.57
2.264
2.373
0.182
2.008
1.603
2.532
1.606
0.0
2.106
1.24
2.224
2.158
2.156
2.641
2.679
2.373
2.481
2.025
0.665
1.977
1.271
2.632
2.106
0.0
0.984
1000.0
1.902
1.9
2.384
2.422
2.116
2.224
1.968
1.902
1.9
2.384
2.422
2.116
2.224
0.918
1.902
1000.0
1.834
2.318
2.356
2.05
2.158
1.902
1.836
1.834
2.318
2.356
2.05
2.158
0.916
1.9
1.834
1000.0
2.316
2.354
2.048
2.156
1.9
1.834
1.832
2.316
2.354
2.048
2.156
1.4
2.384
2.318
2.316
1000.0
2.838
2.532
2.641
2.384
2.318
2.316
2.801
2.838
2.532
2.641
1.438
1.448
2.121
0.737
2.198
1000.0
2.57
2.679
2.422
2.356
2.354
2.838
2.876
2.57
2.679
1.132
0.182
2.008
1.603
2.532
2.57
1000.0
2.373
2.116
2.05
2.048
2.532
2.57
2.264
2.373
1.24
2.025
0.665
1.977
1.271
2.679
2.373
1000.0
2.224
2.158
2.156
2.641
2.679
2.373
2.481
ENDDATA
