# of pickup customers
20
# of delivery customers
20
# of customers
40
# of tasks
80
# of given tractors
1
c1
10.0
c2
1.0
c3
0.0
timeperiod
16.0
package time
3.982
3.793
3.168
4.875
3.287
3.663
3.875
4.459
4.813
3.955
4.096
4.096
4.492
3.034
4.382
4.606
4.892
4.113
3.999
4.152
4.975
4.168
3.443
4.612
4.558
4.809
4.319
3.499
4.731
4.466
3.193
4.777
3.806
4.095
4.91
3.696
4.497
3.759
4.746
3.817
terminal coordinates
100.0
100.0
customer coordinate
147.38
95.36
191.97
50.59
101.66
5.81
32.11
58.51
198.44
53.08
46.49
199.77
35.61
135.51
176.09
188.2
71.35
78.8
3.83
49.58
172.91
42.54
144.37
68.13
103.12
102.88
14.24
132.96
92.34
121.63
55.0
119.82
93.45
61.91
132.01
193.2
167.58
160.45
81.5
163.92
7.63
183.58
1.94
46.5
134.37
167.81
103.21
94.74
37.45
70.48
21.31
182.19
155.65
25.54
179.46
96.9
133.4
73.81
37.38
25.04
75.44
3.21
133.88
16.45
122.1
49.79
120.89
12.67
49.18
25.84
17.63
129.22
46.34
91.53
164.11
133.25
77.77
36.46
2.63
108.05
distance matrix
0.0
1.298
1.046
1.681
0.91
0.43
1.451
0.85
0.523
1.458
0.693
1.19
1.616
1.064
1.031
1.375
1.103
0.55
0.421
1.435
1.129
0.962
1.407
0.698
1.118
0.279
0.629
1.103
1.167
0.642
0.966
1.173
0.441
0.676
0.488
0.896
1.237
0.889
1.096
1.239
0.805
1.298
1.046
1.681
0.91
0.43
1.451
0.85
0.523
1.458
0.693
1.19
1.616
1.064
1.031
1.375
1.103
0.55
0.421
1.435
1.129
0.962
1.407
0.698
1.118
0.279
0.629
1.103
1.167
0.642
0.966
1.173
0.441
0.676
0.488
0.896
1.237
0.889
1.096
1.239
0.805
1.298
2.595
2.344
2.978
2.208
1.728
2.748
2.147
1.82
2.756
1.991
2.487
2.913
2.361
2.329
2.673
2.401
1.848
1.719
2.732
2.427
2.259
2.705
1.995
2.415
1.577
1.926
2.401
2.464
1.94
2.263
2.471
1.739
1.973
1.785
2.193
2.535
2.187
2.394
2.537
2.103
0.0
2.293
0.562
1.304
1.684
2.672
1.872
1.556
0.739
1.417
1.273
2.278
2.318
0.269
2.178
1.227
1.837
1.191
1.833
1.242
0.906
1.312
1.579
0.997
1.534
0.766
2.185
0.191
0.862
0.394
1.161
1.558
0.83
1.497
1.965
1.671
0.912
0.396
0.826
1.272
1.046
2.344
2.093
2.727
1.957
1.476
2.497
1.896
1.569
2.504
1.739
2.236
2.662
2.11
2.078
2.422
2.15
1.596
1.468
2.481
2.176
2.008
2.453
1.744
2.164
1.325
1.675
2.15
2.213
1.689
2.012
2.22
1.488
1.722
1.534
1.942
2.283
1.936
2.143
2.285
1.852
2.293
0.0
2.572
1.803
0.62
1.137
1.278
1.202
2.235
1.509
2.118
1.305
0.824
2.038
1.01
1.588
0.695
1.388
2.156
2.063
1.663
2.349
0.873
2.117
0.775
1.675
1.282
2.187
1.68
1.999
2.135
0.745
1.716
1.224
0.519
1.375
1.601
2.011
2.269
1.275
1.681
2.978
2.727
3.361
2.591
2.111
3.131
2.53
2.203
3.138
2.373
2.87
3.296
2.744
2.712
3.056
2.784
2.231
2.102
3.115
2.81
2.642
3.088
2.378
2.798
1.959
2.309
2.784
2.847
2.323
2.646
2.854
2.122
2.356
2.168
2.576
2.917
2.57
2.777
2.919
2.486
0.562
2.572
0.0
1.853
2.004
3.117
2.365
2.032
0.451
1.936
1.835
2.255
2.741
0.765
2.228
1.188
2.23
1.676
2.393
1.803
0.949
1.868
1.753
1.559
1.868
1.264
2.673
0.75
1.378
0.929
1.723
1.829
1.351
1.974
2.161
1.641
0.996
0.584
1.381
1.372
0.91
2.208
1.957
2.591
1.821
1.34
2.361
1.76
1.433
2.368
1.603
2.1
2.526
1.974
1.941
2.286
2.014
1.46
1.332
2.345
2.04
1.872
2.317
1.608
2.028
1.189
1.539
2.014
2.077
1.553
1.876
2.084
1.352
1.586
1.398
1.806
2.147
1.8
2.007
2.149
1.716
1.304
1.803
1.853
0.0
1.27
1.616
0.746
0.611
1.852
0.301
0.319
2.521
1.377
1.093
2.285
1.832
1.117
0.491
0.596
0.269
1.571
0.55
1.602
0.435
1.151
0.655
1.035
1.113
0.523
0.925
0.365
1.348
0.536
0.58
1.788
2.087
1.514
1.379
0.671
1.612
0.43
1.728
1.476
2.111
1.34
0.86
1.881
1.28
0.953
1.888
1.123
1.62
2.046
1.494
1.461
1.805
1.533
0.98
0.851
1.865
1.559
1.392
1.837
1.128
1.548
0.709
1.059
1.533
1.597
1.073
1.396
1.603
0.871
1.106
0.918
1.326
1.667
1.319
1.526
1.669
1.235
1.684
0.62
2.004
1.27
0.0
1.269
0.953
0.732
1.712
1.003
1.573
1.364
0.867
1.425
1.088
1.179
0.379
0.809
1.722
1.514
1.156
1.798
0.534
1.532
0.154
1.057
1.106
1.571
1.071
1.379
1.571
0.236
1.105
0.731
0.531
1.144
1.086
1.428
1.666
0.845
1.451
2.748
2.497
3.131
2.361
1.881
2.902
2.3
1.974
2.909
2.144
2.64
3.067
2.515
2.482
2.826
2.554
2.001
1.872
2.885
2.58
2.412
2.858
2.149
2.569
1.73
2.079
2.554
2.618
2.093
2.416
2.624
1.892
2.126
1.939
2.346
2.688
2.34
2.547
2.69
2.256
2.672
1.137
3.117
1.616
1.269
0.0
0.872
1.126
2.907
1.353
1.901
2.431
0.402
2.406
2.133
2.446
0.925
1.488
1.631
1.867
2.387
2.108
1.783
2.046
1.344
1.91
0.596
2.507
1.835
2.29
1.975
1.505
1.872
1.184
1.578
2.382
2.314
2.536
2.271
2.113
0.85
2.147
1.896
2.53
1.76
1.28
2.3
1.699
1.372
2.307
1.542
2.039
2.465
1.913
1.881
2.225
1.953
1.4
1.271
2.284
1.979
1.811
2.257
1.547
1.967
1.129
1.478
1.953
2.016
1.492
1.815
2.023
1.291
1.525
1.337
1.745
2.086
1.739
1.946
2.088
1.655
1.872
1.278
2.365
0.746
0.953
0.872
0.0
0.347
2.236
0.486
1.039
2.317
0.657
1.617
2.037
1.953
0.619
0.69
0.896
1.001
1.794
1.257
1.455
1.174
0.918
1.108
0.314
1.694
1.011
1.479
1.107
1.144
1.046
0.4
1.462
2.048
1.723
1.808
1.401
1.649
0.523
1.82
1.569
2.203
1.433
0.953
1.974
1.372
1.046
1.981
1.216
1.712
2.139
1.587
1.554
1.898
1.626
1.073
0.944
1.957
1.652
1.484
1.93
1.221
1.641
0.802
1.151
1.626
1.69
1.165
1.488
1.696
0.964
1.199
1.011
1.418
1.76
1.412
1.619
1.762
1.328
1.556
1.202
2.032
0.611
0.732
1.126
0.347
0.0
1.89
0.311
0.93
2.077
0.813
1.294
1.812
1.621
0.509
0.364
0.991
0.878
1.45
1.161
1.18
0.986
0.654
0.79
0.643
1.385
0.709
1.168
0.965
0.879
0.746
0.058
1.263
1.751
1.38
1.468
1.187
1.328
1.458
2.756
2.504
3.138
2.368
1.888
2.909
2.307
1.981
2.916
2.151
2.647
3.074
2.522
2.489
2.833
2.561
2.008
1.879
2.892
2.587
2.42
2.865
2.156
2.576
1.737
2.087
2.561
2.625
2.1
2.424
2.631
1.899
2.134
1.946
2.354
2.695
2.347
2.554
2.697
2.263
0.739
2.235
0.451
1.852
1.712
2.907
2.236
1.89
0.0
1.863
1.91
1.809
2.515
0.801
1.797
0.754
1.991
1.563
2.433
1.867
0.572
1.995
1.382
1.65
1.594
1.204
2.528
0.875
1.334
0.971
1.81
1.511
1.317
1.836
1.788
1.199
0.635
0.475
1.525
0.982
0.693
1.991
1.739
2.373
1.603
1.123
2.144
1.542
1.216
2.151
1.386
1.882
2.309
1.757
1.724
2.068
1.796
1.243
1.114
2.127
1.822
1.655
2.1
1.391
1.811
0.972
1.322
1.796
1.86
1.335
1.659
1.866
1.134
1.369
1.181
1.589
1.93
1.582
1.789
1.932
1.498
1.417
1.509
1.936
0.301
1.003
1.353
0.486
0.311
1.863
0.0
0.62
2.305
1.087
1.174
2.054
1.721
0.819
0.324
0.742
0.57
1.499
0.851
1.389
0.701
0.899
0.674
0.795
1.233
0.558
1.023
0.661
1.111
0.588
0.285
1.531
1.919
1.434
1.408
0.92
1.463
1.19
2.487
2.236
2.87
2.1
1.62
2.64
2.039
1.712
2.647
1.882
2.379
2.805
2.253
2.221
2.565
2.293
1.74
1.611
2.624
2.319
2.151
2.597
1.887
2.307
1.468
1.818
2.293
2.356
1.832
2.155
2.363
1.631
1.865
1.677
2.085
2.426
2.079
2.286
2.428
1.995
1.273
2.118
1.835
0.319
1.573
1.901
1.039
0.93
1.91
0.62
0.0
2.778
1.685
1.114
2.556
2.008
1.435
0.771
0.57
0.061
1.719
0.232
1.865
0.277
1.445
0.79
1.308
1.086
0.671
0.941
0.116
1.631
0.665
0.899
2.081
2.307
1.67
1.437
0.496
1.825
1.616
2.913
2.662
3.296
2.526
2.046
3.067
2.465
2.139
3.074
2.309
2.805
3.232
2.68
2.647
2.991
2.719
2.166
2.037
3.05
2.745
2.577
3.023
2.314
2.734
1.895
2.244
2.719
2.783
2.258
2.581
2.789
2.057
2.292
2.104
2.512
2.853
2.505
2.712
2.855
2.421
2.278
1.305
2.255
2.521
1.364
2.431
2.317
2.077
1.809
2.305
2.778
0.0
2.079
2.116
0.298
1.076
1.717
2.03
3.046
2.717
1.376
2.978
0.919
2.646
1.423
2.051
2.442
2.278
2.137
2.185
2.74
1.199
2.156
2.062
0.877
0.617
1.366
1.887
2.688
1.029
1.064
2.361
2.11
2.744
1.974
1.494
2.515
1.913
1.587
2.522
1.757
2.253
2.68
2.128
2.095
2.439
2.167
1.614
1.485
2.498
2.193
2.026
2.471
1.762
2.182
1.343
1.692
2.167
2.231
1.706
2.029
2.237
1.505
1.74
1.552
1.96
2.301
1.953
2.16
2.303
1.869
2.318
0.824
2.741
1.377
0.867
0.402
0.657
0.813
2.515
1.087
1.685
2.079
0.0
2.05
1.781
2.044
0.526
1.157
1.531
1.642
1.988
1.907
1.386
1.787
0.942
1.568
0.51
2.162
1.508
1.947
1.742
1.103
1.546
0.866
1.21
1.99
1.915
2.158
1.997
1.711
1.031
2.329
2.078
2.712
1.941
1.461
2.482
1.881
1.554
2.489
1.724
2.221
2.647
2.095
2.062
2.406
2.134
1.581
1.452
2.466
2.16
1.993
2.438
1.729
2.149
1.31
1.66
2.135
2.198
1.674
1.997
2.204
1.473
1.707
1.519
1.927
2.268
1.92
2.127
2.27
1.836
0.269
2.038
0.765
1.093
1.425
2.406
1.617
1.294
0.801
1.174
1.114
2.116
2.05
0.0
1.99
1.109
1.569
0.931
1.653
1.074
0.78
1.195
1.359
0.85
1.273
0.508
1.928
0.164
0.615
0.174
1.011
1.311
0.587
1.236
1.733
1.527
0.766
0.34
0.733
1.091
1.375
2.673
2.422
3.056
2.286
1.805
2.826
2.225
1.898
2.833
2.068
2.565
2.991
2.439
2.406
2.75
2.478
1.925
1.796
2.81
2.504
2.337
2.782
2.073
2.493
1.654
2.004
2.479
2.542
2.018
2.341
2.548
1.817
2.051
1.863
2.271
2.612
2.264
2.471
2.614
2.181
2.178
1.01
2.228
2.285
1.088
2.133
2.037
1.812
1.797
2.054
2.556
0.298
1.781
1.99
0.0
1.043
1.43
1.795
2.791
2.495
1.301
2.764
0.694
2.444
1.16
1.861
2.152
2.153
1.936
2.037
2.526
0.943
1.959
1.801
0.583
0.616
1.276
1.798
2.507
0.905
1.103
2.401
2.15
2.784
2.014
1.533
2.554
1.953
1.626
2.561
1.796
2.293
2.719
2.167
2.134
2.478
2.206
1.653
1.524
2.538
2.232
2.065
2.51
1.801
2.221
1.382
1.732
2.207
2.27
1.746
2.069
2.276
1.545
1.779
1.591
1.999
2.34
1.992
2.199
2.342
1.908
1.227
1.588
1.188
1.832
1.179
2.446
1.953
1.621
0.754
1.721
2.008
1.076
2.044
1.109
1.043
0.0
1.53
1.398
2.422
1.952
0.329
2.165
0.717
1.807
1.109
1.218
2.195
1.259
1.339
1.217
1.938
0.945
1.342
1.58
1.095
0.459
0.352
0.831
1.78
0.334
0.55
1.848
1.596
2.231
1.46
0.98
2.001
1.4
1.073
2.008
1.243
1.74
2.166
1.614
1.581
1.925
1.653
1.1
0.971
1.985
1.679
1.512
1.957
1.248
1.668
0.829
1.179
1.653
1.717
1.192
1.516
1.723
0.991
1.226
1.038
1.446
1.787
1.439
1.646
1.789
1.355
1.837
0.695
2.23
1.117
0.379
0.925
0.619
0.509
1.991
0.819
1.435
1.717
0.526
1.569
1.43
1.53
0.0
0.751
1.467
1.382
1.462
1.667
0.913
1.462
0.421
1.117
0.731
1.694
1.085
1.484
1.461
0.608
1.123
0.537
0.85
1.523
1.389
1.646
1.64
1.2
0.421
1.719
1.468
2.102
1.332
0.851
1.872
1.271
0.944
1.879
1.114
1.611
2.037
1.485
1.452
1.796
1.524
0.971
0.842
1.856
1.55
1.383
1.828
1.119
1.539
0.7
1.05
1.525
1.588
1.064
1.387
1.594
0.863
1.097
0.909
1.317
1.658
1.31
1.517
1.66
1.226
1.191
1.388
1.676
0.491
0.809
1.488
0.69
0.364
1.563
0.324
0.771
2.03
1.157
0.931
1.795
1.398
0.751
0.0
1.042
0.711
1.177
0.992
1.112
0.729
0.676
0.425
0.999
1.021
0.351
0.804
0.763
0.862
0.389
0.306
1.31
1.612
1.111
1.122
0.89
1.147
1.435
2.732
2.481
3.115
2.345
1.865
2.885
2.284
1.957
2.892
2.127
2.624
3.05
2.498
2.466
2.81
2.538
1.985
1.856
2.869
2.564
2.396
2.842
2.132
2.552
1.713
2.063
2.538
2.601
2.077
2.4
2.608
1.876
2.11
1.922
2.33
2.671
2.324
2.531
2.673
2.24
1.833
2.156
2.393
0.596
1.722
1.631
0.896
0.991
2.433
0.742
0.57
3.046
1.531
1.653
2.791
2.422
1.467
1.042
0.0
0.592
2.166
0.645
2.131
0.845
1.632
1.248
1.052
1.643
1.116
1.48
0.686
1.849
1.126
0.993
2.253
2.653
2.108
1.958
1.064
2.187
1.129
2.427
2.176
2.81
2.04
1.559
2.58
1.979
1.652
2.587
1.822
2.319
2.745
2.193
2.16
2.504
2.232
1.679
1.55
2.564
2.258
2.091
2.536
1.827
2.247
1.408
1.758
2.233
2.296
1.772
2.095
2.302
1.571
1.805
1.617
2.025
2.366
2.019
2.226
2.368
1.935
1.242
2.063
1.803
0.269
1.514
1.867
1.001
0.878
1.867
0.57
0.061
2.717
1.642
1.074
2.495
1.952
1.382
0.711
0.592
0.0
1.665
0.287
1.804
0.256
1.386
0.735
1.277
1.054
0.614
0.901
0.115
1.571
0.61
0.845
2.021
2.248
1.616
1.393
0.488
1.766
0.962
2.259
2.008
2.642
1.872
1.392
2.412
1.811
1.484
2.42
1.655
2.151
2.577
2.026
1.993
2.337
2.065
1.512
1.383
2.396
2.091
1.923
2.369
1.66
2.079
1.241
1.59
2.065
2.128
1.604
1.927
2.135
1.403
1.637
1.449
1.857
2.199
1.851
2.058
2.201
1.767
0.906
1.663
0.949
1.571
1.156
2.387
1.794
1.45
0.572
1.499
1.719
1.376
1.988
0.78
1.301
0.329
1.462
1.177
2.166
1.665
0.0
1.863
0.813
1.503
1.049
0.932
2.063
0.93
1.059
0.892
1.641
0.945
1.058
1.402
1.221
0.766
0.073
0.512
1.461
0.423
1.407
2.705
2.453
3.088
2.317
1.837
2.858
2.257
1.93
2.865
2.1
2.597
3.023
2.471
2.438
2.782
2.51
1.957
1.828
2.842
2.536
2.369
2.814
2.105
2.525
1.686
2.036
2.51
2.574
2.049
2.373
2.58
1.848
2.083
1.895
2.303
2.644
2.296
2.503
2.646
2.212
1.312
2.349
1.868
0.55
1.798
2.108
1.257
1.161
1.995
0.851
0.232
2.978
1.907
1.195
2.764
2.165
1.667
0.992
0.645
0.287
1.863
0.0
2.071
0.36
1.668
0.953
1.513
1.136
0.847
1.028
0.238
1.848
0.834
1.13
2.301
2.488
1.82
1.531
0.487
2.005
0.698
1.995
1.744
2.378
1.608
1.128
2.149
1.547
1.221
2.156
1.391
1.887
2.314
1.762
1.729
2.073
1.801
1.248
1.119
2.132
1.827
1.66
2.105
1.396
1.816
0.977
1.326
1.801
1.865
1.34
1.663
1.871
1.139
1.374
1.186
1.594
1.935
1.587
1.794
1.937
1.503
1.579
0.873
1.753
1.602
0.534
1.783
1.455
1.18
1.382
1.389
1.865
0.919
1.386
1.359
0.694
0.717
0.913
1.112
2.131
1.804
0.813
2.071
0.0
1.75
0.536
1.172
1.635
1.522
1.243
1.38
1.833
0.312
1.266
1.159
0.408
0.61
0.759
1.234
1.819
0.405
1.118
2.415
2.164
2.798
2.028
1.548
2.569
1.967
1.641
2.576
1.811
2.307
2.734
2.182
2.149
2.493
2.221
1.668
1.539
2.552
2.247
2.079
2.525
1.816
2.236
1.397
1.746
2.221
2.285
1.76
2.083
2.291
1.559
1.794
1.606
2.013
2.355
2.007
2.214
2.357
1.923
0.997
2.117
1.559
0.435
1.532
2.046
1.174
0.986
1.65
0.701
0.277
2.646
1.787
0.85
2.444
1.807
1.462
0.729
0.845
0.256
1.503
0.36
1.75
0.0
1.391
0.602
1.469
0.812
0.509
0.679
0.165
1.551
0.49
0.942
2.011
2.139
1.46
1.181
0.24
1.657
0.279
1.577
1.325
1.959
1.189
0.709
1.73
1.129
0.802
1.737
0.972
1.468
1.895
1.343
1.31
1.654
1.382
0.829
0.7
1.713
1.408
1.241
1.686
0.977
1.397
0.558
0.908
1.382
1.446
0.921
1.245
1.452
0.72
0.955
0.767
1.175
1.516
1.168
1.375
1.518
1.084
1.534
0.775
1.868
1.151
0.154
1.344
0.918
0.654
1.594
0.899
1.445
1.423
0.942
1.273
1.16
1.109
0.421
0.676
1.632
1.386
1.049
1.668
0.536
1.391
0.0
0.904
1.111
1.418
0.921
1.225
1.438
0.227
0.955
0.641
0.637
1.135
0.978
1.288
1.518
0.78
0.629
1.926
1.675
2.309
1.539
1.059
2.079
1.478
1.151
2.087
1.322
1.818
2.244
1.692
1.66
2.004
1.732
1.179
1.05
2.063
1.758
1.59
2.036
1.326
1.746
0.908
1.257
1.732
1.795
1.271
1.594
1.802
1.07
1.304
1.116
1.524
1.866
1.518
1.725
1.868
1.434
0.766
1.675
1.264
0.655
1.057
1.91
1.108
0.79
1.204
0.674
0.79
2.051
1.568
0.508
1.861
1.218
1.117
0.425
1.248
0.735
0.932
0.953
1.172
0.602
0.904
0.0
1.42
0.597
0.132
0.38
0.721
1.015
0.126
0.731
1.475
1.537
0.881
0.739
0.647
1.055
1.103
2.401
2.15
2.784
2.014
1.533
2.554
1.953
1.626
2.561
1.796
2.293
2.719
2.167
2.135
2.479
2.207
1.653
1.525
2.538
2.233
2.065
2.51
1.801
2.221
1.382
1.732
2.207
2.27
1.746
2.069
2.277
1.545
1.779
1.591
1.999
2.34
1.993
2.2
2.342
1.909
2.185
1.282
2.673
1.035
1.106
0.596
0.314
0.643
2.528
0.795
1.308
2.442
0.51
1.928
2.152
2.195
0.731
0.999
1.052
1.277
2.063
1.513
1.635
1.469
1.111
1.42
0.0
2.008
1.325
1.793
1.388
1.324
1.36
0.7
1.568
2.242
1.991
2.11
1.701
1.878
1.167
2.464
2.213
2.847
2.077
1.597
2.618
2.016
1.69
2.625
1.86
2.356
2.783
2.231
2.198
2.542
2.27
1.717
1.588
2.601
2.296
2.128
2.574
1.865
2.285
1.446
1.795
2.27
2.334
1.809
2.132
2.34
1.608
1.843
1.655
2.062
2.404
2.056
2.263
2.406
1.972
0.191
2.187
0.75
1.113
1.571
2.507
1.694
1.385
0.875
1.233
1.086
2.278
2.162
0.164
2.153
1.259
1.694
1.021
1.643
1.054
0.93
1.136
1.522
0.812
1.418
0.597
2.008
0.0
0.683
0.217
0.976
1.466
0.649
1.327
1.893
1.685
0.922
0.454
0.655
1.253
0.642
1.94
1.689
2.323
1.553
1.073
2.093
1.492
1.165
2.1
1.335
1.832
2.258
1.706
1.674
2.018
1.746
1.192
1.064
2.077
1.772
1.604
2.049
1.34
1.76
0.921
1.271
1.746
1.809
1.285
1.608
1.816
1.084
1.318
1.13
1.538
1.879
1.532
1.739
1.881
1.448
0.862
1.68
1.378
0.523
1.071
1.835
1.011
0.709
1.334
0.558
0.671
2.137
1.508
0.615
1.936
1.339
1.085
0.351
1.116
0.614
1.059
0.847
1.243
0.509
0.921
0.132
1.325
0.683
0.0
0.468
0.611
1.058
0.038
0.652
1.52
1.641
1.006
0.866
0.597
1.158
0.966
2.263
2.012
2.646
1.876
1.396
2.416
1.815
1.488
2.424
1.659
2.155
2.581
2.029
1.997
2.341
2.069
1.516
1.387
2.4
2.095
1.927
2.373
1.663
2.083
1.245
1.594
2.069
2.132
1.608
1.931
2.139
1.407
1.641
1.453
1.861
2.203
1.855
2.062
2.205
1.771
0.394
1.999
0.929
0.925
1.379
2.29
1.479
1.168
0.971
1.023
0.941
2.185
1.947
0.174
2.037
1.217
1.484
0.804
1.48
0.901
0.892
1.028
1.38
0.679
1.225
0.38
1.793
0.217
0.468
0.0
0.839
1.292
0.436
1.11
1.733
1.613
0.867
0.503
0.579
1.156
1.173
2.471
2.22
2.854
2.084
1.603
2.624
2.023
1.696
2.631
1.866
2.363
2.789
2.237
2.204
2.548
2.276
1.723
1.594
2.608
2.302
2.135
2.58
1.871
2.291
1.452
1.802
2.277
2.34
1.816
2.139
2.347
1.615
1.849
1.661
2.069
2.41
2.063
2.27
2.412
1.979
1.161
2.135
1.723
0.365
1.571
1.975
1.107
0.965
1.81
0.661
0.116
2.74
1.742
1.011
2.526
1.938
1.461
0.763
0.686
0.115
1.641
0.238
1.833
0.165
1.438
0.721
1.388
0.976
0.611
0.839
0.0
1.613
0.6
0.928
2.069
2.252
1.595
1.339
0.381
1.77
0.441
1.739
1.488
2.122
1.352
0.871
1.892
1.291
0.964
1.899
1.134
1.631
2.057
1.505
1.473
1.817
1.545
0.991
0.863
1.876
1.571
1.403
1.848
1.139
1.559
0.72
1.07
1.545
1.608
1.084
1.407
1.615
0.883
1.117
0.929
1.337
1.678
1.331
1.538
1.68
1.247
1.558
0.745
1.829
1.348
0.236
1.505
1.144
0.879
1.511
1.111
1.631
1.199
1.103
1.311
0.943
0.945
0.608
0.862
1.849
1.571
0.945
1.848
0.312
1.551
0.227
1.015
1.324
1.466
1.058
1.292
1.613
0.0
1.087
0.864
0.462
0.919
0.878
1.266
1.653
0.611
0.676
1.973
1.722
2.356
1.586
1.106
2.126
1.525
1.199
2.134
1.369
1.865
2.292
1.74
1.707
2.051
1.779
1.226
1.097
2.11
1.805
1.637
2.083
1.374
1.794
0.955
1.304
1.779
1.843
1.318
1.641
1.849
1.117
1.351
1.163
1.571
1.913
1.565
1.772
1.915
1.481
0.83
1.716
1.351
0.536
1.105
1.872
1.046
0.746
1.317
0.588
0.665
2.156
1.546
0.587
1.959
1.342
1.123
0.389
1.126
0.61
1.058
0.834
1.266
0.49
0.955
0.126
1.36
0.649
0.038
0.436
0.6
1.087
0.0
0.689
1.549
1.654
1.006
0.847
0.566
1.171
0.488
1.785
1.534
2.168
1.398
0.918
1.939
1.337
1.011
1.946
1.181
1.677
2.104
1.552
1.519
1.863
1.591
1.038
0.909
1.922
1.617
1.449
1.895
1.186
1.606
0.767
1.116
1.591
1.655
1.13
1.453
1.661
0.929
1.163
0.976
1.383
1.725
1.377
1.584
1.727
1.293
1.497
1.224
1.974
0.58
0.731
1.184
0.4
0.058
1.836
0.285
0.899
2.062
0.866
1.236
1.801
1.58
0.537
0.306
0.993
0.845
1.402
1.13
1.159
0.942
0.641
0.731
0.7
1.327
0.652
1.11
0.928
0.864
0.689
0.0
1.261
1.722
1.332
1.411
1.138
1.292
0.896
2.193
1.942
2.576
1.806
1.326
2.346
1.745
1.418
2.354
1.589
2.085
2.512
1.96
1.927
2.271
1.999
1.446
1.317
2.33
2.025
1.857
2.303
1.594
2.013
1.175
1.524
1.999
2.062
1.538
1.861
2.069
1.337
1.571
1.383
1.791
2.133
1.785
1.992
2.135
1.701
1.965
0.519
2.161
1.788
0.531
1.578
1.462
1.263
1.788
1.531
2.081
0.877
1.21
1.733
0.583
1.095
0.85
1.31
2.253
2.021
1.221
2.301
0.408
2.011
0.637
1.475
1.568
1.893
1.52
1.733
2.069
0.462
1.549
1.261
0.0
0.857
1.167
1.635
2.115
0.806
1.237
2.535
2.283
2.917
2.147
1.667
2.688
2.086
1.76
2.695
1.93
2.426
2.853
2.301
2.268
2.612
2.34
1.787
1.658
2.671
2.366
2.199
2.644
1.935
2.355
1.516
1.866
2.34
2.404
1.879
2.203
2.41
1.678
1.913
1.725
2.133
2.474
2.126
2.333
2.476
2.042
1.671
1.375
1.641
2.087
1.144
2.382
2.048
1.751
1.199
1.919
2.307
0.617
1.99
1.527
0.616
0.459
1.523
1.612
2.653
2.248
0.766
2.488
0.61
2.139
1.135
1.537
2.242
1.685
1.641
1.613
2.252
0.919
1.654
1.722
0.857
0.0
0.764
1.277
2.148
0.483
0.889
2.187
1.936
2.57
1.8
1.319
2.34
1.739
1.412
2.347
1.582
2.079
2.505
1.953
1.92
2.264
1.992
1.439
1.31
2.324
2.019
1.851
2.296
1.587
2.007
1.168
1.518
1.993
2.056
1.532
1.855
2.063
1.331
1.565
1.377
1.785
2.126
1.779
1.986
2.128
1.695
0.912
1.601
0.996
1.514
1.086
2.314
1.723
1.38
0.635
1.434
1.67
1.366
1.915
0.766
1.276
0.352
1.389
1.111
2.108
1.616
0.073
1.82
0.759
1.46
0.978
0.881
1.991
0.922
1.006
0.867
1.595
0.878
1.006
1.332
1.167
0.764
0.0
0.524
1.428
0.381
1.096
2.394
2.143
2.777
2.007
1.526
2.547
1.946
1.619
2.554
1.789
2.286
2.712
2.16
2.127
2.471
2.199
1.646
1.517
2.531
2.226
2.058
2.503
1.794
2.214
1.375
1.725
2.2
2.263
1.739
2.062
2.27
1.538
1.772
1.584
1.992
2.333
1.986
2.193
2.335
1.902
0.396
2.011
0.584
1.379
1.428
2.536
1.808
1.468
0.475
1.408
1.437
1.887
2.158
0.34
1.798
0.831
1.646
1.122
1.958
1.393
0.512
1.531
1.234
1.181
1.288
0.739
2.11
0.454
0.866
0.503
1.339
1.266
0.847
1.411
1.635
1.277
0.524
0.0
1.074
0.896
1.239
2.537
2.285
2.919
2.149
1.669
2.69
2.088
1.762
2.697
1.932
2.428
2.855
2.303
2.27
2.614
2.342
1.789
1.66
2.673
2.368
2.201
2.646
1.937
2.357
1.518
1.868
2.342
2.406
1.881
2.205
2.412
1.68
1.915
1.727
2.135
2.476
2.128
2.335
2.478
2.044
0.826
2.269
1.381
0.671
1.666
2.271
1.401
1.187
1.525
0.92
0.496
2.688
1.997
0.733
2.507
1.78
1.64
0.89
1.064
0.488
1.461
0.487
1.819
0.24
1.518
0.647
1.701
0.655
0.597
0.579
0.381
1.653
0.566
1.138
2.115
2.148
1.428
1.074
0.0
1.673
0.805
2.103
1.852
2.486
1.716
1.235
2.256
1.655
1.328
2.263
1.498
1.995
2.421
1.869
1.836
2.181
1.908
1.355
1.226
2.24
1.935
1.767
2.212
1.503
1.923
1.084
1.434
1.909
1.972
1.448
1.771
1.979
1.247
1.481
1.293
1.701
2.042
1.695
1.902
2.044
1.611
1.272
1.275
1.372
1.612
0.845
2.113
1.649
1.328
0.982
1.463
1.825
1.029
1.711
1.091
0.905
0.334
1.2
1.147
2.187
1.766
0.423
2.005
0.405
1.657
0.78
1.055
1.878
1.253
1.158
1.156
1.77
0.611
1.171
1.292
0.806
0.483
0.381
0.896
1.673
0.0
1.298
1000.0
2.344
2.978
2.208
1.728
2.748
2.147
1.82
2.756
1.991
2.487
2.913
2.361
2.329
2.673
2.401
1.848
1.719
2.732
2.427
2.259
2.705
1.995
2.415
1.577
1.926
2.401
2.464
1.94
2.263
2.471
1.739
1.973
1.785
2.193
2.535
2.187
2.394
2.537
2.103
2.595
2.344
2.978
2.208
1.728
2.748
2.147
1.82
2.756
1.991
2.487
2.913
2.361
2.329
2.673
2.401
1.848
1.719
2.732
2.427
2.259
2.705
1.995
2.415
1.577
1.926
2.401
2.464
1.94
2.263
2.471
1.739
1.973
1.785
2.193
2.535
2.187
2.394
2.537
2.103
1.046
2.344
1000.0
2.727
1.957
1.476
2.497
1.896
1.569
2.504
1.739
2.236
2.662
2.11
2.078
2.422
2.15
1.596
1.468
2.481
2.176
2.008
2.453
1.744
2.164
1.325
1.675
2.15
2.213
1.689
2.012
2.22
1.488
1.722
1.534
1.942
2.283
1.936
2.143
2.285
1.852
2.344
2.093
2.727
1.957
1.476
2.497
1.896
1.569
2.504
1.739
2.236
2.662
2.11
2.078
2.422
2.15
1.596
1.468
2.481
2.176
2.008
2.453
1.744
2.164
1.325
1.675
2.15
2.213
1.689
2.012
2.22
1.488
1.722
1.534
1.942
2.283
1.936
2.143
2.285
1.852
1.681
2.978
2.727
1000.0
2.591
2.111
3.131
2.53
2.203
3.138
2.373
2.87
3.296
2.744
2.712
3.056
2.784
2.231
2.102
3.115
2.81
2.642
3.088
2.378
2.798
1.959
2.309
2.784
2.847
2.323
2.646
2.854
2.122
2.356
2.168
2.576
2.917
2.57
2.777
2.919
2.486
2.978
2.727
3.361
2.591
2.111
3.131
2.53
2.203
3.138
2.373
2.87
3.296
2.744
2.712
3.056
2.784
2.231
2.102
3.115
2.81
2.642
3.088
2.378
2.798
1.959
2.309
2.784
2.847
2.323
2.646
2.854
2.122
2.356
2.168
2.576
2.917
2.57
2.777
2.919
2.486
0.91
2.208
1.957
2.591
1000.0
1.34
2.361
1.76
1.433
2.368
1.603
2.1
2.526
1.974
1.941
2.286
2.014
1.46
1.332
2.345
2.04
1.872
2.317
1.608
2.028
1.189
1.539
2.014
2.077
1.553
1.876
2.084
1.352
1.586
1.398
1.806
2.147
1.8
2.007
2.149
1.716
2.208
1.957
2.591
1.821
1.34
2.361
1.76
1.433
2.368
1.603
2.1
2.526
1.974
1.941
2.286
2.014
1.46
1.332
2.345
2.04
1.872
2.317
1.608
2.028
1.189
1.539
2.014
2.077
1.553
1.876
2.084
1.352
1.586
1.398
1.806
2.147
1.8
2.007
2.149
1.716
0.43
1.728
1.476
2.111
1.34
1000.0
1.881
1.28
0.953
1.888
1.123
1.62
2.046
1.494
1.461
1.805
1.533
0.98
0.851
1.865
1.559
1.392
1.837
1.128
1.548
0.709
1.059
1.533
1.597
1.073
1.396
1.603
0.871
1.106
0.918
1.326
1.667
1.319
1.526
1.669
1.235
1.728
1.476
2.111
1.34
0.86
1.881
1.28
0.953
1.888
1.123
1.62
2.046
1.494
1.461
1.805
1.533
0.98
0.851
1.865
1.559
1.392
1.837
1.128
1.548
0.709
1.059
1.533
1.597
1.073
1.396
1.603
0.871
1.106
0.918
1.326
1.667
1.319
1.526
1.669
1.235
1.451
2.748
2.497
3.131
2.361
1.881
1000.0
2.3
1.974
2.909
2.144
2.64
3.067
2.515
2.482
2.826
2.554
2.001
1.872
2.885
2.58
2.412
2.858
2.149
2.569
1.73
2.079
2.554
2.618
2.093
2.416
2.624
1.892
2.126
1.939
2.346
2.688
2.34
2.547
2.69
2.256
2.748
2.497
3.131
2.361
1.881
2.902
2.3
1.974
2.909
2.144
2.64
3.067
2.515
2.482
2.826
2.554
2.001
1.872
2.885
2.58
2.412
2.858
2.149
2.569
1.73
2.079
2.554
2.618
2.093
2.416
2.624
1.892
2.126
1.939
2.346
2.688
2.34
2.547
2.69
2.256
0.85
2.147
1.896
2.53
1.76
1.28
2.3
1000.0
1.372
2.307
1.542
2.039
2.465
1.913
1.881
2.225
1.953
1.4
1.271
2.284
1.979
1.811
2.257
1.547
1.967
1.129
1.478
1.953
2.016
1.492
1.815
2.023
1.291
1.525
1.337
1.745
2.086
1.739
1.946
2.088
1.655
2.147
1.896
2.53
1.76
1.28
2.3
1.699
1.372
2.307
1.542
2.039
2.465
1.913
1.881
2.225
1.953
1.4
1.271
2.284
1.979
1.811
2.257
1.547
1.967
1.129
1.478
1.953
2.016
1.492
1.815
2.023
1.291
1.525
1.337
1.745
2.086
1.739
1.946
2.088
1.655
0.523
1.82
1.569
2.203
1.433
0.953
1.974
1.372
1000.0
1.981
1.216
1.712
2.139
1.587
1.554
1.898
1.626
1.073
0.944
1.957
1.652
1.484
1.93
1.221
1.641
0.802
1.151
1.626
1.69
1.165
1.488
1.696
0.964
1.199
1.011
1.418
1.76
1.412
1.619
1.762
1.328
1.82
1.569
2.203
1.433
0.953
1.974
1.372
1.046
1.981
1.216
1.712
2.139
1.587
1.554
1.898
1.626
1.073
0.944
1.957
1.652
1.484
1.93
1.221
1.641
0.802
1.151
1.626
1.69
1.165
1.488
1.696
0.964
1.199
1.011
1.418
1.76
1.412
1.619
1.762
1.328
1.458
2.756
2.504
3.138
2.368
1.888
2.909
2.307
1.981
1000.0
2.151
2.647
3.074
2.522
2.489
2.833
2.561
2.008
1.879
2.892
2.587
2.42
2.865
2.156
2.576
1.737
2.087
2.561
2.625
2.1
2.424
2.631
1.899
2.134
1.946
2.354
2.695
2.347
2.554
2.697
2.263
2.756
2.504
3.138
2.368
1.888
2.909
2.307
1.981
2.916
2.151
2.647
3.074
2.522
2.489
2.833
2.561
2.008
1.879
2.892
2.587
2.42
2.865
2.156
2.576
1.737
2.087
2.561
2.625
2.1
2.424
2.631
1.899
2.134
1.946
2.354
2.695
2.347
2.554
2.697
2.263
0.693
1.991
1.739
2.373
1.603
1.123
2.144
1.542
1.216
2.151
1000.0
1.882
2.309
1.757
1.724
2.068
1.796
1.243
1.114
2.127
1.822
1.655
2.1
1.391
1.811
0.972
1.322
1.796
1.86
1.335
1.659
1.866
1.134
1.369
1.181
1.589
1.93
1.582
1.789
1.932
1.498
1.991
1.739
2.373
1.603
1.123
2.144
1.542
1.216
2.151
1.386
1.882
2.309
1.757
1.724
2.068
1.796
1.243
1.114
2.127
1.822
1.655
2.1
1.391
1.811
0.972
1.322
1.796
1.86
1.335
1.659
1.866
1.134
1.369
1.181
1.589
1.93
1.582
1.789
1.932
1.498
1.19
2.487
2.236
2.87
2.1
1.62
2.64
2.039
1.712
2.647
1.882
1000.0
2.805
2.253
2.221
2.565
2.293
1.74
1.611
2.624
2.319
2.151
2.597
1.887
2.307
1.468
1.818
2.293
2.356
1.832
2.155
2.363
1.631
1.865
1.677
2.085
2.426
2.079
2.286
2.428
1.995
2.487
2.236
2.87
2.1
1.62
2.64
2.039
1.712
2.647
1.882
2.379
2.805
2.253
2.221
2.565
2.293
1.74
1.611
2.624
2.319
2.151
2.597
1.887
2.307
1.468
1.818
2.293
2.356
1.832
2.155
2.363
1.631
1.865
1.677
2.085
2.426
2.079
2.286
2.428
1.995
1.616
2.913
2.662
3.296
2.526
2.046
3.067
2.465
2.139
3.074
2.309
2.805
1000.0
2.68
2.647
2.991
2.719
2.166
2.037
3.05
2.745
2.577
3.023
2.314
2.734
1.895
2.244
2.719
2.783
2.258
2.581
2.789
2.057
2.292
2.104
2.512
2.853
2.505
2.712
2.855
2.421
2.913
2.662
3.296
2.526
2.046
3.067
2.465
2.139
3.074
2.309
2.805
3.232
2.68
2.647
2.991
2.719
2.166
2.037
3.05
2.745
2.577
3.023
2.314
2.734
1.895
2.244
2.719
2.783
2.258
2.581
2.789
2.057
2.292
2.104
2.512
2.853
2.505
2.712
2.855
2.421
1.064
2.361
2.11
2.744
1.974
1.494
2.515
1.913
1.587
2.522
1.757
2.253
2.68
1000.0
2.095
2.439
2.167
1.614
1.485
2.498
2.193
2.026
2.471
1.762
2.182
1.343
1.692
2.167
2.231
1.706
2.029
2.237
1.505
1.74
1.552
1.96
2.301
1.953
2.16
2.303
1.869
2.361
2.11
2.744
1.974
1.494
2.515
1.913
1.587
2.522
1.757
2.253
2.68
2.128
2.095
2.439
2.167
1.614
1.485
2.498
2.193
2.026
2.471
1.762
2.182
1.343
1.692
2.167
2.231
1.706
2.029
2.237
1.505
1.74
1.552
1.96
2.301
1.953
2.16
2.303
1.869
1.031
2.329
2.078
2.712
1.941
1.461
2.482
1.881
1.554
2.489
1.724
2.221
2.647
2.095
1000.0
2.406
2.134
1.581
1.452
2.466
2.16
1.993
2.438
1.729
2.149
1.31
1.66
2.135
2.198
1.674
1.997
2.204
1.473
1.707
1.519
1.927
2.268
1.92
2.127
2.27
1.836
2.329
2.078
2.712
1.941
1.461
2.482
1.881
1.554
2.489
1.724
2.221
2.647
2.095
2.062
2.406
2.134
1.581
1.452
2.466
2.16
1.993
2.438
1.729
2.149
1.31
1.66
2.135
2.198
1.674
1.997
2.204
1.473
1.707
1.519
1.927
2.268
1.92
2.127
2.27
1.836
1.375
2.673
2.422
3.056
2.286
1.805
2.826
2.225
1.898
2.833
2.068
2.565
2.991
2.439
2.406
1000.0
2.478
1.925
1.796
2.81
2.504
2.337
2.782
2.073
2.493
1.654
2.004
2.479
2.542
2.018
2.341
2.548
1.817
2.051
1.863
2.271
2.612
2.264
2.471
2.614
2.181
2.673
2.422
3.056
2.286
1.805
2.826
2.225
1.898
2.833
2.068
2.565
2.991
2.439
2.406
2.75
2.478
1.925
1.796
2.81
2.504
2.337
2.782
2.073
2.493
1.654
2.004
2.479
2.542
2.018
2.341
2.548
1.817
2.051
1.863
2.271
2.612
2.264
2.471
2.614
2.181
1.103
2.401
2.15
2.784
2.014
1.533
2.554
1.953
1.626
2.561
1.796
2.293
2.719
2.167
2.134
2.478
1000.0
1.653
1.524
2.538
2.232
2.065
2.51
1.801
2.221
1.382
1.732
2.207
2.27
1.746
2.069
2.276
1.545
1.779
1.591
1.999
2.34
1.992
2.199
2.342
1.908
2.401
2.15
2.784
2.014
1.533
2.554
1.953
1.626
2.561
1.796
2.293
2.719
2.167
2.134
2.478
2.206
1.653
1.524
2.538
2.232
2.065
2.51
1.801
2.221
1.382
1.732
2.207
2.27
1.746
2.069
2.276
1.545
1.779
1.591
1.999
2.34
1.992
2.199
2.342
1.908
0.55
1.848
1.596
2.231
1.46
0.98
2.001
1.4
1.073
2.008
1.243
1.74
2.166
1.614
1.581
1.925
1.653
1000.0
0.971
1.985
1.679
1.512
1.957
1.248
1.668
0.829
1.179
1.653
1.717
1.192
1.516
1.723
0.991
1.226
1.038
1.446
1.787
1.439
1.646
1.789
1.355
1.848
1.596
2.231
1.46
0.98
2.001
1.4
1.073
2.008
1.243
1.74
2.166
1.614
1.581
1.925
1.653
1.1
0.971
1.985
1.679
1.512
1.957
1.248
1.668
0.829
1.179
1.653
1.717
1.192
1.516
1.723
0.991
1.226
1.038
1.446
1.787
1.439
1.646
1.789
1.355
0.421
1.719
1.468
2.102
1.332
0.851
1.872
1.271
0.944
1.879
1.114
1.611
2.037
1.485
1.452
1.796
1.524
0.971
1000.0
1.856
1.55
1.383
1.828
1.119
1.539
0.7
1.05
1.525
1.588
1.064
1.387
1.594
0.863
1.097
0.909
1.317
1.658
1.31
1.517
1.66
1.226
1.719
1.468
2.102
1.332
0.851
1.872
1.271
0.944
1.879
1.114
1.611
2.037
1.485
1.452
1.796
1.524
0.971
0.842
1.856
1.55
1.383
1.828
1.119
1.539
0.7
1.05
1.525
1.588
1.064
1.387
1.594
0.863
1.097
0.909
1.317
1.658
1.31
1.517
1.66
1.226
1.435
2.732
2.481
3.115
2.345
1.865
2.885
2.284
1.957
2.892
2.127
2.624
3.05
2.498
2.466
2.81
2.538
1.985
1.856
1000.0
2.564
2.396
2.842
2.132
2.552
1.713
2.063
2.538
2.601
2.077
2.4
2.608
1.876
2.11
1.922
2.33
2.671
2.324
2.531
2.673
2.24
2.732
2.481
3.115
2.345
1.865
2.885
2.284
1.957
2.892
2.127
2.624
3.05
2.498
2.466
2.81
2.538
1.985
1.856
2.869
2.564
2.396
2.842
2.132
2.552
1.713
2.063
2.538
2.601
2.077
2.4
2.608
1.876
2.11
1.922
2.33
2.671
2.324
2.531
2.673
2.24
1.129
2.427
2.176
2.81
2.04
1.559
2.58
1.979
1.652
2.587
1.822
2.319
2.745
2.193
2.16
2.504
2.232
1.679
1.55
2.564
1000.0
2.091
2.536
1.827
2.247
1.408
1.758
2.233
2.296
1.772
2.095
2.302
1.571
1.805
1.617
2.025
2.366
2.019
2.226
2.368
1.935
2.427
2.176
2.81
2.04
1.559
2.58
1.979
1.652
2.587
1.822
2.319
2.745
2.193
2.16
2.504
2.232
1.679
1.55
2.564
2.258
2.091
2.536
1.827
2.247
1.408
1.758
2.233
2.296
1.772
2.095
2.302
1.571
1.805
1.617
2.025
2.366
2.019
2.226
2.368
1.935
0.962
0.906
1.663
0.949
1.571
1.156
2.387
1.794
1.45
0.572
1.499
1.719
1.376
1.988
0.78
1.301
0.329
1.462
1.177
2.166
1.665
1000.0
2.369
1.66
2.079
1.241
1.59
2.065
2.128
1.604
1.927
2.135
1.403
1.637
1.449
1.857
2.199
1.851
2.058
2.201
1.767
2.259
2.008
2.642
1.872
1.392
2.412
1.811
1.484
2.42
1.655
2.151
2.577
2.026
1.993
2.337
2.065
1.512
1.383
2.396
2.091
1.923
2.369
1.66
2.079
1.241
1.59
2.065
2.128
1.604
1.927
2.135
1.403
1.637
1.449
1.857
2.199
1.851
2.058
2.201
1.767
1.407
1.312
2.349
1.868
0.55
1.798
2.108
1.257
1.161
1.995
0.851
0.232
2.978
1.907
1.195
2.764
2.165
1.667
0.992
0.645
0.287
2.369
1000.0
2.105
2.525
1.686
2.036
2.51
2.574
2.049
2.373
2.58
1.848
2.083
1.895
2.303
2.644
2.296
2.503
2.646
2.212
2.705
2.453
3.088
2.317
1.837
2.858
2.257
1.93
2.865
2.1
2.597
3.023
2.471
2.438
2.782
2.51
1.957
1.828
2.842
2.536
2.369
2.814
2.105
2.525
1.686
2.036
2.51
2.574
2.049
2.373
2.58
1.848
2.083
1.895
2.303
2.644
2.296
2.503
2.646
2.212
0.698
1.579
0.873
1.753
1.602
0.534
1.783
1.455
1.18
1.382
1.389
1.865
0.919
1.386
1.359
0.694
0.717
0.913
1.112
2.131
1.804
1.66
2.105
1000.0
1.816
0.977
1.326
1.801
1.865
1.34
1.663
1.871
1.139
1.374
1.186
1.594
1.935
1.587
1.794
1.937
1.503
1.995
1.744
2.378
1.608
1.128
2.149
1.547
1.221
2.156
1.391
1.887
2.314
1.762
1.729
2.073
1.801
1.248
1.119
2.132
1.827
1.66
2.105
1.396
1.816
0.977
1.326
1.801
1.865
1.34
1.663
1.871
1.139
1.374
1.186
1.594
1.935
1.587
1.794
1.937
1.503
1.118
0.997
2.117
1.559
0.435
1.532
2.046
1.174
0.986
1.65
0.701
0.277
2.646
1.787
0.85
2.444
1.807
1.462
0.729
0.845
0.256
2.079
2.525
1.816
1000.0
1.397
1.746
2.221
2.285
1.76
2.083
2.291
1.559
1.794
1.606
2.013
2.355
2.007
2.214
2.357
1.923
2.415
2.164
2.798
2.028
1.548
2.569
1.967
1.641
2.576
1.811
2.307
2.734
2.182
2.149
2.493
2.221
1.668
1.539
2.552
2.247
2.079
2.525
1.816
2.236
1.397
1.746
2.221
2.285
1.76
2.083
2.291
1.559
1.794
1.606
2.013
2.355
2.007
2.214
2.357
1.923
0.279
1.534
0.775
1.868
1.151
0.154
1.344
0.918
0.654
1.594
0.899
1.445
1.423
0.942
1.273
1.16
1.109
0.421
0.676
1.632
1.386
1.241
1.686
0.977
1.397
1000.0
0.908
1.382
1.446
0.921
1.245
1.452
0.72
0.955
0.767
1.175
1.516
1.168
1.375
1.518
1.084
1.577
1.325
1.959
1.189
0.709
1.73
1.129
0.802
1.737
0.972
1.468
1.895
1.343
1.31
1.654
1.382
0.829
0.7
1.713
1.408
1.241
1.686
0.977
1.397
0.558
0.908
1.382
1.446
0.921
1.245
1.452
0.72
0.955
0.767
1.175
1.516
1.168
1.375
1.518
1.084
0.629
0.766
1.675
1.264
0.655
1.057
1.91
1.108
0.79
1.204
0.674
0.79
2.051
1.568
0.508
1.861
1.218
1.117
0.425
1.248
0.735
1.59
2.036
1.326
1.746
0.908
1000.0
1.732
1.795
1.271
1.594
1.802
1.07
1.304
1.116
1.524
1.866
1.518
1.725
1.868
1.434
1.926
1.675
2.309
1.539
1.059
2.079
1.478
1.151
2.087
1.322
1.818
2.244
1.692
1.66
2.004
1.732
1.179
1.05
2.063
1.758
1.59
2.036
1.326
1.746
0.908
1.257
1.732
1.795
1.271
1.594
1.802
1.07
1.304
1.116
1.524
1.866
1.518
1.725
1.868
1.434
1.103
2.185
1.282
2.673
1.035
1.106
0.596
0.314
0.643
2.528
0.795
1.308
2.442
0.51
1.928
2.152
2.195
0.731
0.999
1.052
1.277
2.065
2.51
1.801
2.221
1.382
1.732
1000.0
2.27
1.746
2.069
2.277
1.545
1.779
1.591
1.999
2.34
1.993
2.2
2.342
1.909
2.401
2.15
2.784
2.014
1.533
2.554
1.953
1.626
2.561
1.796
2.293
2.719
2.167
2.135
2.479
2.207
1.653
1.525
2.538
2.233
2.065
2.51
1.801
2.221
1.382
1.732
2.207
2.27
1.746
2.069
2.277
1.545
1.779
1.591
1.999
2.34
1.993
2.2
2.342
1.909
1.167
0.191
2.187
0.75
1.113
1.571
2.507
1.694
1.385
0.875
1.233
1.086
2.278
2.162
0.164
2.153
1.259
1.694
1.021
1.643
1.054
2.128
2.574
1.865
2.285
1.446
1.795
2.27
1000.0
1.809
2.132
2.34
1.608
1.843
1.655
2.062
2.404
2.056
2.263
2.406
1.972
2.464
2.213
2.847
2.077
1.597
2.618
2.016
1.69
2.625
1.86
2.356
2.783
2.231
2.198
2.542
2.27
1.717
1.588
2.601
2.296
2.128
2.574
1.865
2.285
1.446
1.795
2.27
2.334
1.809
2.132
2.34
1.608
1.843
1.655
2.062
2.404
2.056
2.263
2.406
1.972
0.642
0.862
1.68
1.378
0.523
1.071
1.835
1.011
0.709
1.334
0.558
0.671
2.137
1.508
0.615
1.936
1.339
1.085
0.351
1.116
0.614
1.604
2.049
1.34
1.76
0.921
1.271
1.746
1.809
1000.0
1.608
1.816
1.084
1.318
1.13
1.538
1.879
1.532
1.739
1.881
1.448
1.94
1.689
2.323
1.553
1.073
2.093
1.492
1.165
2.1
1.335
1.832
2.258
1.706
1.674
2.018
1.746
1.192
1.064
2.077
1.772
1.604
2.049
1.34
1.76
0.921
1.271
1.746
1.809
1.285
1.608
1.816
1.084
1.318
1.13
1.538
1.879
1.532
1.739
1.881
1.448
0.966
0.394
1.999
0.929
0.925
1.379
2.29
1.479
1.168
0.971
1.023
0.941
2.185
1.947
0.174
2.037
1.217
1.484
0.804
1.48
0.901
1.927
2.373
1.663
2.083
1.245
1.594
2.069
2.132
1.608
1000.0
2.139
1.407
1.641
1.453
1.861
2.203
1.855
2.062
2.205
1.771
2.263
2.012
2.646
1.876
1.396
2.416
1.815
1.488
2.424
1.659
2.155
2.581
2.029
1.997
2.341
2.069
1.516
1.387
2.4
2.095
1.927
2.373
1.663
2.083
1.245
1.594
2.069
2.132
1.608
1.931
2.139
1.407
1.641
1.453
1.861
2.203
1.855
2.062
2.205
1.771
1.173
1.161
2.135
1.723
0.365
1.571
1.975
1.107
0.965
1.81
0.661
0.116
2.74
1.742
1.011
2.526
1.938
1.461
0.763
0.686
0.115
2.135
2.58
1.871
2.291
1.452
1.802
2.277
2.34
1.816
2.139
1000.0
1.615
1.849
1.661
2.069
2.41
2.063
2.27
2.412
1.979
2.471
2.22
2.854
2.084
1.603
2.624
2.023
1.696
2.631
1.866
2.363
2.789
2.237
2.204
2.548
2.276
1.723
1.594
2.608
2.302
2.135
2.58
1.871
2.291
1.452
1.802
2.277
2.34
1.816
2.139
2.347
1.615
1.849
1.661
2.069
2.41
2.063
2.27
2.412
1.979
0.441
1.558
0.745
1.829
1.348
0.236
1.505
1.144
0.879
1.511
1.111
1.631
1.199
1.103
1.311
0.943
0.945
0.608
0.862
1.849
1.571
1.403
1.848
1.139
1.559
0.72
1.07
1.545
1.608
1.084
1.407
1.615
1000.0
1.117
0.929
1.337
1.678
1.331
1.538
1.68
1.247
1.739
1.488
2.122
1.352
0.871
1.892
1.291
0.964
1.899
1.134
1.631
2.057
1.505
1.473
1.817
1.545
0.991
0.863
1.876
1.571
1.403
1.848
1.139
1.559
0.72
1.07
1.545
1.608
1.084
1.407
1.615
0.883
1.117
0.929
1.337
1.678
1.331
1.538
1.68
1.247
0.676
0.83
1.716
1.351
0.536
1.105
1.872
1.046
0.746
1.317
0.588
0.665
2.156
1.546
0.587
1.959
1.342
1.123
0.389
1.126
0.61
1.637
2.083
1.374
1.794
0.955
1.304
1.779
1.843
1.318
1.641
1.849
1.117
1000.0
1.163
1.571
1.913
1.565
1.772
1.915
1.481
1.973
1.722
2.356
1.586
1.106
2.126
1.525
1.199
2.134
1.369
1.865
2.292
1.74
1.707
2.051
1.779
1.226
1.097
2.11
1.805
1.637
2.083
1.374
1.794
0.955
1.304
1.779
1.843
1.318
1.641
1.849
1.117
1.351
1.163
1.571
1.913
1.565
1.772
1.915
1.481
0.488
1.497
1.224
1.974
0.58
0.731
1.184
0.4
0.058
1.836
0.285
0.899
2.062
0.866
1.236
1.801
1.58
0.537
0.306
0.993
0.845
1.449
1.895
1.186
1.606
0.767
1.116
1.591
1.655
1.13
1.453
1.661
0.929
1.163
1000.0
1.383
1.725
1.377
1.584
1.727
1.293
1.785
1.534
2.168
1.398
0.918
1.939
1.337
1.011
1.946
1.181
1.677
2.104
1.552
1.519
1.863
1.591
1.038
0.909
1.922
1.617
1.449
1.895
1.186
1.606
0.767
1.116
1.591
1.655
1.13
1.453
1.661
0.929
1.163
0.976
1.383
1.725
1.377
1.584
1.727
1.293
0.896
1.965
0.519
2.161
1.788
0.531
1.578
1.462
1.263
1.788
1.531
2.081
0.877
1.21
1.733
0.583
1.095
0.85
1.31
2.253
2.021
1.857
2.303
1.594
2.013
1.175
1.524
1.999
2.062
1.538
1.861
2.069
1.337
1.571
1.383
1000.0
2.133
1.785
1.992
2.135
1.701
2.193
1.942
2.576
1.806
1.326
2.346
1.745
1.418
2.354
1.589
2.085
2.512
1.96
1.927
2.271
1.999
1.446
1.317
2.33
2.025
1.857
2.303
1.594
2.013
1.175
1.524
1.999
2.062
1.538
1.861
2.069
1.337
1.571
1.383
1.791
2.133
1.785
1.992
2.135
1.701
1.237
1.671
1.375
1.641
2.087
1.144
2.382
2.048
1.751
1.199
1.919
2.307
0.617
1.99
1.527
0.616
0.459
1.523
1.612
2.653
2.248
2.199
2.644
1.935
2.355
1.516
1.866
2.34
2.404
1.879
2.203
2.41
1.678
1.913
1.725
2.133
1000.0
2.126
2.333
2.476
2.042
2.535
2.283
2.917
2.147
1.667
2.688
2.086
1.76
2.695
1.93
2.426
2.853
2.301
2.268
2.612
2.34
1.787
1.658
2.671
2.366
2.199
2.644
1.935
2.355
1.516
1.866
2.34
2.404
1.879
2.203
2.41
1.678
1.913
1.725
2.133
2.474
2.126
2.333
2.476
2.042
0.889
0.912
1.601
0.996
1.514
1.086
2.314
1.723
1.38
0.635
1.434
1.67
1.366
1.915
0.766
1.276
0.352
1.389
1.111
2.108
1.616
1.851
2.296
1.587
2.007
1.168
1.518
1.993
2.056
1.532
1.855
2.063
1.331
1.565
1.377
1.785
2.126
1000.0
1.986
2.128
1.695
2.187
1.936
2.57
1.8
1.319
2.34
1.739
1.412
2.347
1.582
2.079
2.505
1.953
1.92
2.264
1.992
1.439
1.31
2.324
2.019
1.851
2.296
1.587
2.007
1.168
1.518
1.993
2.056
1.532
1.855
2.063
1.331
1.565
1.377
1.785
2.126
1.779
1.986
2.128
1.695
1.096
0.396
2.011
0.584
1.379
1.428
2.536
1.808
1.468
0.475
1.408
1.437
1.887
2.158
0.34
1.798
0.831
1.646
1.122
1.958
1.393
2.058
2.503
1.794
2.214
1.375
1.725
2.2
2.263
1.739
2.062
2.27
1.538
1.772
1.584
1.992
2.333
1.986
1000.0
2.335
1.902
2.394
2.143
2.777
2.007
1.526
2.547
1.946
1.619
2.554
1.789
2.286
2.712
2.16
2.127
2.471
2.199
1.646
1.517
2.531
2.226
2.058
2.503
1.794
2.214
1.375
1.725
2.2
2.263
1.739
2.062
2.27
1.538
1.772
1.584
1.992
2.333
1.986
2.193
2.335
1.902
1.239
0.826
2.269
1.381
0.671
1.666
2.271
1.401
1.187
1.525
0.92
0.496
2.688
1.997
0.733
2.507
1.78
1.64
0.89
1.064
0.488
2.201
2.646
1.937
2.357
1.518
1.868
2.342
2.406
1.881
2.205
2.412
1.68
1.915
1.727
2.135
2.476
2.128
2.335
1000.0
2.044
2.537
2.285
2.919
2.149
1.669
2.69
2.088
1.762
2.697
1.932
2.428
2.855
2.303
2.27
2.614
2.342
1.789
1.66
2.673
2.368
2.201
2.646
1.937
2.357
1.518
1.868
2.342
2.406
1.881
2.205
2.412
1.68
1.915
1.727
2.135
2.476
2.128
2.335
2.478
2.044
0.805
1.272
1.275
1.372
1.612
0.845
2.113
1.649
1.328
0.982
1.463
1.825
1.029
1.711
1.091
0.905
0.334
1.2
1.147
2.187
1.766
1.767
2.212
1.503
1.923
1.084
1.434
1.909
1.972
1.448
1.771
1.979
1.247
1.481
1.293
1.701
2.042
1.695
1.902
2.044
1000.0
2.103
1.852
2.486
1.716
1.235
2.256
1.655
1.328
2.263
1.498
1.995
2.421
1.869
1.836
2.181
1.908
1.355
1.226
2.24
1.935
1.767
2.212
1.503
1.923
1.084
1.434
1.909
1.972
1.448
1.771
1.979
1.247
1.481
1.293
1.701
2.042
1.695
1.902
2.044
1.611
ENDDATA
                                                                                                                                                                                                                                                                                                                                                                                                                                                                                                                                                                                                                                                                                                                                                                                                                                                                                                                                                                                                                                                                                                                                                                                                                                                                                                                                                                                                                                                                                                                                                                                                                                                                                                                                                                                                                                                                                                                                                                                                                                                                                                                                                                                                                                                                                                                                                                                                                                                                                                                                                                                                                                                                                                                                                                                                                                                                                                                                    