# of pickup customers
6
# of delivery customers
4
# of customers
10
# of tasks
20
# of given tractors
1
c1
10.0
c2
1.0
c3
0.0
timeperiod
16.0
package time
4.372
4.045
4.372
4.631
4.548
4.433
4.983
3.857
4.079
3.606
terminal coordinates
100.0
100.0
customer coordinate
106.6
88.95
134.09
192.72
102.39
106.91
125.63
6.72
68.36
99.14
187.05
46.82
36.27
74.22
134.38
140.45
148.03
55.66
117.23
84.21
distance matrix
0.0
1.091
0.679
0.903
1.203
0.431
0.513
0.681
1.291
0.45
0.198
1.091
0.679
0.903
1.203
0.431
0.513
0.681
1.291
0.45
0.198
1.091
2.182
1.77
1.995
2.294
1.522
1.604
1.772
2.382
1.542
1.289
0.0
1.767
1.916
1.774
0.66
0.583
0.543
2.063
0.995
1.289
0.679
1.77
1.358
1.582
1.882
1.11
1.192
1.359
1.97
1.129
0.877
1.767
0.0
0.579
1.342
1.107
1.192
1.346
1.034
0.917
0.484
0.903
1.995
1.582
1.807
2.106
1.334
1.416
1.584
2.194
1.354
1.101
1.916
0.579
0.0
0.873
1.289
1.346
1.401
1.61
1.304
0.742
1.203
2.294
1.882
2.106
2.406
1.634
1.716
1.883
2.494
1.653
1.401
1.774
1.342
0.873
0.0
1.357
1.355
1.247
2.337
1.645
1.176
0.431
1.522
1.11
1.334
1.634
0.862
0.944
1.111
1.722
0.881
0.628
0.66
1.107
1.289
1.357
0.0
0.095
0.337
1.549
0.476
0.628
0.513
1.604
1.192
1.416
1.716
0.944
1.026
1.193
1.804
0.963
0.711
0.583
1.192
1.346
1.355
0.095
0.0
0.252
1.641
0.563
0.71
0.681
1.772
1.359
1.584
1.883
1.111
1.193
1.361
1.972
1.131
0.878
0.543
1.346
1.401
1.247
0.337
0.252
0.0
1.882
0.813
0.864
1.291
2.382
1.97
2.194
2.494
1.722
1.804
1.972
2.582
1.741
1.489
2.063
1.034
1.61
2.337
1.549
1.641
1.882
0.0
1.089
1.209
0.45
1.542
1.129
1.354
1.653
0.881
0.963
1.131
1.741
0.901
0.648
0.995
0.917
1.304
1.645
0.476
0.563
0.813
1.089
0.0
0.564
0.198
1.289
0.877
1.101
1.401
0.628
0.711
0.878
1.489
0.648
0.395
1.289
0.484
0.742
1.176
0.628
0.71
0.864
1.209
0.564
0.0
1.091
1000.0
1.77
1.995
2.294
1.522
1.604
1.772
2.382
1.542
1.289
2.182
1.77
1.995
2.294
1.522
1.604
1.772
2.382
1.542
1.289
0.679
1.77
1000.0
1.582
1.882
1.11
1.192
1.359
1.97
1.129
0.877
1.77
1.358
1.582
1.882
1.11
1.192
1.359
1.97
1.129
0.877
0.903
1.995
1.582
1000.0
2.106
1.334
1.416
1.584
2.194
1.354
1.101
1.995
1.582
1.807
2.106
1.334
1.416
1.584
2.194
1.354
1.101
1.203
2.294
1.882
2.106
1000.0
1.634
1.716
1.883
2.494
1.653
1.401
2.294
1.882
2.106
2.406
1.634
1.716
1.883
2.494
1.653
1.401
0.431
1.522
1.11
1.334
1.634
1000.0
0.944
1.111
1.722
0.881
0.628
1.522
1.11
1.334
1.634
0.862
0.944
1.111
1.722
0.881
0.628
0.513
1.604
1.192
1.416
1.716
0.944
1000.0
1.193
1.804
0.963
0.711
1.604
1.192
1.416
1.716
0.944
1.026
1.193
1.804
0.963
0.711
0.681
0.543
1.346
1.401
1.247
0.337
0.252
1000.0
1.972
1.131
0.878
1.772
1.359
1.584
1.883
1.111
1.193
1.361
1.972
1.131
0.878
1.291
2.063
1.034
1.61
2.337
1.549
1.641
1.972
1000.0
1.741
1.489
2.382
1.97
2.194
2.494
1.722
1.804
1.972
2.582
1.741
1.489
0.45
0.995
0.917
1.304
1.645
0.476
0.563
1.131
1.741
1000.0
0.648
1.542
1.129
1.354
1.653
0.881
0.963
1.131
1.741
0.901
0.648
0.198
1.289
0.484
0.742
1.176
0.628
0.71
0.878
1.489
0.648
1000.0
1.289
0.877
1.101
1.401
0.628
0.711
0.878
1.489
0.648
0.395
ENDDATA
