# of pickup customers
25
# of delivery customers
25
# of customers
50
# of tasks
100
# of given tractors
1
c1
10.0
c2
1.0
c3
0.0
timeperiod
16.0
package time
4.891
3.73
4.313
4.175
4.227
3.689
3.047
3.403
3.177
3.627
4.846
4.946
3.093
4.583
4.317
4.96
3.61
4.113
4.003
4.705
4.406
3.195
3.685
4.374
4.207
4.535
3.063
3.135
4.988
3.545
3.854
3.539
3.146
3.336
4.769
3.336
4.893
3.202
4.771
3.647
4.113
4.294
4.575
3.432
3.482
4.42
3.442
4.24
3.79
4.29
terminal coordinates
100.0
100.0
customer coordinate
182.29
188.28
187.42
94.61
197.02
185.71
99.77
81.19
32.01
53.72
94.28
47.08
157.29
166.11
38.66
3.36
12.84
101.82
54.57
43.96
9.96
104.17
39.72
105.43
185.23
80.21
171.06
151.56
176.48
122.51
83.49
190.15
40.53
185.15
68.82
178.81
81.88
196.06
89.31
126.9
112.22
137.77
50.38
150.52
10.11
78.52
27.16
87.81
100.35
185.87
100.08
147.65
41.65
130.72
151.18
8.34
61.98
13.35
190.74
109.72
24.68
51.73
118.98
55.63
161.52
78.46
114.0
128.68
96.25
169.33
144.89
16.88
47.97
187.46
134.13
97.29
177.6
184.86
69.78
190.22
3.56
199.99
18.43
147.03
62.18
39.23
39.62
84.98
38.81
80.83
52.53
132.3
45.26
189.5
155.63
196.88
169.44
79.93
150.3
121.65
distance matrix
0.0
1.029
1.254
1.314
0.39
1.371
1.569
0.475
1.108
1.417
0.591
0.944
0.895
0.754
0.995
1.086
1.238
1.103
0.359
0.57
1.114
1.258
1.04
0.995
1.095
1.148
0.25
1.315
1.241
1.028
1.162
1.223
1.683
1.262
1.216
0.613
1.244
0.788
1.215
0.776
0.413
0.613
0.621
0.924
1.285
1.321
1.24
1.258
0.294
0.629
1.107
1.029
1.254
1.314
0.39
1.371
1.569
0.475
1.108
1.417
0.591
0.944
0.895
0.754
0.995
1.086
1.238
1.103
0.359
0.57
1.114
1.258
1.04
0.995
1.095
1.148
0.25
1.315
1.241
1.028
1.162
1.223
1.683
1.262
1.216
0.613
1.244
0.788
1.215
0.776
0.413
0.613
0.621
0.924
1.285
1.321
1.24
1.258
0.294
0.629
1.107
1.029
2.057
2.283
2.342
1.418
2.4
2.597
1.504
2.137
2.446
1.62
1.973
1.924
1.783
2.024
2.115
2.266
2.132
1.388
1.598
2.143
2.286
2.069
2.024
2.124
2.176
1.278
2.344
2.27
2.057
2.191
2.252
2.711
2.29
2.245
1.641
2.273
1.817
2.244
1.805
1.442
1.641
1.65
1.952
2.313
2.35
2.269
2.287
1.322
1.657
2.136
0.0
0.599
0.733
1.161
0.665
1.148
1.136
1.665
2.194
1.612
1.449
1.795
0.392
0.591
1.953
2.253
2.125
1.068
1.597
1.934
2.226
1.427
1.897
1.455
0.427
1.276
0.979
1.127
0.386
1.352
1.727
1.253
2.045
0.588
1.495
0.762
1.465
0.255
1.392
0.733
1.059
0.687
1.786
1.186
2.261
1.774
2.124
1.208
1.201
0.273
1.254
2.283
2.508
2.568
1.644
2.625
2.823
1.729
2.362
2.671
1.845
2.198
2.149
2.008
2.249
2.34
2.492
2.357
1.613
1.824
2.368
2.512
2.294
2.249
2.349
2.402
1.504
2.569
2.495
2.282
2.416
2.477
2.937
2.516
2.47
1.867
2.498
2.042
2.469
2.03
1.667
1.867
1.875
2.178
2.539
2.575
2.494
2.512
1.548
1.883
2.361
0.599
0.0
1.325
1.19
0.118
1.742
1.54
2.147
2.026
1.748
1.935
2.134
0.528
1.183
1.878
2.468
2.233
1.106
1.791
1.824
2.229
1.944
2.236
1.149
0.173
1.49
0.432
0.653
0.984
0.979
2.227
0.655
2.454
0.04
1.836
1.36
1.895
0.789
1.839
1.134
1.522
0.66
2.147
0.705
2.229
1.504
2.032
1.515
1.1
0.326
1.314
2.342
2.568
2.628
1.704
2.685
2.882
1.789
2.422
2.731
1.905
2.258
2.209
2.068
2.309
2.4
2.551
2.417
1.673
1.884
2.428
2.571
2.354
2.309
2.409
2.461
1.563
2.629
2.555
2.342
2.476
2.537
2.997
2.576
2.53
1.927
2.558
2.102
2.529
2.09
1.727
1.927
1.935
2.237
2.598
2.635
2.554
2.572
1.607
1.943
2.421
0.733
1.325
0.0
1.608
1.374
0.417
1.125
1.374
2.692
1.875
1.183
1.759
1.037
0.319
2.388
2.346
2.362
1.526
1.795
2.401
2.566
1.086
1.848
2.091
1.156
1.51
1.712
1.845
0.377
2.027
1.384
1.98
1.859
1.318
1.505
0.112
1.319
0.552
1.227
0.901
0.95
1.292
1.714
1.905
2.635
2.37
2.562
1.334
1.74
1.0
0.39
1.418
1.644
1.704
0.78
1.761
1.958
0.865
1.498
1.807
0.981
1.334
1.285
1.144
1.385
1.476
1.628
1.493
0.749
0.96
1.504
1.647
1.43
1.385
1.485
1.537
0.64
1.705
1.631
1.418
1.552
1.613
2.073
1.652
1.606
1.003
1.634
1.178
1.605
1.166
0.803
1.003
1.011
1.313
1.675
1.711
1.63
1.648
0.683
1.019
1.497
1.161
1.19
1.608
0.0
1.305
1.907
0.862
1.477
1.084
0.575
1.326
1.152
0.797
1.296
0.798
1.314
1.043
0.094
0.66
0.796
1.073
1.428
1.241
0.722
1.134
0.455
1.121
0.982
1.276
0.821
1.596
1.475
1.558
1.15
0.915
1.554
1.15
1.391
1.151
0.743
1.002
0.54
1.203
1.014
1.101
0.851
0.972
0.641
0.255
1.146
1.371
2.4
2.625
2.685
1.761
2.742
2.94
1.846
2.479
2.788
1.962
2.315
2.266
2.126
2.366
2.457
2.609
2.475
1.73
1.941
2.485
2.629
2.411
2.367
2.467
2.519
1.621
2.686
2.612
2.399
2.533
2.594
3.054
2.633
2.587
1.984
2.615
2.159
2.586
2.148
1.784
1.984
1.992
2.295
2.656
2.693
2.612
2.629
1.665
2.0
2.478
0.665
0.118
1.374
1.305
0.0
1.791
1.65
2.25
2.121
1.865
2.037
2.249
0.639
1.255
1.984
2.586
2.349
1.223
1.908
1.927
2.34
2.041
2.352
1.231
0.259
1.608
0.463
0.707
1.049
1.051
2.328
0.616
2.565
0.157
1.951
1.418
2.004
0.828
1.946
1.242
1.626
0.777
2.261
0.753
2.337
1.588
2.135
1.63
1.208
0.395
1.569
2.597
2.823
2.882
1.958
2.94
3.137
2.044
2.677
2.986
2.16
2.513
2.464
2.323
2.564
2.655
2.806
2.672
1.928
2.138
2.683
2.826
2.609
2.564
2.664
2.716
1.818
2.884
2.81
2.597
2.731
2.792
3.251
2.83
2.785
2.181
2.813
2.357
2.784
2.345
1.982
2.181
2.19
2.492
2.853
2.89
2.809
2.827
1.862
2.197
2.676
1.148
1.742
0.417
1.907
1.791
0.0
1.266
1.308
2.982
2.08
1.161
1.816
1.428
0.64
2.654
2.442
2.533
1.834
1.973
2.681
2.782
1.025
1.891
2.454
1.572
1.725
2.124
2.247
0.777
2.407
1.279
2.396
1.819
1.734
1.609
0.396
1.355
0.967
1.264
1.167
1.072
1.661
1.753
2.307
2.865
2.711
2.825
1.516
2.071
1.416
0.475
1.504
1.729
1.789
0.865
1.846
2.044
0.951
1.584
1.893
1.066
1.419
1.371
1.23
1.47
1.561
1.713
1.579
0.834
1.045
1.59
1.733
1.516
1.471
1.571
1.623
0.725
1.791
1.716
1.503
1.638
1.698
2.158
1.737
1.691
1.088
1.719
1.263
1.691
1.252
0.888
1.088
1.096
1.399
1.76
1.797
1.716
1.733
0.769
1.104
1.582
1.136
1.54
1.125
0.862
1.65
1.266
0.0
0.651
1.819
0.829
0.471
0.671
1.012
0.833
1.46
1.223
1.266
0.834
0.709
1.512
1.528
0.566
0.771
1.57
1.398
0.505
1.698
1.667
0.964
1.628
0.758
2.062
0.919
1.506
0.387
1.028
0.358
1.237
0.318
0.413
0.195
0.999
0.652
1.716
1.621
1.707
1.621
0.27
1.104
1.309
1.108
2.137
2.362
2.422
1.498
2.479
2.677
1.584
2.217
2.526
1.699
2.053
2.004
1.863
2.104
2.194
2.346
2.212
1.468
1.678
2.223
2.366
2.149
2.104
2.204
2.256
1.358
2.424
2.35
2.136
2.271
2.331
2.791
2.37
2.324
1.721
2.352
1.896
2.324
1.885
1.521
1.721
1.73
2.032
2.393
2.43
2.349
2.366
1.402
1.737
2.215
1.665
2.147
1.374
1.477
2.25
1.308
0.651
0.0
2.301
1.253
0.216
0.642
1.627
1.186
1.927
1.268
1.521
1.465
1.088
2.005
1.87
0.291
0.675
2.197
1.993
1.049
2.34
2.317
1.384
2.27
0.126
2.701
0.512
2.117
0.63
1.262
0.328
1.692
0.334
1.019
0.625
1.647
0.554
2.366
1.988
2.294
2.065
0.836
1.729
1.883
1.417
2.446
2.671
2.731
1.807
2.788
2.986
1.893
2.526
2.835
2.008
2.362
2.313
2.172
2.413
2.503
2.655
2.521
1.777
1.987
2.532
2.675
2.458
2.413
2.513
2.565
1.667
2.733
2.659
2.445
2.58
2.64
3.1
2.679
2.633
2.03
2.661
2.205
2.633
2.194
1.83
2.03
2.039
2.341
2.702
2.739
2.658
2.675
1.711
2.046
2.524
2.194
2.026
2.692
1.084
2.121
2.982
1.819
2.301
0.0
1.048
2.217
1.748
1.805
2.38
0.375
1.448
0.989
1.168
1.214
0.306
0.636
2.353
1.787
0.919
2.042
1.314
1.746
1.496
2.355
1.131
2.427
1.98
2.157
1.991
1.672
2.637
1.989
2.44
2.03
1.815
1.997
1.51
1.833
1.481
0.517
0.586
0.273
1.551
0.993
2.108
0.591
1.62
1.845
1.905
0.981
1.962
2.16
1.066
1.699
2.008
1.182
1.535
1.486
1.346
1.586
1.677
1.829
1.695
0.95
1.161
1.705
1.849
1.631
1.586
1.686
1.739
0.841
1.906
1.832
1.619
1.753
1.814
2.274
1.853
1.807
1.204
1.835
1.379
1.806
1.368
1.004
1.204
1.212
1.515
1.876
1.913
1.832
1.849
0.885
1.22
1.698
1.612
1.748
1.875
0.575
1.865
2.08
0.829
1.253
1.048
0.0
1.178
0.73
1.3
1.559
0.674
0.741
0.514
0.646
0.169
0.755
0.702
1.321
0.791
1.167
1.672
0.366
1.694
1.542
1.614
1.324
1.378
2.045
1.153
1.708
0.624
1.795
0.944
1.806
0.992
0.983
1.023
1.088
0.807
1.568
0.792
1.133
0.817
0.566
0.773
1.659
0.944
1.973
2.198
2.258
1.334
2.315
2.513
1.419
2.053
2.362
1.535
1.888
1.84
1.699
1.939
2.03
2.182
2.048
1.303
1.514
2.059
2.202
1.985
1.94
2.04
2.092
1.194
2.259
2.185
1.972
2.107
2.167
2.627
2.206
2.16
1.557
2.188
1.732
2.16
1.721
1.357
1.557
1.565
1.868
2.229
2.266
2.185
2.202
1.238
1.573
2.051
1.449
1.935
1.183
1.326
2.037
1.161
0.471
0.216
2.217
1.178
0.0
0.68
1.418
0.978
1.846
1.32
1.511
1.303
1.023
1.914
1.835
0.157
0.742
2.04
1.779
0.925
2.139
2.126
1.172
2.099
0.296
2.498
0.676
1.905
0.567
1.072
0.243
1.479
0.187
0.812
0.414
1.451
0.606
2.177
1.946
2.161
1.995
0.695
1.572
1.667
0.895
1.924
2.149
2.209
1.285
2.266
2.464
1.371
2.004
2.313
1.486
1.84
1.791
1.65
1.891
1.981
2.133
1.999
1.255
1.465
2.01
2.153
1.936
1.891
1.991
2.043
1.145
2.211
2.137
1.923
2.058
2.118
2.578
2.157
2.111
1.508
2.139
1.683
2.111
1.672
1.308
1.508
1.517
1.819
2.18
2.217
2.136
2.153
1.189
1.524
2.002
1.795
2.134
1.759
1.152
2.249
1.816
0.671
0.642
1.748
0.73
0.68
0.0
1.614
1.489
1.376
0.641
0.888
1.18
0.564
1.471
1.254
0.836
0.103
1.847
2.011
0.704
2.208
2.115
1.633
1.971
0.755
2.575
0.424
2.097
0.302
1.654
0.461
1.908
0.552
1.062
0.814
1.516
0.091
2.154
1.379
1.856
1.492
0.619
1.401
1.943
0.754
1.783
2.008
2.068
1.144
2.126
2.323
1.23
1.863
2.172
1.346
1.699
1.65
1.509
1.75
1.84
1.992
1.858
1.114
1.324
1.869
2.012
1.795
1.75
1.85
1.902
1.004
2.07
1.996
1.782
1.917
1.977
2.437
2.016
1.97
1.367
1.998
1.542
1.97
1.531
1.167
1.367
1.376
1.678
2.039
2.076
1.995
2.012
1.048
1.383
1.861
0.392
0.528
1.037
0.797
0.639
1.428
1.012
1.627
1.805
1.3
1.418
1.614
0.0
0.8
1.575
1.99
1.807
0.704
1.315
1.55
1.87
1.439
1.717
1.074
0.397
1.001
0.753
0.827
0.66
0.991
1.712
1.093
1.926
0.494
1.314
1.033
1.368
0.645
1.314
0.61
1.004
0.295
1.623
0.886
1.896
1.385
1.745
0.996
0.812
0.359
0.995
2.024
2.249
2.309
1.385
2.366
2.564
1.47
2.104
2.413
1.586
1.939
1.891
1.75
1.99
2.081
2.233
2.099
1.354
1.565
2.11
2.253
2.036
1.991
2.091
2.143
1.245
2.31
2.236
2.023
2.158
2.218
2.678
2.257
2.211
1.608
2.239
1.783
2.211
1.772
1.408
1.608
1.616
1.919
2.28
2.317
2.236
2.253
1.289
1.624
2.102
0.591
1.183
0.319
1.296
1.255
0.64
0.833
1.186
2.38
1.559
0.978
1.489
0.8
0.0
2.071
2.054
2.05
1.216
1.484
2.086
2.248
0.913
1.583
1.814
1.01
1.193
1.526
1.626
0.219
1.768
1.221
1.829
1.637
1.167
1.219
0.259
1.072
0.524
0.983
0.583
0.675
1.022
1.452
1.685
2.316
2.078
2.245
1.025
1.441
0.861
1.086
2.115
2.34
2.4
1.476
2.457
2.655
1.561
2.194
2.503
1.677
2.03
1.981
1.84
2.081
2.172
2.324
2.189
1.445
1.656
2.2
2.344
2.126
2.081
2.181
2.234
1.336
2.401
2.327
2.114
2.248
2.309
2.769
2.348
2.302
1.699
2.33
1.874
2.301
1.862
1.499
1.699
1.707
2.009
2.371
2.407
2.326
2.344
1.379
1.715
2.193
1.953
1.878
2.388
0.798
1.984
2.654
1.46
1.927
0.375
0.674
1.846
1.376
1.575
2.071
0.0
1.128
0.676
0.89
0.84
0.118
0.415
1.985
1.419
0.895
1.864
0.956
1.667
1.441
2.07
1.108
2.052
1.954
1.789
1.84
1.298
2.325
1.617
2.188
1.659
1.495
1.644
1.292
1.461
1.441
0.364
0.666
0.175
1.191
0.784
1.906
1.238
2.266
2.492
2.551
1.628
2.609
2.806
1.713
2.346
2.655
1.829
2.182
2.133
1.992
2.233
2.324
2.475
2.341
1.597
1.807
2.352
2.495
2.278
2.233
2.333
2.385
1.487
2.553
2.479
2.266
2.4
2.461
2.921
2.499
2.454
1.85
2.482
2.026
2.453
2.014
1.651
1.85
1.859
2.161
2.522
2.559
2.478
2.496
1.531
1.866
2.345
2.253
2.468
2.346
1.314
2.586
2.442
1.223
1.268
1.448
0.741
1.32
0.641
1.99
2.054
1.128
0.0
0.46
1.382
0.678
1.244
0.834
1.477
0.593
1.867
2.377
0.989
2.435
2.28
2.167
2.042
1.371
2.786
0.883
2.429
0.843
2.247
1.095
2.41
1.183
1.545
1.399
1.81
0.719
2.304
0.968
1.753
1.176
1.056
1.509
2.344
1.103
2.132
2.357
2.417
1.493
2.475
2.672
1.579
2.212
2.521
1.695
2.048
1.999
1.858
2.099
2.189
2.341
2.207
1.463
1.673
2.218
2.361
2.144
2.099
2.199
2.251
1.353
2.419
2.345
2.131
2.266
2.327
2.786
2.365
2.319
1.716
2.347
1.891
2.319
1.88
1.516
1.716
1.725
2.027
2.388
2.425
2.344
2.361
1.397
1.732
2.21
2.125
2.233
2.362
1.043
2.349
2.533
1.266
1.521
0.989
0.514
1.511
0.888
1.807
2.05
0.676
0.46
0.0
1.127
0.567
0.794
0.388
1.666
0.891
1.477
2.17
0.868
2.132
1.947
2.119
1.669
1.639
2.463
1.244
2.193
0.954
2.275
1.269
2.319
1.341
1.485
1.461
1.578
0.979
1.963
0.521
1.322
0.716
1.029
1.184
2.165
0.359
1.388
1.613
1.673
0.749
1.73
1.928
0.834
1.468
1.777
0.95
1.303
1.255
1.114
1.354
1.445
1.597
1.463
0.718
0.929
1.474
1.617
1.4
1.355
1.455
1.507
0.609
1.674
1.6
1.387
1.522
1.582
2.042
1.621
1.575
0.972
1.603
1.147
1.575
1.136
0.772
0.972
0.98
1.283
1.644
1.681
1.6
1.617
0.653
0.988
1.466
1.068
1.106
1.526
0.094
1.223
1.834
0.834
1.465
1.168
0.646
1.303
1.18
0.704
1.216
0.89
1.382
1.127
0.0
0.716
0.884
1.166
1.398
1.273
0.736
1.045
0.476
1.06
0.938
1.189
0.812
1.581
1.419
1.577
1.067
0.928
1.475
1.141
1.298
1.134
0.675
0.961
0.452
1.225
0.974
1.195
0.901
1.063
0.634
0.271
1.054
0.57
1.598
1.824
1.884
0.96
1.941
2.138
1.045
1.678
1.987
1.161
1.514
1.465
1.324
1.565
1.656
1.807
1.673
0.929
1.14
1.684
1.827
1.61
1.565
1.665
1.717
0.819
1.885
1.811
1.598
1.732
1.793
2.253
1.832
1.786
1.183
1.814
1.358
1.785
1.346
0.983
1.183
1.191
1.493
1.854
1.891
1.81
1.828
0.863
1.199
1.677
1.597
1.791
1.795
0.66
1.908
1.973
0.709
1.088
1.214
0.169
1.023
0.564
1.315
1.484
0.84
0.678
0.567
0.716
0.0
0.923
0.825
1.17
0.631
1.305
1.701
0.321
1.776
1.642
1.559
1.449
1.214
2.134
0.988
1.751
0.462
1.709
0.786
1.774
0.839
0.924
0.904
1.133
0.64
1.672
0.927
1.293
0.977
0.463
0.885
1.672
1.114
2.143
2.368
2.428
1.504
2.485
2.683
1.59
2.223
2.532
1.705
2.059
2.01
1.869
2.11
2.2
2.352
2.218
1.474
1.684
2.229
2.372
2.155
2.11
2.21
2.262
1.364
2.43
2.356
2.142
2.277
2.337
2.797
2.376
2.33
1.727
2.358
1.902
2.33
1.891
1.527
1.727
1.736
2.038
2.399
2.436
2.355
2.372
1.408
1.743
2.221
1.934
1.824
2.401
0.796
1.927
2.681
1.512
2.005
0.306
0.755
1.914
1.471
1.55
2.086
0.118
1.244
0.794
0.884
0.923
0.0
0.523
2.049
1.518
0.801
1.82
1.008
1.592
1.359
2.072
1.016
2.13
1.867
1.887
1.787
1.375
2.342
1.689
2.174
1.727
1.516
1.691
1.261
1.553
1.356
0.456
0.552
0.21
1.245
0.744
1.871
1.258
2.286
2.512
2.571
1.647
2.629
2.826
1.733
2.366
2.675
1.849
2.202
2.153
2.012
2.253
2.344
2.495
2.361
1.617
1.827
2.372
2.515
2.298
2.253
2.353
2.405
1.507
2.573
2.499
2.286
2.42
2.481
2.94
2.519
2.474
1.87
2.502
2.046
2.473
2.034
1.671
1.87
1.879
2.181
2.542
2.579
2.498
2.516
1.551
1.886
2.365
2.226
2.229
2.566
1.073
2.34
2.782
1.528
1.87
0.636
0.702
1.835
1.254
1.87
2.248
0.415
0.834
0.388
1.166
0.825
0.523
0.0
1.987
1.267
1.307
2.195
1.061
2.055
1.839
2.283
1.517
1.991
2.355
1.626
2.19
1.269
2.49
1.594
2.444
1.656
1.667
1.722
1.605
1.344
1.843
0.134
1.076
0.375
1.267
1.132
2.218
1.04
2.069
2.294
2.354
1.43
2.411
2.609
1.516
2.149
2.458
1.631
1.985
1.936
1.795
2.036
2.126
2.278
2.144
1.4
1.61
2.155
2.298
2.081
2.036
2.136
2.188
1.29
2.356
2.282
2.068
2.203
2.263
2.723
2.302
2.256
1.653
2.284
1.828
2.256
1.817
1.453
1.653
1.662
1.964
2.325
2.362
2.281
2.298
1.334
1.669
2.147
1.427
1.944
1.086
1.428
2.041
1.025
0.566
0.291
2.353
1.321
0.157
0.836
1.439
0.913
1.985
1.477
1.666
1.398
1.17
2.049
1.987
0.0
0.894
2.132
1.782
1.049
2.176
2.182
1.12
2.179
0.307
2.529
0.796
1.916
0.718
0.974
0.398
1.43
0.331
0.848
0.457
1.503
0.76
2.234
2.095
2.273
2.136
0.814
1.668
1.661
0.995
2.024
2.249
2.309
1.385
2.367
2.564
1.471
2.104
2.413
1.586
1.94
1.891
1.75
1.991
2.081
2.233
2.099
1.355
1.565
2.11
2.253
2.036
1.991
2.091
2.143
1.245
2.311
2.237
2.023
2.158
2.218
2.678
2.257
2.211
1.608
2.239
1.783
2.211
1.772
1.408
1.608
1.617
1.919
2.28
2.317
2.236
2.253
1.289
1.624
2.102
1.897
2.236
1.848
1.241
2.352
1.891
0.771
0.675
1.787
0.791
0.742
0.103
1.717
1.583
1.419
0.593
0.891
1.273
0.631
1.518
1.267
0.894
0.0
1.927
2.114
0.798
2.307
2.21
1.731
2.057
0.779
2.673
0.369
2.2
0.405
1.742
0.537
2.008
0.63
1.165
0.908
1.617
0.137
2.247
1.396
1.924
1.526
0.722
1.487
2.046
1.095
2.124
2.349
2.409
1.485
2.467
2.664
1.571
2.204
2.513
1.686
2.04
1.991
1.85
2.091
2.181
2.333
2.199
1.455
1.665
2.21
2.353
2.136
2.091
2.191
2.243
1.345
2.411
2.337
2.123
2.258
2.318
2.778
2.357
2.311
1.708
2.339
1.883
2.311
1.872
1.508
1.708
1.717
2.019
2.38
2.417
2.336
2.353
1.389
1.724
2.202
1.455
1.149
2.091
0.722
1.231
2.454
1.57
2.197
0.919
1.167
2.04
1.847
1.074
1.814
0.895
1.867
1.477
0.736
1.305
0.801
1.307
2.132
1.927
0.0
1.2
1.17
0.83
0.578
1.718
0.216
2.315
1.071
2.263
1.117
1.631
2.067
1.871
1.71
1.869
1.36
1.689
0.799
1.906
0.564
1.256
0.356
1.004
1.362
0.469
1.299
1.148
2.176
2.402
2.461
1.537
2.519
2.716
1.623
2.256
2.565
1.739
2.092
2.043
1.902
2.143
2.234
2.385
2.251
1.507
1.717
2.262
2.405
2.188
2.143
2.243
2.295
1.397
2.463
2.389
2.176
2.31
2.371
2.83
2.409
2.364
1.76
2.392
1.936
2.363
1.924
1.561
1.76
1.769
2.071
2.432
2.469
2.388
2.406
1.441
1.776
2.255
0.427
0.173
1.156
1.134
0.259
1.572
1.398
1.993
2.042
1.672
1.779
2.011
0.397
1.01
1.864
2.377
2.17
1.045
1.701
1.82
2.195
1.782
2.114
1.2
0.0
1.391
0.572
0.761
0.812
1.052
2.069
0.826
2.316
0.161
1.711
1.189
1.751
0.629
1.69
0.988
1.369
0.594
2.019
0.817
2.205
1.547
2.025
1.394
1.08
0.156
0.25
1.278
1.504
1.563
0.64
1.621
1.818
0.725
1.358
1.667
0.841
1.194
1.145
1.004
1.245
1.336
1.487
1.353
0.609
0.819
1.364
1.507
1.29
1.245
1.345
1.397
0.499
1.565
1.491
1.278
1.412
1.473
1.933
1.512
1.466
0.862
1.494
1.038
1.465
1.026
0.663
0.862
0.871
1.173
1.534
1.571
1.49
1.508
0.543
0.878
1.357
1.276
1.49
1.51
0.455
1.608
1.725
0.505
1.049
1.314
0.366
0.925
0.704
1.001
1.193
0.956
0.989
0.868
0.476
0.321
1.008
1.061
1.049
0.798
1.17
1.391
0.0
1.516
1.412
1.252
1.276
1.172
1.881
1.104
1.452
0.461
1.43
0.721
1.456
0.74
0.619
0.688
0.842
0.75
1.449
1.14
1.245
1.119
0.237
0.709
1.355
1.315
2.344
2.569
2.629
1.705
2.686
2.884
1.791
2.424
2.733
1.906
2.259
2.211
2.07
2.31
2.401
2.553
2.419
1.674
1.885
2.43
2.573
2.356
2.311
2.411
2.463
1.565
2.631
2.556
2.343
2.478
2.538
2.998
2.577
2.531
1.928
2.559
2.103
2.531
2.092
1.728
1.928
1.936
2.239
2.6
2.637
2.556
2.573
1.609
1.944
2.422
0.979
0.432
1.712
1.121
0.463
2.124
1.698
2.34
1.746
1.694
2.139
2.208
0.753
1.526
1.667
2.435
2.132
1.06
1.776
1.592
2.055
2.176
2.307
0.83
0.572
1.516
0.0
0.26
1.349
0.627
2.435
0.368
2.573
0.421
1.927
1.732
2.054
1.199
2.013
1.33
1.728
0.703
2.239
0.297
2.031
1.182
1.802
1.604
0.947
0.723
1.241
2.27
2.495
2.555
1.631
2.612
2.81
1.716
2.35
2.659
1.832
2.185
2.137
1.996
2.236
2.327
2.479
2.345
1.6
1.811
2.356
2.499
2.282
2.237
2.337
2.389
1.491
2.556
2.482
2.269
2.404
2.464
2.924
2.503
2.457
1.854
2.485
2.029
2.457
2.018
1.654
1.854
1.862
2.165
2.526
2.563
2.482
2.499
1.535
1.87
2.348
1.127
0.653
1.845
0.982
0.707
2.247
1.667
2.317
1.496
1.542
2.126
2.115
0.827
1.626
1.441
2.28
1.947
0.938
1.642
1.359
1.839
2.182
2.21
0.578
0.761
1.412
0.26
0.0
1.472
0.369
2.421
0.518
2.501
0.632
1.85
1.852
2.014
1.367
1.985
1.336
1.726
0.679
2.155
0.059
1.805
0.925
1.567
1.535
0.772
0.899
1.028
2.057
2.282
2.342
1.418
2.399
2.597
1.503
2.136
2.445
1.619
1.972
1.923
1.782
2.023
2.114
2.266
2.131
1.387
1.598
2.142
2.286
2.068
2.023
2.123
2.176
1.278
2.343
2.269
2.056
2.19
2.251
2.711
2.29
2.244
1.641
2.272
1.816
2.243
1.804
1.441
1.641
1.649
1.951
2.313
2.349
2.268
2.286
1.321
1.657
2.135
0.386
0.984
0.377
1.276
1.049
0.777
0.964
1.384
2.355
1.614
1.172
1.633
0.66
0.219
2.07
2.167
2.119
1.189
1.559
2.072
2.283
1.12
1.731
1.718
0.812
1.252
1.349
1.472
0.0
1.65
1.427
1.637
1.817
0.972
1.349
0.383
1.241
0.31
1.156
0.635
0.832
0.919
1.606
1.531
2.34
2.006
2.244
1.116
1.385
0.659
1.162
2.191
2.416
2.476
1.552
2.533
2.731
1.638
2.271
2.58
1.753
2.107
2.058
1.917
2.158
2.248
2.4
2.266
1.522
1.732
2.277
2.42
2.203
2.158
2.258
2.31
1.412
2.478
2.404
2.19
2.325
2.385
2.845
2.424
2.378
1.775
2.406
1.95
2.378
1.939
1.575
1.775
1.784
2.086
2.447
2.484
2.403
2.42
1.456
1.791
2.269
1.352
0.979
2.027
0.821
1.051
2.407
1.628
2.27
1.131
1.324
2.099
1.971
0.991
1.768
1.108
2.042
1.669
0.812
1.449
1.016
1.517
2.179
2.057
0.216
1.052
1.276
0.627
0.369
1.65
0.0
2.384
0.854
2.379
0.951
1.736
2.014
1.95
1.605
1.938
1.368
1.726
0.749
2.024
0.35
1.47
0.556
1.22
1.445
0.571
1.167
1.223
2.252
2.477
2.537
1.613
2.594
2.792
1.698
2.331
2.64
1.814
2.167
2.118
1.977
2.218
2.309
2.461
2.327
1.582
1.793
2.337
2.481
2.263
2.218
2.318
2.371
1.473
2.538
2.464
2.251
2.385
2.446
2.906
2.485
2.439
1.836
2.467
2.011
2.438
1.999
1.636
1.836
1.844
2.147
2.508
2.544
2.463
2.481
1.517
1.852
2.33
1.727
2.227
1.384
1.596
2.328
1.279
0.758
0.126
2.427
1.378
0.296
0.755
1.712
1.221
2.052
1.371
1.639
1.581
1.214
2.13
1.991
0.307
0.779
2.315
2.069
1.172
2.435
2.421
1.427
2.384
0.0
2.794
0.568
2.198
0.755
1.272
0.451
1.737
0.447
1.108
0.71
1.746
0.666
2.471
2.111
2.417
2.19
0.956
1.846
1.954
1.683
2.711
2.937
2.997
2.073
3.054
3.251
2.158
2.791
3.1
2.274
2.627
2.578
2.437
2.678
2.769
2.921
2.786
2.042
2.253
2.797
2.94
2.723
2.678
2.778
2.83
1.933
2.998
2.924
2.711
2.845
2.906
3.366
2.945
2.899
2.296
2.927
2.471
2.898
2.459
2.096
2.296
2.304
2.606
2.968
3.004
2.923
2.941
1.976
2.312
2.79
1.253
0.655
1.98
1.475
0.616
2.396
2.062
2.701
1.98
2.045
2.498
2.575
1.093
1.829
1.954
2.786
2.463
1.419
2.134
1.867
2.355
2.529
2.673
1.071
0.826
1.881
0.368
0.518
1.637
0.854
2.794
0.0
2.941
0.665
2.295
2.014
2.419
1.44
2.377
1.686
2.085
1.07
2.606
0.512
2.318
1.396
2.073
1.972
1.283
0.981
1.262
2.29
2.516
2.576
1.652
2.633
2.83
1.737
2.37
2.679
1.853
2.206
2.157
2.016
2.257
2.348
2.499
2.365
1.621
1.832
2.376
2.519
2.302
2.257
2.357
2.409
1.512
2.577
2.503
2.29
2.424
2.485
2.945
2.524
2.478
1.875
2.506
2.05
2.477
2.038
1.675
1.875
1.883
2.185
2.547
2.583
2.502
2.52
1.555
1.891
2.369
2.045
2.454
1.859
1.558
2.565
1.819
0.919
0.512
2.157
1.153
0.676
0.424
1.926
1.637
1.789
0.883
1.244
1.577
0.988
1.887
1.626
0.796
0.369
2.263
2.316
1.104
2.573
2.501
1.817
2.379
0.568
2.941
0.0
2.419
0.651
1.748
0.581
2.115
0.661
1.332
0.992
1.872
0.357
2.542
1.757
2.281
1.895
0.97
1.81
2.228
1.216
2.245
2.47
2.53
1.606
2.587
2.785
1.691
2.324
2.633
1.807
2.16
2.111
1.97
2.211
2.302
2.454
2.319
1.575
1.786
2.33
2.474
2.256
2.211
2.311
2.364
1.466
2.531
2.457
2.244
2.378
2.439
2.899
2.478
2.432
1.829
2.46
2.004
2.431
1.992
1.629
1.829
1.837
2.139
2.501
2.537
2.456
2.474
1.509
1.845
2.323
0.588
0.04
1.318
1.15
0.157
1.734
1.506
2.117
1.991
1.708
1.905
2.097
0.494
1.167
1.84
2.429
2.193
1.067
1.751
1.787
2.19
1.916
2.2
1.117
0.161
1.452
0.421
0.632
0.972
0.951
2.198
0.665
2.419
0.0
1.8
1.35
1.863
0.788
1.807
1.102
1.492
0.62
2.111
0.685
2.191
1.471
1.995
1.478
1.061
0.317
0.613
1.641
1.867
1.927
1.003
1.984
2.181
1.088
1.721
2.03
1.204
1.557
1.508
1.367
1.608
1.699
1.85
1.716
0.972
1.183
1.727
1.87
1.653
1.608
1.708
1.76
0.862
1.928
1.854
1.641
1.775
1.836
2.296
1.875
1.829
1.225
1.857
1.401
1.828
1.389
1.026
1.225
1.234
1.536
1.897
1.934
1.853
1.871
0.906
1.241
1.72
1.495
1.836
1.505
0.915
1.951
1.609
0.387
0.63
1.672
0.624
0.567
0.302
1.314
1.219
1.298
0.843
0.954
0.928
0.462
1.375
1.269
0.718
0.405
1.631
1.711
0.461
1.927
1.85
1.349
1.736
0.755
2.295
0.651
1.8
0.0
1.404
0.326
1.616
0.389
0.763
0.556
1.229
0.313
1.891
1.38
1.688
1.438
0.325
1.17
1.641
1.244
2.273
2.498
2.558
1.634
2.615
2.813
1.719
2.352
2.661
1.835
2.188
2.139
1.998
2.239
2.33
2.482
2.347
1.603
1.814
2.358
2.502
2.284
2.239
2.339
2.392
1.494
2.559
2.485
2.272
2.406
2.467
2.927
2.506
2.46
1.857
2.488
2.032
2.459
2.02
1.657
1.857
1.865
2.168
2.529
2.565
2.484
2.502
1.538
1.873
2.351
0.762
1.36
0.112
1.554
1.418
0.396
1.028
1.262
2.637
1.795
1.072
1.654
1.033
0.259
2.325
2.247
2.275
1.475
1.709
2.342
2.49
0.974
1.742
2.067
1.189
1.43
1.732
1.852
0.383
2.014
1.272
2.014
1.748
1.35
1.404
0.0
1.212
0.611
1.119
0.832
0.849
1.271
1.607
1.911
2.562
2.336
2.499
1.246
1.7
1.034
0.788
1.817
2.042
2.102
1.178
2.159
2.357
1.263
1.896
2.205
1.379
1.732
1.683
1.542
1.783
1.874
2.026
1.891
1.147
1.358
1.902
2.046
1.828
1.783
1.883
1.936
1.038
2.103
2.029
1.816
1.95
2.011
2.471
2.05
2.004
1.401
2.032
1.576
2.003
1.564
1.201
1.401
1.409
1.712
2.073
2.109
2.028
2.046
1.082
1.417
1.895
1.465
1.895
1.319
1.15
2.004
1.355
0.358
0.328
1.989
0.944
0.243
0.461
1.368
1.072
1.617
1.095
1.269
1.141
0.786
1.689
1.594
0.398
0.537
1.871
1.751
0.721
2.054
2.014
1.241
1.95
0.451
2.419
0.581
1.863
0.326
1.212
0.0
1.536
0.093
0.763
0.412
1.353
0.4
2.061
1.705
1.966
1.761
0.509
1.403
1.656
1.215
2.244
2.469
2.529
1.605
2.586
2.784
1.691
2.324
2.633
1.806
2.16
2.111
1.97
2.211
2.301
2.453
2.319
1.575
1.785
2.33
2.473
2.256
2.211
2.311
2.363
1.465
2.531
2.457
2.243
2.378
2.438
2.898
2.477
2.431
1.828
2.459
2.003
2.431
1.992
1.628
1.828
1.837
2.139
2.5
2.537
2.456
2.473
1.509
1.844
2.322
0.255
0.789
0.552
1.391
0.828
0.967
1.237
1.692
2.44
1.806
1.479
1.908
0.645
0.524
2.188
2.41
2.319
1.298
1.774
2.174
2.444
1.43
2.008
1.71
0.629
1.456
1.199
1.367
0.31
1.605
1.737
1.44
2.115
0.788
1.616
0.611
1.536
0.0
1.454
0.866
1.124
0.938
1.887
1.425
2.486
2.029
2.361
1.355
1.448
0.476
0.776
1.805
2.03
2.09
1.166
2.148
2.345
1.252
1.885
2.194
1.368
1.721
1.672
1.531
1.772
1.862
2.014
1.88
1.136
1.346
1.891
2.034
1.817
1.772
1.872
1.924
1.026
2.092
2.018
1.804
1.939
1.999
2.459
2.038
1.992
1.389
2.02
1.564
1.992
1.553
1.189
1.389
1.398
1.7
2.061
2.098
2.017
2.034
1.07
1.405
1.883
1.392
1.839
1.227
1.151
1.946
1.264
0.318
0.334
2.03
0.992
0.187
0.552
1.314
0.983
1.659
1.183
1.341
1.134
0.839
1.727
1.656
0.331
0.63
1.869
1.69
0.74
2.013
1.985
1.156
1.938
0.447
2.377
0.661
1.807
0.389
1.119
0.093
1.454
0.0
0.705
0.334
1.316
0.493
2.033
1.764
1.98
1.808
0.514
1.4
1.59
0.413
1.442
1.667
1.727
0.803
1.784
1.982
0.888
1.521
1.83
1.004
1.357
1.308
1.167
1.408
1.499
1.651
1.516
0.772
0.983
1.527
1.671
1.453
1.408
1.508
1.561
0.663
1.728
1.654
1.441
1.575
1.636
2.096
1.675
1.629
1.026
1.657
1.201
1.628
1.189
0.826
1.026
1.034
1.336
1.698
1.734
1.653
1.671
0.706
1.042
1.52
0.733
1.134
0.901
0.743
1.242
1.167
0.413
1.019
1.815
0.983
0.812
1.062
0.61
0.583
1.495
1.545
1.485
0.675
0.924
1.516
1.667
0.848
1.165
1.36
0.988
0.619
1.33
1.336
0.635
1.368
1.108
1.686
1.332
1.102
0.763
0.832
0.763
0.866
0.705
0.0
0.399
0.658
1.055
1.39
1.734
1.572
1.668
0.489
0.93
0.896
0.613
1.641
1.867
1.927
1.003
1.984
2.181
1.088
1.721
2.03
1.204
1.557
1.508
1.367
1.608
1.699
1.85
1.716
0.972
1.183
1.727
1.87
1.653
1.608
1.708
1.76
0.862
1.928
1.854
1.641
1.775
1.836
2.296
1.875
1.829
1.225
1.857
1.401
1.828
1.389
1.026
1.225
1.234
1.536
1.897
1.934
1.853
1.871
0.906
1.241
1.72
1.059
1.522
0.95
1.002
1.626
1.072
0.195
0.625
1.997
1.023
0.414
0.814
1.004
0.675
1.644
1.399
1.461
0.961
0.904
1.691
1.722
0.457
0.908
1.689
1.369
0.688
1.728
1.726
0.832
1.726
0.71
2.085
0.992
1.492
0.556
0.849
0.412
1.124
0.334
0.399
0.0
1.047
0.778
1.778
1.814
1.853
1.807
0.459
1.231
1.263
0.621
1.65
1.875
1.935
1.011
1.992
2.19
1.096
1.73
2.039
1.212
1.565
1.517
1.376
1.616
1.707
1.859
1.725
0.98
1.191
1.736
1.879
1.662
1.617
1.717
1.769
0.871
1.936
1.862
1.649
1.784
1.844
2.304
1.883
1.837
1.234
1.865
1.409
1.837
1.398
1.034
1.234
1.242
1.545
1.906
1.943
1.862
1.879
0.915
1.25
1.728
0.687
0.66
1.292
0.54
0.777
1.661
0.999
1.647
1.51
1.088
1.451
1.516
0.295
1.022
1.292
1.81
1.578
0.452
1.133
1.261
1.605
1.503
1.617
0.799
0.594
0.842
0.703
0.679
0.919
0.749
1.746
1.07
1.872
0.62
1.229
1.271
1.353
0.938
1.316
0.658
1.047
0.0
1.542
0.733
1.622
1.096
1.458
0.905
0.519
0.616
0.924
1.952
2.178
2.237
1.313
2.295
2.492
1.399
2.032
2.341
1.515
1.868
1.819
1.678
1.919
2.009
2.161
2.027
1.283
1.493
2.038
2.181
1.964
1.919
2.019
2.071
1.173
2.239
2.165
1.951
2.086
2.147
2.606
2.185
2.139
1.536
2.168
1.712
2.139
1.7
1.336
1.536
1.545
1.847
2.208
2.245
2.164
2.181
1.217
1.552
2.03
1.786
2.147
1.714
1.203
2.261
1.753
0.652
0.554
1.833
0.807
0.606
0.091
1.623
1.452
1.461
0.719
0.979
1.225
0.64
1.553
1.344
0.76
0.137
1.906
2.019
0.75
2.239
2.155
1.606
2.024
0.666
2.606
0.357
2.111
0.313
1.607
0.4
1.887
0.493
1.055
0.778
1.542
0.0
2.195
1.469
1.928
1.579
0.638
1.454
1.944
1.285
2.313
2.539
2.598
1.675
2.656
2.853
1.76
2.393
2.702
1.876
2.229
2.18
2.039
2.28
2.371
2.522
2.388
1.644
1.854
2.399
2.542
2.325
2.28
2.38
2.432
1.534
2.6
2.526
2.313
2.447
2.508
2.968
2.547
2.501
1.897
2.529
2.073
2.5
2.061
1.698
1.897
1.906
2.208
2.569
2.606
2.525
2.543
1.578
1.913
2.392
1.186
0.705
1.905
1.014
0.753
2.307
1.716
2.366
1.481
1.568
2.177
2.154
0.886
1.685
1.441
2.304
1.963
0.974
1.672
1.356
1.843
2.234
2.247
0.564
0.817
1.449
0.297
0.059
1.531
0.35
2.471
0.512
2.542
0.685
1.891
1.911
2.061
1.425
2.033
1.39
1.778
0.733
2.195
0.0
1.805
0.905
1.562
1.578
0.796
0.956
1.321
2.35
2.575
2.635
1.711
2.693
2.89
1.797
2.43
2.739
1.913
2.266
2.217
2.076
2.317
2.407
2.559
2.425
1.681
1.891
2.436
2.579
2.362
2.317
2.417
2.469
1.571
2.637
2.563
2.349
2.484
2.544
3.004
2.583
2.537
1.934
2.565
2.109
2.537
2.098
1.734
1.934
1.943
2.245
2.606
2.643
2.562
2.579
1.615
1.95
2.428
2.261
2.229
2.635
1.101
2.337
2.865
1.621
1.988
0.517
0.792
1.946
1.379
1.896
2.316
0.364
0.968
0.521
1.195
0.927
0.456
0.134
2.095
1.396
1.256
2.205
1.14
2.031
1.805
2.34
1.47
2.111
2.318
1.757
2.191
1.38
2.562
1.705
2.486
1.764
1.734
1.814
1.622
1.469
1.805
0.0
0.999
0.274
1.356
1.13
2.238
1.24
2.269
2.494
2.554
1.63
2.612
2.809
1.716
2.349
2.658
1.832
2.185
2.136
1.995
2.236
2.326
2.478
2.344
1.6
1.81
2.355
2.498
2.281
2.236
2.336
2.388
1.49
2.556
2.482
2.268
2.403
2.463
2.923
2.502
2.456
1.853
2.484
2.028
2.456
2.017
1.653
1.853
1.862
2.164
2.525
2.562
2.481
2.498
1.534
1.869
2.347
1.774
1.504
2.37
0.851
1.588
2.711
1.707
2.294
0.586
1.133
2.161
1.856
1.385
2.078
0.666
1.753
1.322
0.901
1.293
0.552
1.076
2.273
1.924
0.356
1.547
1.245
1.182
0.925
2.006
0.556
2.417
1.396
2.281
1.471
1.688
2.336
1.966
2.029
1.98
1.572
1.853
1.096
1.928
0.905
0.999
0.0
0.728
1.466
0.643
1.639
1.258
2.287
2.512
2.572
1.648
2.629
2.827
1.733
2.366
2.675
1.849
2.202
2.153
2.012
2.253
2.344
2.496
2.361
1.617
1.828
2.372
2.516
2.298
2.253
2.353
2.406
1.508
2.573
2.499
2.286
2.42
2.481
2.941
2.52
2.474
1.871
2.502
2.046
2.473
2.034
1.671
1.871
1.879
2.181
2.543
2.579
2.498
2.516
1.551
1.887
2.365
2.124
2.032
2.562
0.972
2.135
2.825
1.621
2.065
0.273
0.817
1.995
1.492
1.745
2.245
0.175
1.176
0.716
1.063
0.977
0.21
0.375
2.136
1.526
1.004
2.025
1.119
1.802
1.567
2.244
1.22
2.19
2.073
1.895
1.995
1.438
2.499
1.761
2.361
1.808
1.668
1.807
1.458
1.579
1.562
0.274
0.728
0.0
1.352
0.946
2.072
0.294
1.322
1.548
1.607
0.683
1.665
1.862
0.769
1.402
1.711
0.885
1.238
1.189
1.048
1.289
1.379
1.531
1.397
0.653
0.863
1.408
1.551
1.334
1.289
1.389
1.441
0.543
1.609
1.535
1.321
1.456
1.517
1.976
1.555
1.509
0.906
1.538
1.082
1.509
1.07
0.706
0.906
0.915
1.217
1.578
1.615
1.534
1.551
0.587
0.922
1.4
1.208
1.515
1.334
0.641
1.63
1.516
0.27
0.836
1.551
0.566
0.695
0.619
0.996
1.025
1.191
1.056
1.029
0.634
0.463
1.245
1.267
0.814
0.722
1.362
1.394
0.237
1.604
1.535
1.116
1.445
0.956
1.972
0.97
1.478
0.325
1.246
0.509
1.355
0.514
0.489
0.459
0.905
0.638
1.578
1.356
1.466
1.352
0.0
0.893
1.332
0.629
1.657
1.883
1.943
1.019
2.0
2.197
1.104
1.737
2.046
1.22
1.573
1.524
1.383
1.624
1.715
1.866
1.732
0.988
1.199
1.743
1.886
1.669
1.624
1.724
1.776
0.878
1.944
1.87
1.657
1.791
1.852
2.312
1.891
1.845
1.241
1.873
1.417
1.844
1.405
1.042
1.241
1.25
1.552
1.913
1.95
1.869
1.887
0.922
1.258
1.736
1.201
1.1
1.74
0.255
1.208
2.071
1.104
1.729
0.993
0.773
1.572
1.401
0.812
1.441
0.784
1.509
1.184
0.271
0.885
0.744
1.132
1.668
1.487
0.469
1.08
0.709
0.947
0.772
1.385
0.571
1.846
1.283
1.81
1.061
1.17
1.7
1.403
1.448
1.4
0.93
1.231
0.519
1.454
0.796
1.13
0.643
0.946
0.893
0.0
1.127
1.107
2.136
2.361
2.421
1.497
2.478
2.676
1.582
2.215
2.524
1.698
2.051
2.002
1.861
2.102
2.193
2.345
2.21
1.466
1.677
2.221
2.365
2.147
2.102
2.202
2.255
1.357
2.422
2.348
2.135
2.269
2.33
2.79
2.369
2.323
1.72
2.351
1.895
2.322
1.883
1.52
1.72
1.728
2.03
2.392
2.428
2.347
2.365
1.4
1.736
2.214
0.273
0.326
1.0
1.146
0.395
1.416
1.309
1.883
2.108
1.659
1.667
1.943
0.359
0.861
1.906
2.344
2.165
1.054
1.672
1.871
2.218
1.661
2.046
1.299
0.156
1.355
0.723
0.899
0.659
1.167
1.954
0.981
2.228
0.317
1.641
1.034
1.656
0.476
1.59
0.896
1.263
0.616
1.944
0.956
2.238
1.639
2.072
1.332
1.127
0.0
1.029
1000.0
2.283
2.342
1.418
2.4
2.597
1.504
2.137
2.446
1.62
1.973
1.924
1.783
2.024
2.115
2.266
2.132
1.388
1.598
2.143
2.286
2.069
2.024
2.124
2.176
1.278
2.344
2.27
2.057
2.191
2.252
2.711
2.29
2.245
1.641
2.273
1.817
2.244
1.805
1.442
1.641
1.65
1.952
2.313
2.35
2.269
2.287
1.322
1.657
2.136
2.057
2.283
2.342
1.418
2.4
2.597
1.504
2.137
2.446
1.62
1.973
1.924
1.783
2.024
2.115
2.266
2.132
1.388
1.598
2.143
2.286
2.069
2.024
2.124
2.176
1.278
2.344
2.27
2.057
2.191
2.252
2.711
2.29
2.245
1.641
2.273
1.817
2.244
1.805
1.442
1.641
1.65
1.952
2.313
2.35
2.269
2.287
1.322
1.657
2.136
1.254
2.283
1000.0
2.568
1.644
2.625
2.823
1.729
2.362
2.671
1.845
2.198
2.149
2.008
2.249
2.34
2.492
2.357
1.613
1.824
2.368
2.512
2.294
2.249
2.349
2.402
1.504
2.569
2.495
2.282
2.416
2.477
2.937
2.516
2.47
1.867
2.498
2.042
2.469
2.03
1.667
1.867
1.875
2.178
2.539
2.575
2.494
2.512
1.548
1.883
2.361
2.283
2.508
2.568
1.644
2.625
2.823
1.729
2.362
2.671
1.845
2.198
2.149
2.008
2.249
2.34
2.492
2.357
1.613
1.824
2.368
2.512
2.294
2.249
2.349
2.402
1.504
2.569
2.495
2.282
2.416
2.477
2.937
2.516
2.47
1.867
2.498
2.042
2.469
2.03
1.667
1.867
1.875
2.178
2.539
2.575
2.494
2.512
1.548
1.883
2.361
1.314
2.342
2.568
1000.0
1.704
2.685
2.882
1.789
2.422
2.731
1.905
2.258
2.209
2.068
2.309
2.4
2.551
2.417
1.673
1.884
2.428
2.571
2.354
2.309
2.409
2.461
1.563
2.629
2.555
2.342
2.476
2.537
2.997
2.576
2.53
1.927
2.558
2.102
2.529
2.09
1.727
1.927
1.935
2.237
2.598
2.635
2.554
2.572
1.607
1.943
2.421
2.342
2.568
2.628
1.704
2.685
2.882
1.789
2.422
2.731
1.905
2.258
2.209
2.068
2.309
2.4
2.551
2.417
1.673
1.884
2.428
2.571
2.354
2.309
2.409
2.461
1.563
2.629
2.555
2.342
2.476
2.537
2.997
2.576
2.53
1.927
2.558
2.102
2.529
2.09
1.727
1.927
1.935
2.237
2.598
2.635
2.554
2.572
1.607
1.943
2.421
0.39
1.418
1.644
1.704
1000.0
1.761
1.958
0.865
1.498
1.807
0.981
1.334
1.285
1.144
1.385
1.476
1.628
1.493
0.749
0.96
1.504
1.647
1.43
1.385
1.485
1.537
0.64
1.705
1.631
1.418
1.552
1.613
2.073
1.652
1.606
1.003
1.634
1.178
1.605
1.166
0.803
1.003
1.011
1.313
1.675
1.711
1.63
1.648
0.683
1.019
1.497
1.418
1.644
1.704
0.78
1.761
1.958
0.865
1.498
1.807
0.981
1.334
1.285
1.144
1.385
1.476
1.628
1.493
0.749
0.96
1.504
1.647
1.43
1.385
1.485
1.537
0.64
1.705
1.631
1.418
1.552
1.613
2.073
1.652
1.606
1.003
1.634
1.178
1.605
1.166
0.803
1.003
1.011
1.313
1.675
1.711
1.63
1.648
0.683
1.019
1.497
1.371
2.4
2.625
2.685
1.761
1000.0
2.94
1.846
2.479
2.788
1.962
2.315
2.266
2.126
2.366
2.457
2.609
2.475
1.73
1.941
2.485
2.629
2.411
2.367
2.467
2.519
1.621
2.686
2.612
2.399
2.533
2.594
3.054
2.633
2.587
1.984
2.615
2.159
2.586
2.148
1.784
1.984
1.992
2.295
2.656
2.693
2.612
2.629
1.665
2.0
2.478
2.4
2.625
2.685
1.761
2.742
2.94
1.846
2.479
2.788
1.962
2.315
2.266
2.126
2.366
2.457
2.609
2.475
1.73
1.941
2.485
2.629
2.411
2.367
2.467
2.519
1.621
2.686
2.612
2.399
2.533
2.594
3.054
2.633
2.587
1.984
2.615
2.159
2.586
2.148
1.784
1.984
1.992
2.295
2.656
2.693
2.612
2.629
1.665
2.0
2.478
1.569
2.597
2.823
2.882
1.958
2.94
1000.0
2.044
2.677
2.986
2.16
2.513
2.464
2.323
2.564
2.655
2.806
2.672
1.928
2.138
2.683
2.826
2.609
2.564
2.664
2.716
1.818
2.884
2.81
2.597
2.731
2.792
3.251
2.83
2.785
2.181
2.813
2.357
2.784
2.345
1.982
2.181
2.19
2.492
2.853
2.89
2.809
2.827
1.862
2.197
2.676
2.597
2.823
2.882
1.958
2.94
3.137
2.044
2.677
2.986
2.16
2.513
2.464
2.323
2.564
2.655
2.806
2.672
1.928
2.138
2.683
2.826
2.609
2.564
2.664
2.716
1.818
2.884
2.81
2.597
2.731
2.792
3.251
2.83
2.785
2.181
2.813
2.357
2.784
2.345
1.982
2.181
2.19
2.492
2.853
2.89
2.809
2.827
1.862
2.197
2.676
0.475
1.504
1.729
1.789
0.865
1.846
2.044
1000.0
1.584
1.893
1.066
1.419
1.371
1.23
1.47
1.561
1.713
1.579
0.834
1.045
1.59
1.733
1.516
1.471
1.571
1.623
0.725
1.791
1.716
1.503
1.638
1.698
2.158
1.737
1.691
1.088
1.719
1.263
1.691
1.252
0.888
1.088
1.096
1.399
1.76
1.797
1.716
1.733
0.769
1.104
1.582
1.504
1.729
1.789
0.865
1.846
2.044
0.951
1.584
1.893
1.066
1.419
1.371
1.23
1.47
1.561
1.713
1.579
0.834
1.045
1.59
1.733
1.516
1.471
1.571
1.623
0.725
1.791
1.716
1.503
1.638
1.698
2.158
1.737
1.691
1.088
1.719
1.263
1.691
1.252
0.888
1.088
1.096
1.399
1.76
1.797
1.716
1.733
0.769
1.104
1.582
1.108
2.137
2.362
2.422
1.498
2.479
2.677
1.584
1000.0
2.526
1.699
2.053
2.004
1.863
2.104
2.194
2.346
2.212
1.468
1.678
2.223
2.366
2.149
2.104
2.204
2.256
1.358
2.424
2.35
2.136
2.271
2.331
2.791
2.37
2.324
1.721
2.352
1.896
2.324
1.885
1.521
1.721
1.73
2.032
2.393
2.43
2.349
2.366
1.402
1.737
2.215
2.137
2.362
2.422
1.498
2.479
2.677
1.584
2.217
2.526
1.699
2.053
2.004
1.863
2.104
2.194
2.346
2.212
1.468
1.678
2.223
2.366
2.149
2.104
2.204
2.256
1.358
2.424
2.35
2.136
2.271
2.331
2.791
2.37
2.324
1.721
2.352
1.896
2.324
1.885
1.521
1.721
1.73
2.032
2.393
2.43
2.349
2.366
1.402
1.737
2.215
1.417
2.446
2.671
2.731
1.807
2.788
2.986
1.893
2.526
1000.0
2.008
2.362
2.313
2.172
2.413
2.503
2.655
2.521
1.777
1.987
2.532
2.675
2.458
2.413
2.513
2.565
1.667
2.733
2.659
2.445
2.58
2.64
3.1
2.679
2.633
2.03
2.661
2.205
2.633
2.194
1.83
2.03
2.039
2.341
2.702
2.739
2.658
2.675
1.711
2.046
2.524
2.446
2.671
2.731
1.807
2.788
2.986
1.893
2.526
2.835
2.008
2.362
2.313
2.172
2.413
2.503
2.655
2.521
1.777
1.987
2.532
2.675
2.458
2.413
2.513
2.565
1.667
2.733
2.659
2.445
2.58
2.64
3.1
2.679
2.633
2.03
2.661
2.205
2.633
2.194
1.83
2.03
2.039
2.341
2.702
2.739
2.658
2.675
1.711
2.046
2.524
0.591
1.62
1.845
1.905
0.981
1.962
2.16
1.066
1.699
2.008
1000.0
1.535
1.486
1.346
1.586
1.677
1.829
1.695
0.95
1.161
1.705
1.849
1.631
1.586
1.686
1.739
0.841
1.906
1.832
1.619
1.753
1.814
2.274
1.853
1.807
1.204
1.835
1.379
1.806
1.368
1.004
1.204
1.212
1.515
1.876
1.913
1.832
1.849
0.885
1.22
1.698
1.62
1.845
1.905
0.981
1.962
2.16
1.066
1.699
2.008
1.182
1.535
1.486
1.346
1.586
1.677
1.829
1.695
0.95
1.161
1.705
1.849
1.631
1.586
1.686
1.739
0.841
1.906
1.832
1.619
1.753
1.814
2.274
1.853
1.807
1.204
1.835
1.379
1.806
1.368
1.004
1.204
1.212
1.515
1.876
1.913
1.832
1.849
0.885
1.22
1.698
0.944
1.973
2.198
2.258
1.334
2.315
2.513
1.419
2.053
2.362
1.535
1000.0
1.84
1.699
1.939
2.03
2.182
2.048
1.303
1.514
2.059
2.202
1.985
1.94
2.04
2.092
1.194
2.259
2.185
1.972
2.107
2.167
2.627
2.206
2.16
1.557
2.188
1.732
2.16
1.721
1.357
1.557
1.565
1.868
2.229
2.266
2.185
2.202
1.238
1.573
2.051
1.973
2.198
2.258
1.334
2.315
2.513
1.419
2.053
2.362
1.535
1.888
1.84
1.699
1.939
2.03
2.182
2.048
1.303
1.514
2.059
2.202
1.985
1.94
2.04
2.092
1.194
2.259
2.185
1.972
2.107
2.167
2.627
2.206
2.16
1.557
2.188
1.732
2.16
1.721
1.357
1.557
1.565
1.868
2.229
2.266
2.185
2.202
1.238
1.573
2.051
0.895
1.924
2.149
2.209
1.285
2.266
2.464
1.371
2.004
2.313
1.486
1.84
1000.0
1.65
1.891
1.981
2.133
1.999
1.255
1.465
2.01
2.153
1.936
1.891
1.991
2.043
1.145
2.211
2.137
1.923
2.058
2.118
2.578
2.157
2.111
1.508
2.139
1.683
2.111
1.672
1.308
1.508
1.517
1.819
2.18
2.217
2.136
2.153
1.189
1.524
2.002
1.924
2.149
2.209
1.285
2.266
2.464
1.371
2.004
2.313
1.486
1.84
1.791
1.65
1.891
1.981
2.133
1.999
1.255
1.465
2.01
2.153
1.936
1.891
1.991
2.043
1.145
2.211
2.137
1.923
2.058
2.118
2.578
2.157
2.111
1.508
2.139
1.683
2.111
1.672
1.308
1.508
1.517
1.819
2.18
2.217
2.136
2.153
1.189
1.524
2.002
0.754
1.783
2.008
2.068
1.144
2.126
2.323
1.23
1.863
2.172
1.346
1.699
1.65
1000.0
1.75
1.84
1.992
1.858
1.114
1.324
1.869
2.012
1.795
1.75
1.85
1.902
1.004
2.07
1.996
1.782
1.917
1.977
2.437
2.016
1.97
1.367
1.998
1.542
1.97
1.531
1.167
1.367
1.376
1.678
2.039
2.076
1.995
2.012
1.048
1.383
1.861
1.783
2.008
2.068
1.144
2.126
2.323
1.23
1.863
2.172
1.346
1.699
1.65
1.509
1.75
1.84
1.992
1.858
1.114
1.324
1.869
2.012
1.795
1.75
1.85
1.902
1.004
2.07
1.996
1.782
1.917
1.977
2.437
2.016
1.97
1.367
1.998
1.542
1.97
1.531
1.167
1.367
1.376
1.678
2.039
2.076
1.995
2.012
1.048
1.383
1.861
0.995
2.024
2.249
2.309
1.385
2.366
2.564
1.47
2.104
2.413
1.586
1.939
1.891
1.75
1000.0
2.081
2.233
2.099
1.354
1.565
2.11
2.253
2.036
1.991
2.091
2.143
1.245
2.31
2.236
2.023
2.158
2.218
2.678
2.257
2.211
1.608
2.239
1.783
2.211
1.772
1.408
1.608
1.616
1.919
2.28
2.317
2.236
2.253
1.289
1.624
2.102
2.024
2.249
2.309
1.385
2.366
2.564
1.47
2.104
2.413
1.586
1.939
1.891
1.75
1.99
2.081
2.233
2.099
1.354
1.565
2.11
2.253
2.036
1.991
2.091
2.143
1.245
2.31
2.236
2.023
2.158
2.218
2.678
2.257
2.211
1.608
2.239
1.783
2.211
1.772
1.408
1.608
1.616
1.919
2.28
2.317
2.236
2.253
1.289
1.624
2.102
1.086
2.115
2.34
2.4
1.476
2.457
2.655
1.561
2.194
2.503
1.677
2.03
1.981
1.84
2.081
1000.0
2.324
2.189
1.445
1.656
2.2
2.344
2.126
2.081
2.181
2.234
1.336
2.401
2.327
2.114
2.248
2.309
2.769
2.348
2.302
1.699
2.33
1.874
2.301
1.862
1.499
1.699
1.707
2.009
2.371
2.407
2.326
2.344
1.379
1.715
2.193
2.115
2.34
2.4
1.476
2.457
2.655
1.561
2.194
2.503
1.677
2.03
1.981
1.84
2.081
2.172
2.324
2.189
1.445
1.656
2.2
2.344
2.126
2.081
2.181
2.234
1.336
2.401
2.327
2.114
2.248
2.309
2.769
2.348
2.302
1.699
2.33
1.874
2.301
1.862
1.499
1.699
1.707
2.009
2.371
2.407
2.326
2.344
1.379
1.715
2.193
1.238
2.266
2.492
2.551
1.628
2.609
2.806
1.713
2.346
2.655
1.829
2.182
2.133
1.992
2.233
2.324
1000.0
2.341
1.597
1.807
2.352
2.495
2.278
2.233
2.333
2.385
1.487
2.553
2.479
2.266
2.4
2.461
2.921
2.499
2.454
1.85
2.482
2.026
2.453
2.014
1.651
1.85
1.859
2.161
2.522
2.559
2.478
2.496
1.531
1.866
2.345
2.266
2.492
2.551
1.628
2.609
2.806
1.713
2.346
2.655
1.829
2.182
2.133
1.992
2.233
2.324
2.475
2.341
1.597
1.807
2.352
2.495
2.278
2.233
2.333
2.385
1.487
2.553
2.479
2.266
2.4
2.461
2.921
2.499
2.454
1.85
2.482
2.026
2.453
2.014
1.651
1.85
1.859
2.161
2.522
2.559
2.478
2.496
1.531
1.866
2.345
1.103
2.132
2.357
2.417
1.493
2.475
2.672
1.579
2.212
2.521
1.695
2.048
1.999
1.858
2.099
2.189
2.341
1000.0
1.463
1.673
2.218
2.361
2.144
2.099
2.199
2.251
1.353
2.419
2.345
2.131
2.266
2.327
2.786
2.365
2.319
1.716
2.347
1.891
2.319
1.88
1.516
1.716
1.725
2.027
2.388
2.425
2.344
2.361
1.397
1.732
2.21
2.132
2.357
2.417
1.493
2.475
2.672
1.579
2.212
2.521
1.695
2.048
1.999
1.858
2.099
2.189
2.341
2.207
1.463
1.673
2.218
2.361
2.144
2.099
2.199
2.251
1.353
2.419
2.345
2.131
2.266
2.327
2.786
2.365
2.319
1.716
2.347
1.891
2.319
1.88
1.516
1.716
1.725
2.027
2.388
2.425
2.344
2.361
1.397
1.732
2.21
0.359
1.388
1.613
1.673
0.749
1.73
1.928
0.834
1.468
1.777
0.95
1.303
1.255
1.114
1.354
1.445
1.597
1.463
1000.0
0.929
1.474
1.617
1.4
1.355
1.455
1.507
0.609
1.674
1.6
1.387
1.522
1.582
2.042
1.621
1.575
0.972
1.603
1.147
1.575
1.136
0.772
0.972
0.98
1.283
1.644
1.681
1.6
1.617
0.653
0.988
1.466
1.388
1.613
1.673
0.749
1.73
1.928
0.834
1.468
1.777
0.95
1.303
1.255
1.114
1.354
1.445
1.597
1.463
0.718
0.929
1.474
1.617
1.4
1.355
1.455
1.507
0.609
1.674
1.6
1.387
1.522
1.582
2.042
1.621
1.575
0.972
1.603
1.147
1.575
1.136
0.772
0.972
0.98
1.283
1.644
1.681
1.6
1.617
0.653
0.988
1.466
0.57
1.598
1.824
1.884
0.96
1.941
2.138
1.045
1.678
1.987
1.161
1.514
1.465
1.324
1.565
1.656
1.807
1.673
0.929
1000.0
1.684
1.827
1.61
1.565
1.665
1.717
0.819
1.885
1.811
1.598
1.732
1.793
2.253
1.832
1.786
1.183
1.814
1.358
1.785
1.346
0.983
1.183
1.191
1.493
1.854
1.891
1.81
1.828
0.863
1.199
1.677
1.598
1.824
1.884
0.96
1.941
2.138
1.045
1.678
1.987
1.161
1.514
1.465
1.324
1.565
1.656
1.807
1.673
0.929
1.14
1.684
1.827
1.61
1.565
1.665
1.717
0.819
1.885
1.811
1.598
1.732
1.793
2.253
1.832
1.786
1.183
1.814
1.358
1.785
1.346
0.983
1.183
1.191
1.493
1.854
1.891
1.81
1.828
0.863
1.199
1.677
1.114
2.143
2.368
2.428
1.504
2.485
2.683
1.59
2.223
2.532
1.705
2.059
2.01
1.869
2.11
2.2
2.352
2.218
1.474
1.684
1000.0
2.372
2.155
2.11
2.21
2.262
1.364
2.43
2.356
2.142
2.277
2.337
2.797
2.376
2.33
1.727
2.358
1.902
2.33
1.891
1.527
1.727
1.736
2.038
2.399
2.436
2.355
2.372
1.408
1.743
2.221
2.143
2.368
2.428
1.504
2.485
2.683
1.59
2.223
2.532
1.705
2.059
2.01
1.869
2.11
2.2
2.352
2.218
1.474
1.684
2.229
2.372
2.155
2.11
2.21
2.262
1.364
2.43
2.356
2.142
2.277
2.337
2.797
2.376
2.33
1.727
2.358
1.902
2.33
1.891
1.527
1.727
1.736
2.038
2.399
2.436
2.355
2.372
1.408
1.743
2.221
1.258
2.286
2.512
2.571
1.647
2.629
2.826
1.733
2.366
2.675
1.849
2.202
2.153
2.012
2.253
2.344
2.495
2.361
1.617
1.827
2.372
1000.0
2.298
2.253
2.353
2.405
1.507
2.573
2.499
2.286
2.42
2.481
2.94
2.519
2.474
1.87
2.502
2.046
2.473
2.034
1.671
1.87
1.879
2.181
2.542
2.579
2.498
2.516
1.551
1.886
2.365
2.286
2.512
2.571
1.647
2.629
2.826
1.733
2.366
2.675
1.849
2.202
2.153
2.012
2.253
2.344
2.495
2.361
1.617
1.827
2.372
2.515
2.298
2.253
2.353
2.405
1.507
2.573
2.499
2.286
2.42
2.481
2.94
2.519
2.474
1.87
2.502
2.046
2.473
2.034
1.671
1.87
1.879
2.181
2.542
2.579
2.498
2.516
1.551
1.886
2.365
1.04
2.069
2.294
2.354
1.43
2.411
2.609
1.516
2.149
2.458
1.631
1.985
1.936
1.795
2.036
2.126
2.278
2.144
1.4
1.61
2.155
2.298
1000.0
2.036
2.136
2.188
1.29
2.356
2.282
2.068
2.203
2.263
2.723
2.302
2.256
1.653
2.284
1.828
2.256
1.817
1.453
1.653
1.662
1.964
2.325
2.362
2.281
2.298
1.334
1.669
2.147
2.069
2.294
2.354
1.43
2.411
2.609
1.516
2.149
2.458
1.631
1.985
1.936
1.795
2.036
2.126
2.278
2.144
1.4
1.61
2.155
2.298
2.081
2.036
2.136
2.188
1.29
2.356
2.282
2.068
2.203
2.263
2.723
2.302
2.256
1.653
2.284
1.828
2.256
1.817
1.453
1.653
1.662
1.964
2.325
2.362
2.281
2.298
1.334
1.669
2.147
0.995
2.024
2.249
2.309
1.385
2.367
2.564
1.471
2.104
2.413
1.586
1.94
1.891
1.75
1.991
2.081
2.233
2.099
1.355
1.565
2.11
2.253
2.036
1000.0
2.091
2.143
1.245
2.311
2.237
2.023
2.158
2.218
2.678
2.257
2.211
1.608
2.239
1.783
2.211
1.772
1.408
1.608
1.617
1.919
2.28
2.317
2.236
2.253
1.289
1.624
2.102
2.024
2.249
2.309
1.385
2.367
2.564
1.471
2.104
2.413
1.586
1.94
1.891
1.75
1.991
2.081
2.233
2.099
1.355
1.565
2.11
2.253
2.036
1.991
2.091
2.143
1.245
2.311
2.237
2.023
2.158
2.218
2.678
2.257
2.211
1.608
2.239
1.783
2.211
1.772
1.408
1.608
1.617
1.919
2.28
2.317
2.236
2.253
1.289
1.624
2.102
1.095
2.124
2.349
2.409
1.485
2.467
2.664
1.571
2.204
2.513
1.686
2.04
1.991
1.85
2.091
2.181
2.333
2.199
1.455
1.665
2.21
2.353
2.136
2.091
1000.0
2.243
1.345
2.411
2.337
2.123
2.258
2.318
2.778
2.357
2.311
1.708
2.339
1.883
2.311
1.872
1.508
1.708
1.717
2.019
2.38
2.417
2.336
2.353
1.389
1.724
2.202
2.124
2.349
2.409
1.485
2.467
2.664
1.571
2.204
2.513
1.686
2.04
1.991
1.85
2.091
2.181
2.333
2.199
1.455
1.665
2.21
2.353
2.136
2.091
2.191
2.243
1.345
2.411
2.337
2.123
2.258
2.318
2.778
2.357
2.311
1.708
2.339
1.883
2.311
1.872
1.508
1.708
1.717
2.019
2.38
2.417
2.336
2.353
1.389
1.724
2.202
1.148
2.176
2.402
2.461
1.537
2.519
2.716
1.623
2.256
2.565
1.739
2.092
2.043
1.902
2.143
2.234
2.385
2.251
1.507
1.717
2.262
2.405
2.188
2.143
2.243
1000.0
1.397
2.463
2.389
2.176
2.31
2.371
2.83
2.409
2.364
1.76
2.392
1.936
2.363
1.924
1.561
1.76
1.769
2.071
2.432
2.469
2.388
2.406
1.441
1.776
2.255
2.176
2.402
2.461
1.537
2.519
2.716
1.623
2.256
2.565
1.739
2.092
2.043
1.902
2.143
2.234
2.385
2.251
1.507
1.717
2.262
2.405
2.188
2.143
2.243
2.295
1.397
2.463
2.389
2.176
2.31
2.371
2.83
2.409
2.364
1.76
2.392
1.936
2.363
1.924
1.561
1.76
1.769
2.071
2.432
2.469
2.388
2.406
1.441
1.776
2.255
0.25
1.276
1.49
1.51
0.455
1.608
1.725
0.505
1.049
1.314
0.366
0.925
0.704
1.001
1.193
0.956
0.989
0.868
0.476
0.321
1.008
1.061
1.049
0.798
1.17
1.391
1000.0
1.565
1.491
1.278
1.412
1.473
1.933
1.512
1.466
0.862
1.494
1.038
1.465
1.026
0.663
0.862
0.871
1.173
1.534
1.571
1.49
1.508
0.543
0.878
1.357
1.278
1.504
1.563
0.64
1.621
1.818
0.725
1.358
1.667
0.841
1.194
1.145
1.004
1.245
1.336
1.487
1.353
0.609
0.819
1.364
1.507
1.29
1.245
1.345
1.397
0.499
1.565
1.491
1.278
1.412
1.473
1.933
1.512
1.466
0.862
1.494
1.038
1.465
1.026
0.663
0.862
0.871
1.173
1.534
1.571
1.49
1.508
0.543
0.878
1.357
1.315
0.979
0.432
1.712
1.121
0.463
2.124
1.698
2.34
1.746
1.694
2.139
2.208
0.753
1.526
1.667
2.435
2.132
1.06
1.776
1.592
2.055
2.176
2.307
0.83
0.572
1.565
1000.0
2.556
2.343
2.478
2.538
2.998
2.577
2.531
1.928
2.559
2.103
2.531
2.092
1.728
1.928
1.936
2.239
2.6
2.637
2.556
2.573
1.609
1.944
2.422
2.344
2.569
2.629
1.705
2.686
2.884
1.791
2.424
2.733
1.906
2.259
2.211
2.07
2.31
2.401
2.553
2.419
1.674
1.885
2.43
2.573
2.356
2.311
2.411
2.463
1.565
2.631
2.556
2.343
2.478
2.538
2.998
2.577
2.531
1.928
2.559
2.103
2.531
2.092
1.728
1.928
1.936
2.239
2.6
2.637
2.556
2.573
1.609
1.944
2.422
1.241
1.127
0.653
1.845
0.982
0.707
2.247
1.667
2.317
1.496
1.542
2.126
2.115
0.827
1.626
1.441
2.28
1.947
0.938
1.642
1.359
1.839
2.182
2.21
0.578
0.761
1.491
2.556
1000.0
2.269
2.404
2.464
2.924
2.503
2.457
1.854
2.485
2.029
2.457
2.018
1.654
1.854
1.862
2.165
2.526
2.563
2.482
2.499
1.535
1.87
2.348
2.27
2.495
2.555
1.631
2.612
2.81
1.716
2.35
2.659
1.832
2.185
2.137
1.996
2.236
2.327
2.479
2.345
1.6
1.811
2.356
2.499
2.282
2.237
2.337
2.389
1.491
2.556
2.482
2.269
2.404
2.464
2.924
2.503
2.457
1.854
2.485
2.029
2.457
2.018
1.654
1.854
1.862
2.165
2.526
2.563
2.482
2.499
1.535
1.87
2.348
1.028
0.386
0.984
0.377
1.276
1.049
0.777
0.964
1.384
2.355
1.614
1.172
1.633
0.66
0.219
2.07
2.167
2.119
1.189
1.559
2.072
2.283
1.12
1.731
1.718
0.812
1.278
2.343
2.269
1000.0
2.19
2.251
2.711
2.29
2.244
1.641
2.272
1.816
2.243
1.804
1.441
1.641
1.649
1.951
2.313
2.349
2.268
2.286
1.321
1.657
2.135
2.057
2.282
2.342
1.418
2.399
2.597
1.503
2.136
2.445
1.619
1.972
1.923
1.782
2.023
2.114
2.266
2.131
1.387
1.598
2.142
2.286
2.068
2.023
2.123
2.176
1.278
2.343
2.269
2.056
2.19
2.251
2.711
2.29
2.244
1.641
2.272
1.816
2.243
1.804
1.441
1.641
1.649
1.951
2.313
2.349
2.268
2.286
1.321
1.657
2.135
1.162
1.352
0.979
2.027
0.821
1.051
2.407
1.628
2.27
1.131
1.324
2.099
1.971
0.991
1.768
1.108
2.042
1.669
0.812
1.449
1.016
1.517
2.179
2.057
0.216
1.052
1.412
2.478
2.404
2.19
1000.0
2.385
2.845
2.424
2.378
1.775
2.406
1.95
2.378
1.939
1.575
1.775
1.784
2.086
2.447
2.484
2.403
2.42
1.456
1.791
2.269
2.191
2.416
2.476
1.552
2.533
2.731
1.638
2.271
2.58
1.753
2.107
2.058
1.917
2.158
2.248
2.4
2.266
1.522
1.732
2.277
2.42
2.203
2.158
2.258
2.31
1.412
2.478
2.404
2.19
2.325
2.385
2.845
2.424
2.378
1.775
2.406
1.95
2.378
1.939
1.575
1.775
1.784
2.086
2.447
2.484
2.403
2.42
1.456
1.791
2.269
1.223
1.727
2.227
1.384
1.596
2.328
1.279
0.758
0.126
2.427
1.378
0.296
0.755
1.712
1.221
2.052
1.371
1.639
1.581
1.214
2.13
1.991
0.307
0.779
2.315
2.069
1.473
2.538
2.464
2.251
2.385
1000.0
2.906
2.485
2.439
1.836
2.467
2.011
2.438
1.999
1.636
1.836
1.844
2.147
2.508
2.544
2.463
2.481
1.517
1.852
2.33
2.252
2.477
2.537
1.613
2.594
2.792
1.698
2.331
2.64
1.814
2.167
2.118
1.977
2.218
2.309
2.461
2.327
1.582
1.793
2.337
2.481
2.263
2.218
2.318
2.371
1.473
2.538
2.464
2.251
2.385
2.446
2.906
2.485
2.439
1.836
2.467
2.011
2.438
1.999
1.636
1.836
1.844
2.147
2.508
2.544
2.463
2.481
1.517
1.852
2.33
1.683
1.253
0.655
1.98
1.475
0.616
2.396
2.062
2.701
1.98
2.045
2.498
2.575
1.093
1.829
1.954
2.786
2.463
1.419
2.134
1.867
2.355
2.529
2.673
1.071
0.826
1.933
2.998
2.924
2.711
2.845
2.906
1000.0
2.945
2.899
2.296
2.927
2.471
2.898
2.459
2.096
2.296
2.304
2.606
2.968
3.004
2.923
2.941
1.976
2.312
2.79
2.711
2.937
2.997
2.073
3.054
3.251
2.158
2.791
3.1
2.274
2.627
2.578
2.437
2.678
2.769
2.921
2.786
2.042
2.253
2.797
2.94
2.723
2.678
2.778
2.83
1.933
2.998
2.924
2.711
2.845
2.906
3.366
2.945
2.899
2.296
2.927
2.471
2.898
2.459
2.096
2.296
2.304
2.606
2.968
3.004
2.923
2.941
1.976
2.312
2.79
1.262
2.045
2.454
1.859
1.558
2.565
1.819
0.919
0.512
2.157
1.153
0.676
0.424
1.926
1.637
1.789
0.883
1.244
1.577
0.988
1.887
1.626
0.796
0.369
2.263
2.316
1.512
2.577
2.503
2.29
2.424
2.485
2.945
1000.0
2.478
1.875
2.506
2.05
2.477
2.038
1.675
1.875
1.883
2.185
2.547
2.583
2.502
2.52
1.555
1.891
2.369
2.29
2.516
2.576
1.652
2.633
2.83
1.737
2.37
2.679
1.853
2.206
2.157
2.016
2.257
2.348
2.499
2.365
1.621
1.832
2.376
2.519
2.302
2.257
2.357
2.409
1.512
2.577
2.503
2.29
2.424
2.485
2.945
2.524
2.478
1.875
2.506
2.05
2.477
2.038
1.675
1.875
1.883
2.185
2.547
2.583
2.502
2.52
1.555
1.891
2.369
1.216
0.588
0.04
1.318
1.15
0.157
1.734
1.506
2.117
1.991
1.708
1.905
2.097
0.494
1.167
1.84
2.429
2.193
1.067
1.751
1.787
2.19
1.916
2.2
1.117
0.161
1.466
2.531
2.457
2.244
2.378
2.439
2.899
2.478
1000.0
1.829
2.46
2.004
2.431
1.992
1.629
1.829
1.837
2.139
2.501
2.537
2.456
2.474
1.509
1.845
2.323
2.245
2.47
2.53
1.606
2.587
2.785
1.691
2.324
2.633
1.807
2.16
2.111
1.97
2.211
2.302
2.454
2.319
1.575
1.786
2.33
2.474
2.256
2.211
2.311
2.364
1.466
2.531
2.457
2.244
2.378
2.439
2.899
2.478
2.432
1.829
2.46
2.004
2.431
1.992
1.629
1.829
1.837
2.139
2.501
2.537
2.456
2.474
1.509
1.845
2.323
0.613
1.495
1.836
1.505
0.915
1.951
1.609
0.387
0.63
1.672
0.624
0.567
0.302
1.314
1.219
1.298
0.843
0.954
0.928
0.462
1.375
1.269
0.718
0.405
1.631
1.711
0.862
1.928
1.854
1.641
1.775
1.836
2.296
1.875
1.829
1000.0
1.857
1.401
1.828
1.389
1.026
1.225
1.234
1.536
1.897
1.934
1.853
1.871
0.906
1.241
1.72
1.641
1.867
1.927
1.003
1.984
2.181
1.088
1.721
2.03
1.204
1.557
1.508
1.367
1.608
1.699
1.85
1.716
0.972
1.183
1.727
1.87
1.653
1.608
1.708
1.76
0.862
1.928
1.854
1.641
1.775
1.836
2.296
1.875
1.829
1.225
1.857
1.401
1.828
1.389
1.026
1.225
1.234
1.536
1.897
1.934
1.853
1.871
0.906
1.241
1.72
1.244
0.762
1.36
0.112
1.554
1.418
0.396
1.028
1.262
2.637
1.795
1.072
1.654
1.033
0.259
2.325
2.247
2.275
1.475
1.709
2.342
2.49
0.974
1.742
2.067
1.189
1.494
2.559
2.485
2.272
2.406
2.467
2.927
2.506
2.46
1.857
1000.0
2.032
2.459
2.02
1.657
1.857
1.865
2.168
2.529
2.565
2.484
2.502
1.538
1.873
2.351
2.273
2.498
2.558
1.634
2.615
2.813
1.719
2.352
2.661
1.835
2.188
2.139
1.998
2.239
2.33
2.482
2.347
1.603
1.814
2.358
2.502
2.284
2.239
2.339
2.392
1.494
2.559
2.485
2.272
2.406
2.467
2.927
2.506
2.46
1.857
2.488
2.032
2.459
2.02
1.657
1.857
1.865
2.168
2.529
2.565
2.484
2.502
1.538
1.873
2.351
0.788
1.465
1.895
1.319
1.15
2.004
1.355
0.358
0.328
1.989
0.944
0.243
0.461
1.368
1.072
1.617
1.095
1.269
1.141
0.786
1.689
1.594
0.398
0.537
1.871
1.751
1.038
2.103
2.029
1.816
1.95
2.011
2.471
2.05
2.004
1.401
2.032
1000.0
2.003
1.564
1.201
1.401
1.409
1.712
2.073
2.109
2.028
2.046
1.082
1.417
1.895
1.817
2.042
2.102
1.178
2.159
2.357
1.263
1.896
2.205
1.379
1.732
1.683
1.542
1.783
1.874
2.026
1.891
1.147
1.358
1.902
2.046
1.828
1.783
1.883
1.936
1.038
2.103
2.029
1.816
1.95
2.011
2.471
2.05
2.004
1.401
2.032
1.576
2.003
1.564
1.201
1.401
1.409
1.712
2.073
2.109
2.028
2.046
1.082
1.417
1.895
1.215
0.255
0.789
0.552
1.391
0.828
0.967
1.237
1.692
2.44
1.806
1.479
1.908
0.645
0.524
2.188
2.41
2.319
1.298
1.774
2.174
2.444
1.43
2.008
1.71
0.629
1.465
2.531
2.457
2.243
2.378
2.438
2.898
2.477
2.431
1.828
2.459
2.003
1000.0
1.992
1.628
1.828
1.837
2.139
2.5
2.537
2.456
2.473
1.509
1.844
2.322
2.244
2.469
2.529
1.605
2.586
2.784
1.691
2.324
2.633
1.806
2.16
2.111
1.97
2.211
2.301
2.453
2.319
1.575
1.785
2.33
2.473
2.256
2.211
2.311
2.363
1.465
2.531
2.457
2.243
2.378
2.438
2.898
2.477
2.431
1.828
2.459
2.003
2.431
1.992
1.628
1.828
1.837
2.139
2.5
2.537
2.456
2.473
1.509
1.844
2.322
0.776
1.392
1.839
1.227
1.151
1.946
1.264
0.318
0.334
2.03
0.992
0.187
0.552
1.314
0.983
1.659
1.183
1.341
1.134
0.839
1.727
1.656
0.331
0.63
1.869
1.69
1.026
2.092
2.018
1.804
1.939
1.999
2.459
2.038
1.992
1.389
2.02
1.564
1.992
1000.0
1.189
1.389
1.398
1.7
2.061
2.098
2.017
2.034
1.07
1.405
1.883
1.805
2.03
2.09
1.166
2.148
2.345
1.252
1.885
2.194
1.368
1.721
1.672
1.531
1.772
1.862
2.014
1.88
1.136
1.346
1.891
2.034
1.817
1.772
1.872
1.924
1.026
2.092
2.018
1.804
1.939
1.999
2.459
2.038
1.992
1.389
2.02
1.564
1.992
1.553
1.189
1.389
1.398
1.7
2.061
2.098
2.017
2.034
1.07
1.405
1.883
0.413
0.733
1.134
0.901
0.743
1.242
1.167
0.413
1.019
1.815
0.983
0.812
1.062
0.61
0.583
1.495
1.545
1.485
0.675
0.924
1.516
1.667
0.848
1.165
1.36
0.988
0.663
1.728
1.654
1.441
1.575
1.636
2.096
1.675
1.629
1.026
1.657
1.201
1.628
1.189
1000.0
1.026
1.034
1.336
1.698
1.734
1.653
1.671
0.706
1.042
1.52
1.442
1.667
1.727
0.803
1.784
1.982
0.888
1.521
1.83
1.004
1.357
1.308
1.167
1.408
1.499
1.651
1.516
0.772
0.983
1.527
1.671
1.453
1.408
1.508
1.561
0.663
1.728
1.654
1.441
1.575
1.636
2.096
1.675
1.629
1.026
1.657
1.201
1.628
1.189
0.826
1.026
1.034
1.336
1.698
1.734
1.653
1.671
0.706
1.042
1.52
0.613
1.059
1.522
0.95
1.002
1.626
1.072
0.195
0.625
1.997
1.023
0.414
0.814
1.004
0.675
1.644
1.399
1.461
0.961
0.904
1.691
1.722
0.457
0.908
1.689
1.369
0.862
1.928
1.854
1.641
1.775
1.836
2.296
1.875
1.829
1.225
1.857
1.401
1.828
1.389
1.026
1000.0
1.234
1.536
1.897
1.934
1.853
1.871
0.906
1.241
1.72
1.641
1.867
1.927
1.003
1.984
2.181
1.088
1.721
2.03
1.204
1.557
1.508
1.367
1.608
1.699
1.85
1.716
0.972
1.183
1.727
1.87
1.653
1.608
1.708
1.76
0.862
1.928
1.854
1.641
1.775
1.836
2.296
1.875
1.829
1.225
1.857
1.401
1.828
1.389
1.026
1.225
1.234
1.536
1.897
1.934
1.853
1.871
0.906
1.241
1.72
0.621
0.687
0.66
1.292
0.54
0.777
1.661
0.999
1.647
1.51
1.088
1.451
1.516
0.295
1.022
1.292
1.81
1.578
0.452
1.133
1.261
1.605
1.503
1.617
0.799
0.594
0.871
1.936
1.862
1.649
1.784
1.844
2.304
1.883
1.837
1.234
1.865
1.409
1.837
1.398
1.034
1.234
1000.0
1.545
1.906
1.943
1.862
1.879
0.915
1.25
1.728
1.65
1.875
1.935
1.011
1.992
2.19
1.096
1.73
2.039
1.212
1.565
1.517
1.376
1.616
1.707
1.859
1.725
0.98
1.191
1.736
1.879
1.662
1.617
1.717
1.769
0.871
1.936
1.862
1.649
1.784
1.844
2.304
1.883
1.837
1.234
1.865
1.409
1.837
1.398
1.034
1.234
1.242
1.545
1.906
1.943
1.862
1.879
0.915
1.25
1.728
0.924
1.786
2.147
1.714
1.203
2.261
1.753
0.652
0.554
1.833
0.807
0.606
0.091
1.623
1.452
1.461
0.719
0.979
1.225
0.64
1.553
1.344
0.76
0.137
1.906
2.019
1.173
2.239
2.165
1.951
2.086
2.147
2.606
2.185
2.139
1.536
2.168
1.712
2.139
1.7
1.336
1.536
1.545
1000.0
2.208
2.245
2.164
2.181
1.217
1.552
2.03
1.952
2.178
2.237
1.313
2.295
2.492
1.399
2.032
2.341
1.515
1.868
1.819
1.678
1.919
2.009
2.161
2.027
1.283
1.493
2.038
2.181
1.964
1.919
2.019
2.071
1.173
2.239
2.165
1.951
2.086
2.147
2.606
2.185
2.139
1.536
2.168
1.712
2.139
1.7
1.336
1.536
1.545
1.847
2.208
2.245
2.164
2.181
1.217
1.552
2.03
1.285
1.186
0.705
1.905
1.014
0.753
2.307
1.716
2.366
1.481
1.568
2.177
2.154
0.886
1.685
1.441
2.304
1.963
0.974
1.672
1.356
1.843
2.234
2.247
0.564
0.817
1.534
2.6
2.526
2.313
2.447
2.508
2.968
2.547
2.501
1.897
2.529
2.073
2.5
2.061
1.698
1.897
1.906
2.208
1000.0
2.606
2.525
2.543
1.578
1.913
2.392
2.313
2.539
2.598
1.675
2.656
2.853
1.76
2.393
2.702
1.876
2.229
2.18
2.039
2.28
2.371
2.522
2.388
1.644
1.854
2.399
2.542
2.325
2.28
2.38
2.432
1.534
2.6
2.526
2.313
2.447
2.508
2.968
2.547
2.501
1.897
2.529
2.073
2.5
2.061
1.698
1.897
1.906
2.208
2.569
2.606
2.525
2.543
1.578
1.913
2.392
1.321
2.261
2.229
2.635
1.101
2.337
2.865
1.621
1.988
0.517
0.792
1.946
1.379
1.896
2.316
0.364
0.968
0.521
1.195
0.927
0.456
0.134
2.095
1.396
1.256
2.205
1.571
2.637
2.563
2.349
2.484
2.544
3.004
2.583
2.537
1.934
2.565
2.109
2.537
2.098
1.734
1.934
1.943
2.245
2.606
1000.0
2.562
2.579
1.615
1.95
2.428
2.35
2.575
2.635
1.711
2.693
2.89
1.797
2.43
2.739
1.913
2.266
2.217
2.076
2.317
2.407
2.559
2.425
1.681
1.891
2.436
2.579
2.362
2.317
2.417
2.469
1.571
2.637
2.563
2.349
2.484
2.544
3.004
2.583
2.537
1.934
2.565
2.109
2.537
2.098
1.734
1.934
1.943
2.245
2.606
2.643
2.562
2.579
1.615
1.95
2.428
1.24
1.774
1.504
2.37
0.851
1.588
2.711
1.707
2.294
0.586
1.133
2.161
1.856
1.385
2.078
0.666
1.753
1.322
0.901
1.293
0.552
1.076
2.273
1.924
0.356
1.547
1.49
2.556
2.482
2.268
2.403
2.463
2.923
2.502
2.456
1.853
2.484
2.028
2.456
2.017
1.653
1.853
1.862
2.164
2.525
2.562
1000.0
2.498
1.534
1.869
2.347
2.269
2.494
2.554
1.63
2.612
2.809
1.716
2.349
2.658
1.832
2.185
2.136
1.995
2.236
2.326
2.478
2.344
1.6
1.81
2.355
2.498
2.281
2.236
2.336
2.388
1.49
2.556
2.482
2.268
2.403
2.463
2.923
2.502
2.456
1.853
2.484
2.028
2.456
2.017
1.653
1.853
1.862
2.164
2.525
2.562
2.481
2.498
1.534
1.869
2.347
1.258
2.124
2.032
2.562
0.972
2.135
2.825
1.621
2.065
0.273
0.817
1.995
1.492
1.745
2.245
0.175
1.176
0.716
1.063
0.977
0.21
0.375
2.136
1.526
1.004
2.025
1.508
2.573
2.499
2.286
2.42
2.481
2.941
2.52
2.474
1.871
2.502
2.046
2.473
2.034
1.671
1.871
1.879
2.181
2.543
2.579
2.498
1000.0
1.551
1.887
2.365
2.287
2.512
2.572
1.648
2.629
2.827
1.733
2.366
2.675
1.849
2.202
2.153
2.012
2.253
2.344
2.496
2.361
1.617
1.828
2.372
2.516
2.298
2.253
2.353
2.406
1.508
2.573
2.499
2.286
2.42
2.481
2.941
2.52
2.474
1.871
2.502
2.046
2.473
2.034
1.671
1.871
1.879
2.181
2.543
2.579
2.498
2.516
1.551
1.887
2.365
0.294
1.208
1.515
1.334
0.641
1.63
1.516
0.27
0.836
1.551
0.566
0.695
0.619
0.996
1.025
1.191
1.056
1.029
0.634
0.463
1.245
1.267
0.814
0.722
1.362
1.394
0.543
1.609
1.535
1.321
1.456
1.517
1.976
1.555
1.509
0.906
1.538
1.082
1.509
1.07
0.706
0.906
0.915
1.217
1.578
1.615
1.534
1.551
1000.0
0.922
1.4
1.322
1.548
1.607
0.683
1.665
1.862
0.769
1.402
1.711
0.885
1.238
1.189
1.048
1.289
1.379
1.531
1.397
0.653
0.863
1.408
1.551
1.334
1.289
1.389
1.441
0.543
1.609
1.535
1.321
1.456
1.517
1.976
1.555
1.509
0.906
1.538
1.082
1.509
1.07
0.706
0.906
0.915
1.217
1.578
1.615
1.534
1.551
0.587
0.922
1.4
0.629
1.201
1.1
1.74
0.255
1.208
2.071
1.104
1.729
0.993
0.773
1.572
1.401
0.812
1.441
0.784
1.509
1.184
0.271
0.885
0.744
1.132
1.668
1.487
0.469
1.08
0.878
1.944
1.87
1.657
1.791
1.852
2.312
1.891
1.845
1.241
1.873
1.417
1.844
1.405
1.042
1.241
1.25
1.552
1.913
1.95
1.869
1.887
0.922
1000.0
1.736
1.657
1.883
1.943
1.019
2.0
2.197
1.104
1.737
2.046
1.22
1.573
1.524
1.383
1.624
1.715
1.866
1.732
0.988
1.199
1.743
1.886
1.669
1.624
1.724
1.776
0.878
1.944
1.87
1.657
1.791
1.852
2.312
1.891
1.845
1.241
1.873
1.417
1.844
1.405
1.042
1.241
1.25
1.552
1.913
1.95
1.869
1.887
0.922
1.258
1.736
1.107
0.273
0.326
1.0
1.146
0.395
1.416
1.309
1.883
2.108
1.659
1.667
1.943
0.359
0.861
1.906
2.344
2.165
1.054
1.672
1.871
2.218
1.661
2.046
1.299
0.156
1.357
2.422
2.348
2.135
2.269
2.33
2.79
2.369
2.323
1.72
2.351
1.895
2.322
1.883
1.52
1.72
1.728
2.03
2.392
2.428
2.347
2.365
1.4
1.736
1000.0
2.136
2.361
2.421
1.497
2.478
2.676
1.582
2.215
2.524
1.698
2.051
2.002
1.861
2.102
2.193
2.345
2.21
1.466
1.677
2.221
2.365
2.147
2.102
2.202
2.255
1.357
2.422
2.348
2.135
2.269
2.33
2.79
2.369
2.323
1.72
2.351
1.895
2.322
1.883
1.52
1.72
1.728
2.03
2.392
2.428
2.347
2.365
1.4
1.736
2.214
ENDDATA
