# of pickup customers
30
# of delivery customers
20
# of customers
50
# of tasks
100
# of given tractors
1
c1
10.0
c2
1.0
c3
0.0
timeperiod
16.0
package time
3.224
3.553
3.772
3.175
3.925
4.014
3.405
3.14
3.13
4.732
3.058
3.834
3.65
4.025
3.124
3.05
4.286
4.073
3.78
3.472
4.143
4.517
4.114
4.656
4.836
4.923
3.593
4.158
4.586
3.753
4.242
3.525
3.418
4.639
4.214
4.32
4.441
3.015
3.206
4.858
4.561
3.419
3.578
3.907
4.856
4.206
3.949
3.279
4.35
3.756
terminal coordinates
100.0
100.0
customer coordinate
46.5
99.88
130.72
7.59
15.65
91.13
41.48
84.85
116.68
149.18
65.94
190.85
140.09
165.57
116.31
154.73
132.73
126.67
173.66
168.53
149.76
5.62
2.39
13.53
1.94
71.68
7.12
107.48
105.36
36.56
164.39
17.34
190.43
107.09
10.87
131.86
77.4
63.99
120.31
38.83
175.26
136.08
151.21
1.26
11.16
89.62
197.24
177.11
147.31
2.16
125.5
59.35
0.94
44.22
157.54
7.35
50.37
142.59
102.51
150.18
15.01
84.88
54.85
53.32
80.75
124.9
127.53
10.11
137.61
55.76
101.2
107.88
47.37
1.71
13.61
51.85
114.41
136.71
127.72
197.52
23.12
5.86
166.7
92.36
155.04
175.06
154.1
77.56
49.14
185.03
47.47
150.64
18.44
35.19
3.81
139.68
186.23
73.47
164.97
90.01
distance matrix
0.0
0.741
0.508
1.296
1.349
1.276
1.163
0.959
0.565
0.211
0.878
1.145
1.151
0.755
1.006
0.315
0.752
0.535
1.172
1.034
1.02
0.622
1.184
1.386
1.636
1.634
0.698
1.175
0.468
0.353
1.454
1.254
1.566
1.405
0.13
1.309
1.019
0.733
0.53
0.685
1.309
1.147
0.777
1.204
1.476
1.637
0.513
1.625
1.019
1.005
1.229
0.741
0.508
1.296
1.349
1.276
1.163
0.959
0.565
0.211
0.878
1.145
1.151
0.755
1.006
0.315
0.752
0.535
1.172
1.034
1.02
0.622
1.184
1.386
1.636
1.634
0.698
1.175
0.468
0.353
1.454
1.254
1.566
1.405
0.13
1.309
1.019
0.733
0.53
0.685
1.309
1.147
0.777
1.204
1.476
1.637
0.513
1.625
1.019
1.005
1.229
0.741
1.482
1.249
2.037
2.09
2.017
1.904
1.7
1.306
0.952
1.619
1.885
1.892
1.496
1.747
1.056
1.492
1.275
1.913
1.775
1.76
1.363
1.925
2.127
2.377
2.374
1.439
1.916
1.209
1.094
2.195
1.994
2.307
2.145
0.871
2.05
1.76
1.474
1.271
1.425
2.05
1.888
1.518
1.945
2.217
2.378
1.254
2.365
1.76
1.745
1.97
0.0
1.063
1.88
1.126
0.556
1.579
0.941
0.525
0.923
1.32
1.402
1.874
1.466
1.74
1.037
1.353
1.078
1.756
1.597
1.757
1.326
0.556
1.122
1.601
1.505
0.973
0.511
0.775
0.736
0.909
1.952
1.539
1.871
0.863
0.579
1.234
0.526
0.638
1.328
0.75
1.882
1.163
1.872
1.263
1.584
0.567
2.031
1.757
1.353
0.71
0.508
1.249
1.016
1.805
1.857
1.784
1.672
1.467
1.073
0.719
1.386
1.653
1.659
1.263
1.514
0.824
1.26
1.043
1.68
1.542
1.528
1.13
1.692
1.894
2.145
2.142
1.206
1.683
0.976
0.861
1.962
1.762
2.074
1.913
0.638
1.818
1.527
1.241
1.038
1.193
1.817
1.655
1.285
1.712
1.984
2.145
1.021
2.133
1.527
1.513
1.737
1.063
0.0
0.826
1.169
1.617
0.659
0.739
1.057
0.579
1.292
0.698
1.181
0.506
0.825
0.337
1.068
0.946
0.701
1.344
0.859
0.814
1.325
1.228
1.298
1.351
0.365
1.348
0.972
0.857
1.9
0.925
1.229
1.755
0.422
1.634
1.501
1.217
0.503
0.285
1.747
0.954
1.228
0.82
1.269
1.308
1.012
1.999
0.981
1.447
1.28
1.296
2.037
1.805
2.593
2.646
2.573
2.46
2.256
1.861
1.507
2.175
2.441
2.448
2.051
2.303
1.612
2.048
1.831
2.468
2.33
2.316
1.919
2.48
2.683
2.933
2.93
1.995
2.471
1.765
1.649
2.751
2.55
2.862
2.701
1.427
2.606
2.316
2.029
1.827
1.981
2.606
2.444
2.074
2.5
2.773
2.933
1.809
2.921
2.316
2.301
2.526
1.88
0.826
0.0
1.631
2.429
0.501
1.275
1.861
1.282
1.88
0.829
1.291
0.684
0.786
1.014
1.578
1.583
0.125
1.791
0.832
1.276
2.057
1.706
1.465
1.618
0.974
2.097
1.722
1.616
2.725
0.504
1.419
2.202
1.18
2.44
2.177
2.027
1.27
0.616
2.572
0.805
1.872
0.337
1.674
1.495
1.809
2.461
1.076
2.061
1.955
1.349
2.09
1.857
2.646
2.698
2.626
2.513
2.308
1.914
1.56
2.228
2.494
2.5
2.104
2.355
1.665
2.101
1.884
2.521
2.383
2.369
1.971
2.533
2.735
2.986
2.983
2.048
2.524
1.818
1.702
2.803
2.603
2.915
2.754
1.48
2.659
2.369
2.082
1.88
2.034
2.659
2.496
2.126
2.553
2.826
2.986
1.862
2.974
2.369
2.354
2.579
1.126
1.169
1.631
0.0
1.42
1.141
0.431
1.564
1.546
2.211
0.816
2.346
1.662
1.978
1.434
2.098
1.879
1.548
2.382
2.017
1.915
0.796
0.076
0.537
0.389
0.807
0.877
1.702
1.607
1.95
1.978
0.495
2.751
1.382
1.386
2.256
1.627
0.819
1.41
1.803
2.096
2.085
1.824
0.138
0.507
1.573
2.962
2.15
2.308
0.576
1.276
2.017
1.784
2.573
2.626
2.553
2.44
2.235
1.841
1.487
2.155
2.421
2.428
2.031
2.282
1.592
2.028
1.811
2.448
2.31
2.296
1.899
2.46
2.663
2.913
2.91
1.975
2.451
1.745
1.629
2.731
2.53
2.842
2.681
1.407
2.586
2.296
2.009
1.807
1.961
2.586
2.424
2.054
2.48
2.753
2.913
1.789
2.901
2.296
2.281
2.506
0.556
1.617
2.429
1.42
0.0
2.101
1.378
0.885
1.438
1.672
1.889
2.371
2.017
2.282
1.583
1.786
1.511
2.307
1.991
2.296
1.818
0.633
1.387
1.948
1.807
1.495
0.55
1.177
1.182
0.564
2.506
1.896
2.188
1.404
0.067
1.469
0.773
1.168
1.883
0.449
2.424
1.508
2.428
1.54
1.922
0.951
2.298
2.275
1.648
0.861
1.163
1.904
1.672
2.46
2.513
2.44
2.327
2.123
1.728
1.374
2.042
2.308
2.315
1.918
2.17
1.479
1.915
1.698
2.335
2.197
2.183
1.786
2.347
2.55
2.8
2.797
1.862
2.338
1.632
1.516
2.618
2.417
2.729
2.568
1.294
2.473
2.183
1.896
1.694
1.848
2.473
2.311
1.941
2.367
2.64
2.8
1.676
2.788
2.183
2.168
2.393
1.579
0.659
0.501
1.141
2.101
0.0
0.821
1.692
1.232
1.927
0.329
1.579
0.853
1.094
0.97
1.671
1.59
0.446
1.928
1.141
1.383
1.65
1.217
0.973
1.118
0.607
1.701
1.63
1.515
2.473
0.937
0.923
2.347
1.081
2.101
2.157
1.842
0.941
0.637
2.315
1.165
1.877
0.764
1.176
1.001
1.654
2.6
1.356
2.092
1.518
0.959
1.7
1.467
2.256
2.308
2.235
2.123
1.918
1.524
1.17
1.837
2.104
2.11
1.714
1.965
1.275
1.711
1.494
2.131
1.993
1.979
1.581
2.143
2.345
2.596
2.593
1.657
2.134
1.427
1.312
2.413
2.213
2.525
2.364
1.089
2.269
1.978
1.692
1.49
1.644
2.268
2.106
1.736
2.163
2.436
2.596
1.472
2.584
1.978
1.964
2.189
0.941
0.739
1.275
0.431
1.378
0.821
0.0
1.274
1.144
1.835
0.537
1.916
1.234
1.552
1.01
1.695
1.494
1.178
1.98
1.59
1.495
0.847
0.49
0.701
0.675
0.378
0.908
1.358
1.254
1.84
1.574
0.633
2.362
0.974
1.363
1.925
1.372
0.441
0.985
1.684
1.673
1.723
1.429
0.537
0.695
1.268
2.584
1.72
1.95
0.698
0.565
1.306
1.073
1.861
1.914
1.841
1.728
1.524
1.13
0.776
1.443
1.71
1.716
1.32
1.571
0.88
1.317
1.1
1.737
1.599
1.585
1.187
1.749
1.951
2.201
2.199
1.263
1.74
1.033
0.918
2.019
1.819
2.131
1.97
0.695
1.874
1.584
1.298
1.095
1.25
1.874
1.712
1.342
1.769
2.041
2.202
1.078
2.19
1.584
1.57
1.794
0.525
1.057
1.861
1.564
0.885
1.692
1.274
0.0
0.64
0.81
1.612
1.509
1.296
1.504
0.867
0.901
0.627
1.737
1.112
1.507
0.962
1.081
1.575
1.974
1.917
1.146
1.034
0.292
0.317
0.914
1.794
1.906
1.354
0.687
0.938
0.714
0.171
0.854
1.249
0.783
1.64
0.648
1.76
1.701
1.964
0.07
1.507
1.441
0.829
1.225
0.211
0.952
0.719
1.507
1.56
1.487
1.374
1.17
0.776
0.422
1.089
1.355
1.362
0.966
1.217
0.526
0.962
0.745
1.383
1.245
1.23
0.833
1.395
1.597
1.847
1.844
0.909
1.386
0.679
0.564
1.665
1.464
1.777
1.615
0.341
1.52
1.23
0.944
0.741
0.895
1.52
1.358
0.988
1.415
1.687
1.848
0.724
1.835
1.23
1.215
1.44
0.923
0.579
1.282
1.546
1.438
1.232
1.144
0.64
0.0
0.721
1.264
0.953
0.664
0.867
0.272
0.552
0.372
1.162
0.837
0.873
0.414
1.39
1.586
1.803
1.814
0.847
1.378
0.443
0.345
1.554
1.158
1.732
1.222
0.175
1.477
0.927
0.811
0.729
0.669
1.418
1.005
0.649
1.136
1.67
1.806
0.575
1.452
0.838
0.87
1.44
0.878
1.619
1.386
2.175
2.228
2.155
2.042
1.837
1.443
1.089
1.757
2.023
2.03
1.633
1.884
1.194
1.63
1.413
2.05
1.912
1.898
1.5
2.062
2.264
2.515
2.512
1.577
2.053
1.347
1.231
2.333
2.132
2.444
2.283
1.009
2.188
1.898
1.611
1.409
1.563
2.188
2.026
1.656
2.082
2.355
2.515
1.391
2.503
1.898
1.883
2.108
1.32
1.292
1.88
2.211
1.672
1.927
1.835
0.81
0.721
0.0
1.984
0.968
1.197
1.228
0.96
0.324
0.35
1.773
0.344
1.205
0.612
1.871
2.24
2.514
2.51
1.565
1.831
0.548
0.616
1.527
1.6
2.443
0.555
0.894
1.73
0.379
0.899
1.399
1.314
1.447
1.325
0.164
1.647
2.342
2.515
0.756
0.751
1.02
0.186
1.986
1.145
1.885
1.653
2.441
2.494
2.421
2.308
2.104
1.71
1.355
2.023
2.289
2.296
1.899
2.151
1.46
1.896
1.679
2.317
2.178
2.164
1.767
2.328
2.531
2.781
2.778
1.843
2.319
1.613
1.497
2.599
2.398
2.711
2.549
1.275
2.454
2.164
1.877
1.675
1.829
2.454
2.292
1.922
2.348
2.621
2.781
1.657
2.769
2.164
2.149
2.374
1.402
0.698
0.829
0.816
1.889
0.329
0.537
1.612
1.264
1.984
0.0
1.789
1.052
1.334
1.035
1.766
1.636
0.762
2.04
1.38
1.503
1.384
0.891
0.676
0.8
0.466
1.444
1.607
1.493
2.311
1.235
0.618
2.453
1.095
1.881
2.164
1.745
0.782
0.802
2.152
1.425
1.909
1.067
0.847
0.699
1.586
2.697
1.57
2.133
1.231
1.151
1.892
1.659
2.448
2.5
2.428
2.315
2.11
1.716
1.362
2.03
2.296
2.302
1.906
2.157
1.467
1.903
1.686
2.323
2.185
2.171
1.773
2.335
2.537
2.788
2.785
1.85
2.326
1.62
1.504
2.605
2.405
2.717
2.556
1.282
2.461
2.171
1.884
1.682
1.836
2.461
2.298
1.928
2.355
2.628
2.788
1.664
2.776
2.171
2.156
2.381
1.874
1.181
1.291
2.346
2.371
1.579
1.916
1.509
0.953
0.968
1.789
0.0
0.737
0.505
0.933
0.674
0.901
1.232
0.693
0.459
0.553
2.333
2.402
2.448
2.524
1.546
2.326
1.227
1.195
2.388
0.84
2.383
1.023
1.051
2.415
1.347
1.661
1.588
0.988
2.276
0.507
1.07
0.967
2.45
2.464
1.439
1.269
0.223
1.139
2.359
0.755
1.496
1.263
2.051
2.104
2.031
1.918
1.714
1.32
0.966
1.633
1.899
1.906
1.509
1.761
1.07
1.506
1.289
1.927
1.789
1.774
1.377
1.939
2.141
2.391
2.388
1.453
1.93
1.223
1.108
2.209
2.008
2.321
2.159
0.885
2.064
1.774
1.488
1.285
1.439
2.064
1.902
1.532
1.959
2.231
2.391
1.267
2.379
1.774
1.759
1.984
1.466
0.506
0.684
1.662
2.017
0.853
1.234
1.296
0.664
1.197
1.052
0.737
0.0
0.319
0.44
0.895
0.913
0.584
1.116
0.356
0.592
1.807
1.724
1.716
1.802
0.856
1.821
1.101
1.009
2.203
0.5
1.652
1.533
0.624
2.044
1.506
1.467
0.993
0.257
2.062
0.449
1.198
0.476
1.753
1.733
1.234
1.791
0.518
1.379
1.779
1.006
1.747
1.514
2.303
2.355
2.282
2.17
1.965
1.571
1.217
1.884
2.151
2.157
1.761
2.012
1.321
1.758
1.541
2.178
2.04
2.026
1.628
2.19
2.392
2.643
2.64
1.704
2.181
1.474
1.359
2.46
2.26
2.572
2.411
1.136
2.316
2.025
1.739
1.536
1.691
2.315
2.153
1.783
2.21
2.482
2.643
1.519
2.631
2.025
2.011
2.235
1.74
0.825
0.786
1.978
2.282
1.094
1.552
1.504
0.867
1.228
1.334
0.505
0.319
0.0
0.705
0.905
1.014
0.727
1.058
0.048
0.63
2.112
2.041
2.007
2.105
1.174
2.123
1.27
1.196
2.419
0.378
1.946
1.451
0.879
2.314
1.579
1.674
1.305
0.568
2.285
0.141
1.271
0.472
2.066
2.027
1.438
1.708
0.29
1.414
2.093
0.315
1.056
0.824
1.612
1.665
1.592
1.479
1.275
0.88
0.526
1.194
1.46
1.467
1.07
1.321
0.631
1.067
0.85
1.487
1.349
1.335
0.938
1.499
1.702
1.952
1.949
1.014
1.49
0.784
0.668
1.77
1.569
1.881
1.72
0.446
1.625
1.335
1.048
0.846
1.0
1.625
1.463
1.093
1.519
1.792
1.952
0.828
1.94
1.335
1.32
1.545
1.037
0.337
1.014
1.434
1.583
0.97
1.01
0.867
0.272
0.96
1.035
0.933
0.44
0.705
0.0
0.732
0.62
0.892
1.009
0.724
0.49
1.425
1.484
1.621
1.658
0.665
1.428
0.708
0.603
1.768
0.938
1.551
1.419
0.185
1.612
1.195
1.038
0.655
0.398
1.624
0.846
0.908
0.893
1.547
1.629
0.809
1.662
0.765
1.122
1.432
0.752
1.492
1.26
2.048
2.101
2.028
1.915
1.711
1.317
0.962
1.63
1.896
1.903
1.506
1.758
1.067
1.503
1.286
1.924
1.785
1.771
1.374
1.935
2.138
2.388
2.385
1.45
1.926
1.22
1.105
2.206
2.005
2.318
2.156
0.882
2.061
1.771
1.484
1.282
1.436
2.061
1.899
1.529
1.955
2.228
2.388
1.264
2.376
1.771
1.756
1.981
1.353
1.068
1.578
2.098
1.786
1.671
1.695
0.901
0.552
0.324
1.766
0.674
0.895
0.905
0.732
0.0
0.277
1.477
0.285
0.881
0.303
1.876
2.137
2.342
2.363
1.383
1.85
0.609
0.618
1.734
1.278
2.272
0.687
0.721
1.837
0.689
1.033
1.279
1.04
1.632
1.001
0.397
1.331
2.222
2.348
0.835
0.933
0.701
0.509
1.956
0.535
1.275
1.043
1.831
1.884
1.811
1.698
1.494
1.1
0.745
1.413
1.679
1.686
1.289
1.541
0.85
1.286
1.069
1.707
1.568
1.554
1.157
1.718
1.921
2.171
2.168
1.233
1.709
1.003
0.888
1.989
1.788
2.101
1.939
0.665
1.844
1.554
1.267
1.065
1.219
1.844
1.682
1.312
1.738
2.011
2.171
1.047
2.159
1.554
1.539
1.764
1.078
0.946
1.583
1.879
1.511
1.59
1.494
0.627
0.372
0.35
1.636
0.901
0.913
1.014
0.62
0.277
0.0
1.47
0.527
1.003
0.392
1.608
1.913
2.166
2.168
1.215
1.579
0.336
0.342
1.487
1.364
2.096
0.872
0.544
1.562
0.594
0.767
1.062
0.992
1.376
1.133
0.292
1.383
2.008
2.168
0.56
1.09
0.874
0.502
1.698
1.172
1.913
1.68
2.468
2.521
2.448
2.335
2.131
1.737
1.383
2.05
2.317
2.323
1.927
2.178
1.487
1.924
1.707
2.344
2.206
2.192
1.794
2.356
2.558
2.808
2.806
1.87
2.347
1.64
1.525
2.626
2.426
2.738
2.577
1.302
2.481
2.191
1.905
1.702
1.857
2.481
2.319
1.949
2.376
2.648
2.809
1.685
2.797
2.191
2.177
2.401
1.756
0.701
0.125
1.548
2.307
0.446
1.178
1.737
1.162
1.773
0.762
1.232
0.584
0.727
0.892
1.477
1.47
0.0
1.699
0.774
1.175
1.945
1.622
1.418
1.56
0.863
1.983
1.601
1.494
2.599
0.499
1.368
2.113
1.057
2.319
2.063
1.902
1.151
0.494
2.447
0.766
1.761
0.324
1.599
1.446
1.685
2.372
1.012
1.953
1.849
1.034
1.775
1.542
2.33
2.383
2.31
2.197
1.993
1.599
1.245
1.912
2.178
2.185
1.789
2.04
1.349
1.785
1.568
2.206
2.068
2.053
1.656
2.218
2.42
2.67
2.667
1.732
2.209
1.502
1.387
2.488
2.287
2.6
2.438
1.164
2.343
2.053
1.767
1.564
1.718
2.343
2.181
1.811
2.238
2.51
2.671
1.547
2.658
2.053
2.038
2.263
1.597
1.344
1.791
2.382
1.991
1.928
1.98
1.112
0.837
0.344
2.04
0.693
1.116
1.058
1.009
0.285
0.527
1.699
0.0
1.025
0.544
2.133
2.42
2.625
2.648
1.666
2.102
0.827
0.863
1.87
1.436
2.555
0.42
1.006
2.047
0.702
1.221
1.563
1.291
1.787
1.127
0.497
1.516
2.507
2.631
1.051
0.675
0.803
0.475
2.225
1.02
1.76
1.528
2.316
2.369
2.296
2.183
1.979
1.585
1.23
1.898
2.164
2.171
1.774
2.026
1.335
1.771
1.554
2.192
2.053
2.039
1.642
2.203
2.406
2.656
2.653
1.718
2.195
1.488
1.373
2.474
2.273
2.586
2.424
1.15
2.329
2.039
1.753
1.55
1.704
2.329
2.167
1.797
2.223
2.496
2.656
1.532
2.644
2.039
2.024
2.249
1.757
0.859
0.832
2.017
2.296
1.141
1.59
1.507
0.873
1.205
1.38
0.459
0.356
0.048
0.724
0.881
1.003
0.774
1.025
0.0
0.615
2.138
2.079
2.052
2.148
1.212
2.147
1.267
1.197
2.421
0.411
1.99
1.414
0.894
2.329
1.56
1.676
1.335
0.608
2.289
0.133
1.253
0.514
2.107
2.072
1.44
1.67
0.246
1.391
2.123
0.622
1.363
1.13
1.919
1.971
1.899
1.786
1.581
1.187
0.833
1.5
1.767
1.773
1.377
1.628
0.938
1.374
1.157
1.794
1.656
1.642
1.244
1.806
2.008
2.259
2.256
1.32
1.797
1.09
0.975
2.076
1.876
2.188
2.027
0.752
1.932
1.641
1.355
1.153
1.307
1.932
1.769
1.399
1.826
2.099
2.259
1.135
2.247
1.642
1.627
1.852
1.326
0.814
1.276
1.915
1.818
1.383
1.495
0.962
0.414
0.612
1.503
0.553
0.592
0.63
0.49
0.303
0.392
1.175
0.544
0.615
0.0
1.804
1.961
2.109
2.148
1.155
1.791
0.69
0.646
1.858
0.993
2.04
0.964
0.545
1.862
0.95
1.12
1.112
0.748
1.738
0.743
0.641
1.035
2.031
2.117
0.892
1.217
0.487
0.798
1.85
1.184
1.925
1.692
2.48
2.533
2.46
2.347
2.143
1.749
1.395
2.062
2.328
2.335
1.939
2.19
1.499
1.935
1.718
2.356
2.218
2.203
1.806
2.368
2.57
2.82
2.817
1.882
2.359
1.652
1.537
2.638
2.437
2.75
2.588
1.314
2.493
2.203
1.917
1.714
1.868
2.493
2.331
1.961
2.388
2.66
2.821
1.697
2.808
2.203
2.188
2.413
0.556
1.325
2.057
0.796
0.633
1.65
0.847
1.081
1.39
1.871
1.384
2.333
1.807
2.112
1.425
1.876
1.608
1.945
2.133
2.138
1.804
0.0
0.757
1.331
1.179
1.083
0.084
1.323
1.271
1.185
2.25
1.284
2.424
1.283
0.593
1.788
1.067
0.822
1.611
1.05
2.251
1.716
2.136
0.91
1.303
1.123
2.588
2.186
1.909
0.228
1.386
2.127
1.894
2.683
2.735
2.663
2.55
2.345
1.951
1.597
2.264
2.531
2.537
2.141
2.392
1.702
2.138
1.921
2.558
2.42
2.406
2.008
2.57
2.772
3.023
3.02
2.084
2.561
1.854
1.739
2.84
2.64
2.952
2.791
1.516
2.696
2.405
2.119
1.917
2.071
2.696
2.533
2.163
2.59
2.863
3.023
1.899
3.011
2.406
2.391
2.616
1.122
1.228
1.706
0.076
1.387
1.217
0.49
1.575
1.586
2.24
0.891
2.402
1.724
2.041
1.484
2.137
1.913
1.622
2.42
2.079
1.961
0.757
0.0
0.587
0.422
0.868
0.84
1.724
1.633
1.925
2.048
0.552
2.784
1.424
1.35
2.273
1.631
0.858
1.474
1.78
2.161
2.112
1.895
0.153
0.555
1.588
2.991
2.208
2.333
0.533
1.636
2.377
2.145
2.933
2.986
2.913
2.8
2.596
2.201
1.847
2.515
2.781
2.788
2.391
2.643
1.952
2.388
2.171
2.808
2.67
2.656
2.259
2.82
3.023
3.273
3.27
2.335
2.811
2.105
1.989
3.091
2.89
3.202
3.041
1.767
2.946
2.656
2.369
2.167
2.321
2.946
2.784
2.414
2.84
3.113
3.273
2.149
3.261
2.656
2.641
2.866
1.601
1.298
1.465
0.537
1.948
0.973
0.701
1.974
1.803
2.514
0.676
2.448
1.716
2.007
1.621
2.342
2.166
1.418
2.625
2.052
2.109
1.331
0.587
0.0
0.208
0.96
1.411
2.056
1.949
2.464
1.905
0.07
3.024
1.628
1.917
2.624
2.065
1.139
1.46
2.313
2.101
2.411
1.734
0.446
0.04
1.97
3.255
2.233
2.638
1.113
1.634
2.374
2.142
2.93
2.983
2.91
2.797
2.593
2.199
1.844
2.512
2.778
2.785
2.388
2.64
1.949
2.385
2.168
2.806
2.667
2.653
2.256
2.817
3.02
3.27
3.267
2.332
2.808
2.102
1.987
3.088
2.887
3.2
3.038
1.764
2.943
2.653
2.366
2.164
2.318
2.943
2.781
2.411
2.837
3.11
3.27
2.146
3.258
2.653
2.638
2.863
1.505
1.351
1.618
0.389
1.807
1.118
0.675
1.917
1.814
2.51
0.8
2.524
1.802
2.105
1.658
2.363
2.168
1.56
2.648
2.148
2.148
1.179
0.422
0.208
0.0
0.994
1.262
2.027
1.925
2.339
2.034
0.216
3.035
1.642
1.771
2.59
1.993
1.114
1.545
2.192
2.207
2.397
1.867
0.27
0.168
1.92
3.258
2.314
2.623
0.955
0.698
1.439
1.206
1.995
2.048
1.975
1.862
1.657
1.263
0.909
1.577
1.843
1.85
1.453
1.704
1.014
1.45
1.233
1.87
1.732
1.718
1.32
1.882
2.084
2.335
2.332
1.397
1.873
1.167
1.051
2.153
1.952
2.264
2.103
0.829
2.008
1.718
1.431
1.229
1.383
2.008
1.846
1.475
1.902
2.175
2.335
1.211
2.323
1.718
1.703
1.928
0.973
0.365
0.974
0.807
1.495
0.607
0.378
1.146
0.847
1.565
0.466
1.546
0.856
1.174
0.665
1.383
1.215
0.863
1.666
1.212
1.155
1.083
0.868
0.96
0.994
0.0
1.124
1.151
1.038
1.873
1.213
0.89
2.065
0.673
1.497
1.714
1.28
0.335
0.609
1.715
1.296
1.474
1.078
0.905
0.966
1.121
2.299
1.345
1.701
0.991
1.175
1.916
1.683
2.471
2.524
2.451
2.338
2.134
1.74
1.386
2.053
2.319
2.326
1.93
2.181
1.49
1.926
1.709
2.347
2.209
2.195
1.797
2.359
2.561
2.811
2.808
1.873
2.35
1.643
1.528
2.629
2.428
2.741
2.579
1.305
2.484
2.194
1.908
1.705
1.859
2.484
2.322
1.952
2.379
2.651
2.812
1.688
2.799
2.194
2.18
2.404
0.511
1.348
2.097
0.877
0.55
1.701
0.908
1.034
1.378
1.831
1.444
2.326
1.821
2.123
1.428
1.85
1.579
1.983
2.102
2.147
1.791
0.084
0.84
1.411
1.262
1.124
0.0
1.285
1.239
1.102
2.273
1.363
2.383
1.28
0.51
1.734
1.009
0.847
1.633
0.968
2.262
1.674
2.164
0.993
1.383
1.079
2.54
2.186
1.863
0.311
0.468
1.209
0.976
1.765
1.818
1.745
1.632
1.427
1.033
0.679
1.347
1.613
1.62
1.223
1.474
0.784
1.22
1.003
1.64
1.502
1.488
1.09
1.652
1.854
2.105
2.102
1.167
1.643
0.937
0.821
1.923
1.722
2.034
1.873
0.599
1.778
1.488
1.201
0.999
1.153
1.778
1.616
1.246
1.672
1.945
2.105
0.981
2.093
1.488
1.473
1.698
0.775
0.972
1.722
1.702
1.177
1.63
1.358
0.292
0.443
0.548
1.607
1.227
1.101
1.27
0.708
0.609
0.336
1.601
0.827
1.267
0.69
1.323
1.724
2.056
2.027
1.151
1.285
0.0
0.115
1.168
1.588
1.986
1.103
0.554
1.229
0.568
0.434
0.918
1.106
1.049
1.401
0.398
1.576
1.837
2.052
0.226
1.281
1.176
0.61
1.44
0.353
1.094
0.861
1.649
1.702
1.629
1.516
1.312
0.918
0.564
1.231
1.497
1.504
1.108
1.359
0.668
1.105
0.888
1.525
1.387
1.373
0.975
1.537
1.739
1.989
1.987
1.051
1.528
0.821
0.706
1.807
1.606
1.919
1.758
0.483
1.662
1.372
1.086
0.883
1.037
1.662
1.5
1.13
1.557
1.829
1.99
0.866
1.977
1.372
1.358
1.582
0.736
0.857
1.616
1.607
1.182
1.515
1.254
0.317
0.345
0.616
1.493
1.195
1.009
1.196
0.603
0.618
0.342
1.494
0.863
1.197
0.646
1.271
1.633
1.949
1.925
1.038
1.239
0.115
0.0
1.225
1.501
1.879
1.17
0.443
1.23
0.678
0.481
0.813
1.0
1.098
1.33
0.479
1.481
1.741
1.946
0.247
1.362
1.124
0.701
1.373
1.454
2.195
1.962
2.751
2.803
2.731
2.618
2.413
2.019
1.665
2.333
2.599
2.605
2.209
2.46
1.77
2.206
1.989
2.626
2.488
2.474
2.076
2.638
2.84
3.091
3.088
2.153
2.629
1.923
1.807
2.908
2.708
3.02
2.859
1.585
2.764
2.474
2.187
1.985
2.139
2.764
2.601
2.231
2.658
2.931
3.091
1.967
3.079
2.474
2.459
2.684
0.909
1.9
2.725
1.95
0.564
2.473
1.84
0.914
1.554
1.527
2.311
2.388
2.203
2.419
1.768
1.734
1.487
2.599
1.87
2.421
1.858
1.185
1.925
2.464
2.339
1.873
1.102
1.168
1.225
0.0
2.703
2.408
1.962
1.583
0.621
1.224
0.745
1.538
2.13
0.159
2.554
1.375
2.658
2.077
2.442
0.981
2.013
2.343
1.443
1.411
1.254
1.994
1.762
2.55
2.603
2.53
2.417
2.213
1.819
1.464
2.132
2.398
2.405
2.008
2.26
1.569
2.005
1.788
2.426
2.287
2.273
1.876
2.437
2.64
2.89
2.887
1.952
2.428
1.722
1.606
2.708
2.507
2.82
2.658
1.384
2.563
2.273
1.986
1.784
1.938
2.563
2.401
2.031
2.457
2.73
2.89
1.766
2.878
2.273
2.258
2.483
1.952
0.925
0.504
1.978
2.506
0.937
1.574
1.794
1.158
1.6
1.235
0.84
0.5
0.378
0.938
1.278
1.364
0.499
1.436
0.411
0.993
2.25
2.048
1.905
2.034
1.213
2.273
1.588
1.501
2.703
0.0
1.851
1.824
1.123
2.53
1.942
1.965
1.428
0.64
2.561
0.333
1.633
0.175
2.045
1.931
1.731
2.08
0.649
1.786
2.193
1.566
2.307
2.074
2.862
2.915
2.842
2.729
2.525
2.131
1.777
2.444
2.711
2.717
2.321
2.572
1.881
2.318
2.101
2.738
2.6
2.586
2.188
2.75
2.952
3.202
3.2
2.264
2.741
2.034
1.919
3.02
2.82
3.132
2.971
1.696
2.875
2.585
2.299
2.096
2.251
2.875
2.713
2.343
2.77
3.042
3.203
2.079
3.191
2.585
2.571
2.795
1.539
1.229
1.419
0.495
1.896
0.923
0.633
1.906
1.732
2.443
0.618
2.383
1.652
1.946
1.551
2.272
2.096
1.368
2.555
1.99
2.04
1.284
0.552
0.07
0.216
0.89
1.363
1.986
1.879
2.408
1.851
0.0
2.954
1.558
1.867
2.554
1.999
1.069
1.396
2.256
2.041
2.341
1.681
0.418
0.081
1.901
3.184
2.169
2.568
1.069
1.405
2.145
1.913
2.701
2.754
2.681
2.568
2.364
1.97
1.615
2.283
2.549
2.556
2.159
2.411
1.72
2.156
1.939
2.577
2.438
2.424
2.027
2.588
2.791
3.041
3.038
2.103
2.579
1.873
1.758
2.859
2.658
2.971
2.809
1.535
2.714
2.424
2.137
1.935
2.089
2.714
2.552
2.182
2.608
2.881
3.041
1.917
3.029
2.424
2.409
2.634
1.871
1.755
2.202
2.751
2.188
2.347
2.362
1.354
1.222
0.555
2.453
1.023
1.533
1.451
1.419
0.687
0.872
2.113
0.42
1.414
0.964
2.424
2.784
3.024
3.035
2.065
2.383
1.103
1.17
1.962
1.824
2.954
0.0
1.396
2.249
0.74
1.422
1.934
1.711
1.909
1.502
0.708
1.917
2.88
3.028
1.305
0.259
1.177
0.539
2.541
0.13
0.871
0.638
1.427
1.48
1.407
1.294
1.089
0.695
0.341
1.009
1.275
1.282
0.885
1.136
0.446
0.882
0.665
1.302
1.164
1.15
0.752
1.314
1.516
1.767
1.764
0.829
1.305
0.599
0.483
1.585
1.384
1.696
1.535
0.261
1.44
1.15
0.863
0.661
0.815
1.44
1.278
0.908
1.334
1.607
1.767
0.643
1.755
1.15
1.135
1.36
0.863
0.422
1.18
1.382
1.404
1.081
0.974
0.687
0.175
0.894
1.095
1.051
0.624
0.879
0.185
0.721
0.544
1.057
1.006
0.894
0.545
1.283
1.424
1.628
1.642
0.673
1.28
0.554
0.443
1.583
1.123
1.558
1.396
0.0
1.435
1.079
0.856
0.57
0.565
1.439
1.02
0.814
1.076
1.504
1.632
0.631
1.627
0.907
1.038
1.312
1.309
2.05
1.818
2.606
2.659
2.586
2.473
2.269
1.874
1.52
2.188
2.454
2.461
2.064
2.316
1.625
2.061
1.844
2.481
2.343
2.329
1.932
2.493
2.696
2.946
2.943
2.008
2.484
1.778
1.662
2.764
2.563
2.875
2.714
1.44
2.619
2.329
2.042
1.84
1.994
2.619
2.457
2.087
2.513
2.786
2.946
1.822
2.934
2.329
2.314
2.539
0.579
1.634
2.44
1.386
0.067
2.101
1.363
0.938
1.477
1.73
1.881
2.415
2.044
2.314
1.612
1.837
1.562
2.319
2.047
2.329
1.862
0.593
1.35
1.917
1.771
1.497
0.51
1.229
1.23
0.621
2.53
1.867
2.249
1.435
0.0
1.533
0.832
1.174
1.904
0.513
2.456
1.566
2.448
1.503
1.89
1.003
2.362
2.315
1.71
0.82
1.019
1.76
1.527
2.316
2.369
2.296
2.183
1.978
1.584
1.23
1.898
2.164
2.171
1.774
2.025
1.335
1.771
1.554
2.191
2.053
2.039
1.641
2.203
2.405
2.656
2.653
1.718
2.194
1.488
1.372
2.474
2.273
2.585
2.424
1.15
2.329
2.039
1.752
1.55
1.704
2.329
2.167
1.797
2.223
2.496
2.656
1.532
2.644
2.039
2.024
2.249
1.234
1.501
2.177
2.256
1.469
2.157
1.925
0.714
0.927
0.379
2.164
1.347
1.506
1.579
1.195
0.689
0.594
2.063
0.702
1.56
0.95
1.788
2.273
2.624
2.59
1.714
1.734
0.568
0.678
1.224
1.942
2.554
0.74
1.079
1.533
0.0
0.729
1.485
1.581
1.17
1.685
0.31
1.973
2.392
2.619
0.689
0.829
1.39
0.231
1.939
0.733
1.474
1.241
2.029
2.082
2.009
1.896
1.692
1.298
0.944
1.611
1.877
1.884
1.488
1.739
1.048
1.484
1.267
1.905
1.767
1.753
1.355
1.917
2.119
2.369
2.366
1.431
1.908
1.201
1.086
2.187
1.986
2.299
2.137
0.863
2.042
1.752
1.466
1.263
1.417
2.042
1.88
1.51
1.937
2.209
2.37
1.246
2.357
1.752
1.738
1.962
0.526
1.217
2.027
1.627
0.773
1.842
1.372
0.171
0.811
0.899
1.745
1.661
1.467
1.674
1.038
1.033
0.767
1.902
1.221
1.676
1.12
1.067
1.631
2.065
1.993
1.28
1.009
0.434
0.481
0.745
1.965
1.999
1.422
0.856
0.832
0.729
0.0
0.971
1.417
0.618
1.809
0.735
1.93
1.765
2.053
0.236
1.551
1.603
0.884
1.235
0.53
1.271
1.038
1.827
1.88
1.807
1.694
1.49
1.095
0.741
1.409
1.675
1.682
1.285
1.536
0.846
1.282
1.065
1.702
1.564
1.55
1.153
1.714
1.917
2.167
2.164
1.229
1.705
0.999
0.883
1.985
1.784
2.096
1.935
0.661
1.84
1.55
1.263
1.061
1.215
1.84
1.678
1.308
1.734
2.007
2.167
1.043
2.155
1.55
1.535
1.76
0.638
0.503
1.27
0.819
1.168
0.941
0.441
0.854
0.729
1.399
0.782
1.588
0.993
1.305
0.655
1.279
1.062
1.151
1.563
1.335
1.112
0.822
0.858
1.139
1.114
0.335
0.847
0.918
0.813
1.538
1.428
1.069
1.934
0.57
1.174
1.485
0.971
0.0
0.789
1.38
1.441
1.283
1.317
0.946
1.134
0.84
2.149
1.415
1.509
0.788
0.685
1.425
1.193
1.981
2.034
1.961
1.848
1.644
1.25
0.895
1.563
1.829
1.836
1.439
1.691
1.0
1.436
1.219
1.857
1.718
1.704
1.307
1.868
2.071
2.321
2.318
1.383
1.859
1.153
1.037
2.139
1.938
2.251
2.089
0.815
1.994
1.704
1.417
1.215
1.369
1.994
1.832
1.462
1.888
2.161
2.321
1.197
2.309
1.704
1.689
1.914
1.328
0.285
0.616
1.41
1.883
0.637
0.985
1.249
0.669
1.314
0.802
0.988
0.257
0.568
0.398
1.04
0.992
0.494
1.291
0.608
0.748
1.611
1.474
1.46
1.545
0.609
1.633
1.106
1.0
2.13
0.64
1.396
1.711
0.565
1.904
1.581
1.417
0.789
0.0
1.981
0.687
1.284
0.544
1.498
1.477
1.195
1.965
0.772
1.487
1.563
1.309
2.05
1.817
2.606
2.659
2.586
2.473
2.268
1.874
1.52
2.188
2.454
2.461
2.064
2.315
1.625
2.061
1.844
2.481
2.343
2.329
1.932
2.493
2.696
2.946
2.943
2.008
2.484
1.778
1.662
2.764
2.563
2.875
2.714
1.44
2.619
2.329
2.042
1.84
1.994
2.619
2.457
2.087
2.513
2.786
2.946
1.822
2.934
2.329
2.314
2.539
0.75
1.747
2.572
1.803
0.449
2.315
1.684
0.783
1.418
1.447
2.152
2.276
2.062
2.285
1.624
1.632
1.376
2.447
1.787
2.289
1.738
1.05
1.78
2.313
2.192
1.715
0.968
1.049
1.098
0.159
2.561
2.256
1.909
1.439
0.513
1.17
0.618
1.38
1.981
0.0
2.422
1.289
2.512
1.931
2.292
0.851
1.98
2.221
1.379
1.273
1.147
1.888
1.655
2.444
2.496
2.424
2.311
2.106
1.712
1.358
2.026
2.292
2.298
1.902
2.153
1.463
1.899
1.682
2.319
2.181
2.167
1.769
2.331
2.533
2.784
2.781
1.846
2.322
1.616
1.5
2.601
2.401
2.713
2.552
1.278
2.457
2.167
1.88
1.678
1.832
2.457
2.294
1.924
2.351
2.624
2.784
1.66
2.772
2.167
2.152
2.377
1.882
0.954
0.805
2.096
2.424
1.165
1.673
1.64
1.005
1.325
1.425
0.507
0.449
0.141
0.846
1.001
1.133
0.766
1.127
0.133
0.743
2.251
2.161
2.101
2.207
1.296
2.262
1.401
1.33
2.554
0.333
2.041
1.502
1.02
2.456
1.685
1.809
1.441
0.687
2.422
0.0
1.379
0.471
2.18
2.123
1.573
1.756
0.326
1.51
2.228
0.777
1.518
1.285
2.074
2.126
2.054
1.941
1.736
1.342
0.988
1.656
1.922
1.928
1.532
1.783
1.093
1.529
1.312
1.949
1.811
1.797
1.399
1.961
2.163
2.414
2.411
1.475
1.952
1.246
1.13
2.231
2.031
2.343
2.182
0.908
2.087
1.797
1.51
1.308
1.462
2.087
1.924
1.554
1.981
2.254
2.414
1.29
2.402
1.797
1.782
2.007
1.163
1.228
1.872
2.085
1.508
1.877
1.723
0.648
0.649
0.164
1.909
1.07
1.198
1.271
0.908
0.397
0.292
1.761
0.497
1.253
0.641
1.716
2.112
2.411
2.397
1.474
1.674
0.398
0.479
1.375
1.633
2.341
0.708
0.814
1.566
0.31
0.735
1.283
1.284
1.289
1.379
0.0
1.663
2.219
2.41
0.597
0.885
1.092
0.228
1.838
1.204
1.945
1.712
2.5
2.553
2.48
2.367
2.163
1.769
1.415
2.082
2.348
2.355
1.959
2.21
1.519
1.955
1.738
2.376
2.238
2.223
1.826
2.388
2.59
2.84
2.837
1.902
2.379
1.672
1.557
2.658
2.457
2.77
2.608
1.334
2.513
2.223
1.937
1.734
1.888
2.513
2.351
1.981
2.408
2.68
2.841
1.716
2.828
2.223
2.208
2.433
1.872
0.82
0.337
1.824
2.428
0.764
1.429
1.76
1.136
1.647
1.067
0.967
0.476
0.472
0.893
1.331
1.383
0.324
1.516
0.514
1.035
2.136
1.895
1.734
1.867
1.078
2.164
1.576
1.481
2.658
0.175
1.681
1.917
1.076
2.448
1.973
1.93
1.317
0.544
2.512
0.471
1.663
0.0
1.886
1.76
1.7
2.175
0.76
1.832
2.067
1.476
2.217
1.984
2.773
2.826
2.753
2.64
2.436
2.041
1.687
2.355
2.621
2.628
2.231
2.482
1.792
2.228
2.011
2.648
2.51
2.496
2.099
2.66
2.863
3.113
3.11
2.175
2.651
1.945
1.829
2.931
2.73
3.042
2.881
1.607
2.786
2.496
2.209
2.007
2.161
2.786
2.624
2.254
2.68
2.953
3.113
1.989
3.101
2.496
2.481
2.706
1.263
1.269
1.674
0.138
1.54
1.176
0.537
1.701
1.67
2.342
0.847
2.45
1.753
2.066
1.547
2.222
2.008
1.599
2.507
2.107
2.031
0.91
0.153
0.446
0.27
0.905
0.993
1.837
1.741
2.077
2.045
0.418
2.88
1.504
1.503
2.392
1.765
0.946
1.498
1.931
2.18
2.219
1.886
0.0
0.411
1.711
3.093
2.25
2.442
0.685
1.637
2.378
2.145
2.933
2.986
2.913
2.8
2.596
2.202
1.848
2.515
2.781
2.788
2.391
2.643
1.952
2.388
2.171
2.809
2.671
2.656
2.259
2.821
3.023
3.273
3.27
2.335
2.812
2.105
1.99
3.091
2.89
3.203
3.041
1.767
2.946
2.656
2.37
2.167
2.321
2.946
2.784
2.414
2.841
3.113
3.273
2.149
3.261
2.656
2.641
2.866
1.584
1.308
1.495
0.507
1.922
1.001
0.695
1.964
1.806
2.515
0.699
2.464
1.733
2.027
1.629
2.348
2.168
1.446
2.631
2.072
2.117
1.303
0.555
0.04
0.168
0.966
1.383
2.052
1.946
2.442
1.931
0.081
3.028
1.632
1.89
2.619
2.053
1.134
1.477
2.292
2.123
2.41
1.76
0.411
0.0
1.961
3.257
2.25
2.637
1.083
0.513
1.254
1.021
1.809
1.862
1.789
1.676
1.472
1.078
0.724
1.391
1.657
1.664
1.267
1.519
0.828
1.264
1.047
1.685
1.547
1.532
1.135
1.697
1.899
2.149
2.146
1.211
1.688
0.981
0.866
1.967
1.766
2.079
1.917
0.643
1.822
1.532
1.246
1.043
1.197
1.822
1.66
1.29
1.716
1.989
2.149
1.025
2.137
1.532
1.517
1.742
0.567
1.012
1.809
1.573
0.951
1.654
1.268
0.07
0.575
0.756
1.586
1.439
1.234
1.438
0.809
0.835
0.56
1.685
1.051
1.44
0.892
1.123
1.588
1.97
1.92
1.121
1.079
0.226
0.247
0.981
1.731
1.901
1.305
0.631
1.003
0.689
0.236
0.84
1.195
0.851
1.573
0.597
1.7
1.711
1.961
0.0
1.466
1.371
0.787
1.257
1.625
2.365
2.133
2.921
2.974
2.901
2.788
2.584
2.19
1.835
2.503
2.769
2.776
2.379
2.631
1.94
2.376
2.159
2.797
2.658
2.644
2.247
2.808
3.011
3.261
3.258
2.323
2.799
2.093
1.977
3.079
2.878
3.191
3.029
1.755
2.934
2.644
2.357
2.155
2.309
2.934
2.772
2.402
2.828
3.101
3.261
2.137
3.249
2.644
2.629
2.854
2.031
1.999
2.461
2.962
2.298
2.6
2.584
1.507
1.452
0.751
2.697
1.269
1.791
1.708
1.662
0.933
1.09
2.372
0.675
1.67
1.217
2.588
2.991
3.255
3.258
2.299
2.54
1.281
1.362
2.013
2.08
3.184
0.259
1.627
2.362
0.829
1.551
2.149
1.965
1.98
1.756
0.885
2.175
3.093
3.257
1.466
0.0
1.432
0.678
2.719
1.019
1.76
1.527
2.316
2.369
2.296
2.183
1.978
1.584
1.23
1.898
2.164
2.171
1.774
2.025
1.335
1.771
1.554
2.191
2.053
2.039
1.642
2.203
2.406
2.656
2.653
1.718
2.194
1.488
1.372
2.474
2.273
2.585
2.424
1.15
2.329
2.039
1.752
1.55
1.704
2.329
2.167
1.797
2.223
2.496
2.656
1.532
2.644
2.039
2.024
2.249
1.757
0.981
1.076
2.15
2.275
1.356
1.72
1.441
0.838
1.02
1.57
0.223
0.518
0.29
0.765
0.701
0.874
1.012
0.803
0.246
0.487
2.186
2.208
2.233
2.314
1.345
2.186
1.176
1.124
2.343
0.649
2.169
1.177
0.907
2.315
1.39
1.603
1.415
0.772
2.221
0.326
1.092
0.76
2.25
2.25
1.371
1.432
0.0
1.203
2.197
1.005
1.745
1.513
2.301
2.354
2.281
2.168
1.964
1.57
1.215
1.883
2.149
2.156
1.759
2.011
1.32
1.756
1.539
2.177
2.038
2.024
1.627
2.188
2.391
2.641
2.638
1.703
2.18
1.473
1.358
2.459
2.258
2.571
2.409
1.135
2.314
2.024
1.738
1.535
1.689
2.314
2.152
1.782
2.208
2.481
2.641
1.517
2.629
2.024
2.009
2.234
1.353
1.447
2.061
2.308
1.648
2.092
1.95
0.829
0.87
0.186
2.133
1.139
1.379
1.414
1.122
0.509
0.502
1.953
0.475
1.391
0.798
1.909
2.333
2.638
2.623
1.701
1.863
0.61
0.701
1.443
1.786
2.568
0.539
1.038
1.71
0.231
0.884
1.509
1.487
1.379
1.51
0.228
1.832
2.442
2.637
0.787
0.678
1.203
0.0
2.042
1.229
1.97
1.737
2.526
2.579
2.506
2.393
2.189
1.794
1.44
2.108
2.374
2.381
1.984
2.235
1.545
1.981
1.764
2.401
2.263
2.249
1.852
2.413
2.616
2.866
2.863
1.928
2.404
1.698
1.582
2.684
2.483
2.795
2.634
1.36
2.539
2.249
1.962
1.76
1.914
2.539
2.377
2.007
2.433
2.706
2.866
1.742
2.854
2.249
2.234
2.459
0.71
1.28
1.955
0.576
0.861
1.518
0.698
1.225
1.44
1.986
1.231
2.359
1.779
2.093
1.432
1.956
1.698
1.849
2.225
2.123
1.85
0.228
0.533
1.113
0.955
0.991
0.311
1.44
1.373
1.411
2.193
1.069
2.541
1.312
0.82
1.939
1.235
0.788
1.563
1.273
2.228
1.838
2.067
0.685
1.083
1.257
2.719
2.197
2.042
0.0
0.741
1000.0
1.249
2.037
2.09
2.017
1.904
1.7
1.306
0.952
1.619
1.885
1.892
1.496
1.747
1.056
1.492
1.275
1.913
1.775
1.76
1.363
1.925
2.127
2.377
2.374
1.439
1.916
1.209
1.094
2.195
1.994
2.307
2.145
0.871
2.05
1.76
1.474
1.271
1.425
2.05
1.888
1.518
1.945
2.217
2.378
1.254
2.365
1.76
1.745
1.97
1.482
1.249
2.037
2.09
2.017
1.904
1.7
1.306
0.952
1.619
1.885
1.892
1.496
1.747
1.056
1.492
1.275
1.913
1.775
1.76
1.363
1.925
2.127
2.377
2.374
1.439
1.916
1.209
1.094
2.195
1.994
2.307
2.145
0.871
2.05
1.76
1.474
1.271
1.425
2.05
1.888
1.518
1.945
2.217
2.378
1.254
2.365
1.76
1.745
1.97
0.508
1.249
1000.0
1.805
1.857
1.784
1.672
1.467
1.073
0.719
1.386
1.653
1.659
1.263
1.514
0.824
1.26
1.043
1.68
1.542
1.528
1.13
1.692
1.894
2.145
2.142
1.206
1.683
0.976
0.861
1.962
1.762
2.074
1.913
0.638
1.818
1.527
1.241
1.038
1.193
1.817
1.655
1.285
1.712
1.984
2.145
1.021
2.133
1.527
1.513
1.737
1.249
1.016
1.805
1.857
1.784
1.672
1.467
1.073
0.719
1.386
1.653
1.659
1.263
1.514
0.824
1.26
1.043
1.68
1.542
1.528
1.13
1.692
1.894
2.145
2.142
1.206
1.683
0.976
0.861
1.962
1.762
2.074
1.913
0.638
1.818
1.527
1.241
1.038
1.193
1.817
1.655
1.285
1.712
1.984
2.145
1.021
2.133
1.527
1.513
1.737
1.296
2.037
1.805
1000.0
2.646
2.573
2.46
2.256
1.861
1.507
2.175
2.441
2.448
2.051
2.303
1.612
2.048
1.831
2.468
2.33
2.316
1.919
2.48
2.683
2.933
2.93
1.995
2.471
1.765
1.649
2.751
2.55
2.862
2.701
1.427
2.606
2.316
2.029
1.827
1.981
2.606
2.444
2.074
2.5
2.773
2.933
1.809
2.921
2.316
2.301
2.526
2.037
1.805
2.593
2.646
2.573
2.46
2.256
1.861
1.507
2.175
2.441
2.448
2.051
2.303
1.612
2.048
1.831
2.468
2.33
2.316
1.919
2.48
2.683
2.933
2.93
1.995
2.471
1.765
1.649
2.751
2.55
2.862
2.701
1.427
2.606
2.316
2.029
1.827
1.981
2.606
2.444
2.074
2.5
2.773
2.933
1.809
2.921
2.316
2.301
2.526
1.349
2.09
1.857
2.646
1000.0
2.626
2.513
2.308
1.914
1.56
2.228
2.494
2.5
2.104
2.355
1.665
2.101
1.884
2.521
2.383
2.369
1.971
2.533
2.735
2.986
2.983
2.048
2.524
1.818
1.702
2.803
2.603
2.915
2.754
1.48
2.659
2.369
2.082
1.88
2.034
2.659
2.496
2.126
2.553
2.826
2.986
1.862
2.974
2.369
2.354
2.579
2.09
1.857
2.646
2.698
2.626
2.513
2.308
1.914
1.56
2.228
2.494
2.5
2.104
2.355
1.665
2.101
1.884
2.521
2.383
2.369
1.971
2.533
2.735
2.986
2.983
2.048
2.524
1.818
1.702
2.803
2.603
2.915
2.754
1.48
2.659
2.369
2.082
1.88
2.034
2.659
2.496
2.126
2.553
2.826
2.986
1.862
2.974
2.369
2.354
2.579
1.276
2.017
1.784
2.573
2.626
1000.0
2.44
2.235
1.841
1.487
2.155
2.421
2.428
2.031
2.282
1.592
2.028
1.811
2.448
2.31
2.296
1.899
2.46
2.663
2.913
2.91
1.975
2.451
1.745
1.629
2.731
2.53
2.842
2.681
1.407
2.586
2.296
2.009
1.807
1.961
2.586
2.424
2.054
2.48
2.753
2.913
1.789
2.901
2.296
2.281
2.506
2.017
1.784
2.573
2.626
2.553
2.44
2.235
1.841
1.487
2.155
2.421
2.428
2.031
2.282
1.592
2.028
1.811
2.448
2.31
2.296
1.899
2.46
2.663
2.913
2.91
1.975
2.451
1.745
1.629
2.731
2.53
2.842
2.681
1.407
2.586
2.296
2.009
1.807
1.961
2.586
2.424
2.054
2.48
2.753
2.913
1.789
2.901
2.296
2.281
2.506
1.163
1.904
1.672
2.46
2.513
2.44
1000.0
2.123
1.728
1.374
2.042
2.308
2.315
1.918
2.17
1.479
1.915
1.698
2.335
2.197
2.183
1.786
2.347
2.55
2.8
2.797
1.862
2.338
1.632
1.516
2.618
2.417
2.729
2.568
1.294
2.473
2.183
1.896
1.694
1.848
2.473
2.311
1.941
2.367
2.64
2.8
1.676
2.788
2.183
2.168
2.393
1.904
1.672
2.46
2.513
2.44
2.327
2.123
1.728
1.374
2.042
2.308
2.315
1.918
2.17
1.479
1.915
1.698
2.335
2.197
2.183
1.786
2.347
2.55
2.8
2.797
1.862
2.338
1.632
1.516
2.618
2.417
2.729
2.568
1.294
2.473
2.183
1.896
1.694
1.848
2.473
2.311
1.941
2.367
2.64
2.8
1.676
2.788
2.183
2.168
2.393
0.959
1.7
1.467
2.256
2.308
2.235
2.123
1000.0
1.524
1.17
1.837
2.104
2.11
1.714
1.965
1.275
1.711
1.494
2.131
1.993
1.979
1.581
2.143
2.345
2.596
2.593
1.657
2.134
1.427
1.312
2.413
2.213
2.525
2.364
1.089
2.269
1.978
1.692
1.49
1.644
2.268
2.106
1.736
2.163
2.436
2.596
1.472
2.584
1.978
1.964
2.189
1.7
1.467
2.256
2.308
2.235
2.123
1.918
1.524
1.17
1.837
2.104
2.11
1.714
1.965
1.275
1.711
1.494
2.131
1.993
1.979
1.581
2.143
2.345
2.596
2.593
1.657
2.134
1.427
1.312
2.413
2.213
2.525
2.364
1.089
2.269
1.978
1.692
1.49
1.644
2.268
2.106
1.736
2.163
2.436
2.596
1.472
2.584
1.978
1.964
2.189
0.565
1.306
1.073
1.861
1.914
1.841
1.728
1.524
1000.0
0.776
1.443
1.71
1.716
1.32
1.571
0.88
1.317
1.1
1.737
1.599
1.585
1.187
1.749
1.951
2.201
2.199
1.263
1.74
1.033
0.918
2.019
1.819
2.131
1.97
0.695
1.874
1.584
1.298
1.095
1.25
1.874
1.712
1.342
1.769
2.041
2.202
1.078
2.19
1.584
1.57
1.794
1.306
1.073
1.861
1.914
1.841
1.728
1.524
1.13
0.776
1.443
1.71
1.716
1.32
1.571
0.88
1.317
1.1
1.737
1.599
1.585
1.187
1.749
1.951
2.201
2.199
1.263
1.74
1.033
0.918
2.019
1.819
2.131
1.97
0.695
1.874
1.584
1.298
1.095
1.25
1.874
1.712
1.342
1.769
2.041
2.202
1.078
2.19
1.584
1.57
1.794
0.211
0.952
0.719
1.507
1.56
1.487
1.374
1.17
0.776
1000.0
1.089
1.355
1.362
0.966
1.217
0.526
0.962
0.745
1.383
1.245
1.23
0.833
1.395
1.597
1.847
1.844
0.909
1.386
0.679
0.564
1.665
1.464
1.777
1.615
0.341
1.52
1.23
0.944
0.741
0.895
1.52
1.358
0.988
1.415
1.687
1.848
0.724
1.835
1.23
1.215
1.44
0.952
0.719
1.507
1.56
1.487
1.374
1.17
0.776
0.422
1.089
1.355
1.362
0.966
1.217
0.526
0.962
0.745
1.383
1.245
1.23
0.833
1.395
1.597
1.847
1.844
0.909
1.386
0.679
0.564
1.665
1.464
1.777
1.615
0.341
1.52
1.23
0.944
0.741
0.895
1.52
1.358
0.988
1.415
1.687
1.848
0.724
1.835
1.23
1.215
1.44
0.878
1.619
1.386
2.175
2.228
2.155
2.042
1.837
1.443
1.089
1000.0
2.023
2.03
1.633
1.884
1.194
1.63
1.413
2.05
1.912
1.898
1.5
2.062
2.264
2.515
2.512
1.577
2.053
1.347
1.231
2.333
2.132
2.444
2.283
1.009
2.188
1.898
1.611
1.409
1.563
2.188
2.026
1.656
2.082
2.355
2.515
1.391
2.503
1.898
1.883
2.108
1.619
1.386
2.175
2.228
2.155
2.042
1.837
1.443
1.089
1.757
2.023
2.03
1.633
1.884
1.194
1.63
1.413
2.05
1.912
1.898
1.5
2.062
2.264
2.515
2.512
1.577
2.053
1.347
1.231
2.333
2.132
2.444
2.283
1.009
2.188
1.898
1.611
1.409
1.563
2.188
2.026
1.656
2.082
2.355
2.515
1.391
2.503
1.898
1.883
2.108
1.145
1.885
1.653
2.441
2.494
2.421
2.308
2.104
1.71
1.355
2.023
1000.0
2.296
1.899
2.151
1.46
1.896
1.679
2.317
2.178
2.164
1.767
2.328
2.531
2.781
2.778
1.843
2.319
1.613
1.497
2.599
2.398
2.711
2.549
1.275
2.454
2.164
1.877
1.675
1.829
2.454
2.292
1.922
2.348
2.621
2.781
1.657
2.769
2.164
2.149
2.374
1.885
1.653
2.441
2.494
2.421
2.308
2.104
1.71
1.355
2.023
2.289
2.296
1.899
2.151
1.46
1.896
1.679
2.317
2.178
2.164
1.767
2.328
2.531
2.781
2.778
1.843
2.319
1.613
1.497
2.599
2.398
2.711
2.549
1.275
2.454
2.164
1.877
1.675
1.829
2.454
2.292
1.922
2.348
2.621
2.781
1.657
2.769
2.164
2.149
2.374
1.151
1.892
1.659
2.448
2.5
2.428
2.315
2.11
1.716
1.362
2.03
2.296
1000.0
1.906
2.157
1.467
1.903
1.686
2.323
2.185
2.171
1.773
2.335
2.537
2.788
2.785
1.85
2.326
1.62
1.504
2.605
2.405
2.717
2.556
1.282
2.461
2.171
1.884
1.682
1.836
2.461
2.298
1.928
2.355
2.628
2.788
1.664
2.776
2.171
2.156
2.381
1.892
1.659
2.448
2.5
2.428
2.315
2.11
1.716
1.362
2.03
2.296
2.302
1.906
2.157
1.467
1.903
1.686
2.323
2.185
2.171
1.773
2.335
2.537
2.788
2.785
1.85
2.326
1.62
1.504
2.605
2.405
2.717
2.556
1.282
2.461
2.171
1.884
1.682
1.836
2.461
2.298
1.928
2.355
2.628
2.788
1.664
2.776
2.171
2.156
2.381
0.755
1.496
1.263
2.051
2.104
2.031
1.918
1.714
1.32
0.966
1.633
1.899
1.906
1000.0
1.761
1.07
1.506
1.289
1.927
1.789
1.774
1.377
1.939
2.141
2.391
2.388
1.453
1.93
1.223
1.108
2.209
2.008
2.321
2.159
0.885
2.064
1.774
1.488
1.285
1.439
2.064
1.902
1.532
1.959
2.231
2.391
1.267
2.379
1.774
1.759
1.984
1.496
1.263
2.051
2.104
2.031
1.918
1.714
1.32
0.966
1.633
1.899
1.906
1.509
1.761
1.07
1.506
1.289
1.927
1.789
1.774
1.377
1.939
2.141
2.391
2.388
1.453
1.93
1.223
1.108
2.209
2.008
2.321
2.159
0.885
2.064
1.774
1.488
1.285
1.439
2.064
1.902
1.532
1.959
2.231
2.391
1.267
2.379
1.774
1.759
1.984
1.006
1.747
1.514
2.303
2.355
2.282
2.17
1.965
1.571
1.217
1.884
2.151
2.157
1.761
1000.0
1.321
1.758
1.541
2.178
2.04
2.026
1.628
2.19
2.392
2.643
2.64
1.704
2.181
1.474
1.359
2.46
2.26
2.572
2.411
1.136
2.316
2.025
1.739
1.536
1.691
2.315
2.153
1.783
2.21
2.482
2.643
1.519
2.631
2.025
2.011
2.235
1.747
1.514
2.303
2.355
2.282
2.17
1.965
1.571
1.217
1.884
2.151
2.157
1.761
2.012
1.321
1.758
1.541
2.178
2.04
2.026
1.628
2.19
2.392
2.643
2.64
1.704
2.181
1.474
1.359
2.46
2.26
2.572
2.411
1.136
2.316
2.025
1.739
1.536
1.691
2.315
2.153
1.783
2.21
2.482
2.643
1.519
2.631
2.025
2.011
2.235
0.315
1.056
0.824
1.612
1.665
1.592
1.479
1.275
0.88
0.526
1.194
1.46
1.467
1.07
1.321
1000.0
1.067
0.85
1.487
1.349
1.335
0.938
1.499
1.702
1.952
1.949
1.014
1.49
0.784
0.668
1.77
1.569
1.881
1.72
0.446
1.625
1.335
1.048
0.846
1.0
1.625
1.463
1.093
1.519
1.792
1.952
0.828
1.94
1.335
1.32
1.545
1.056
0.824
1.612
1.665
1.592
1.479
1.275
0.88
0.526
1.194
1.46
1.467
1.07
1.321
0.631
1.067
0.85
1.487
1.349
1.335
0.938
1.499
1.702
1.952
1.949
1.014
1.49
0.784
0.668
1.77
1.569
1.881
1.72
0.446
1.625
1.335
1.048
0.846
1.0
1.625
1.463
1.093
1.519
1.792
1.952
0.828
1.94
1.335
1.32
1.545
0.752
1.492
1.26
2.048
2.101
2.028
1.915
1.711
1.317
0.962
1.63
1.896
1.903
1.506
1.758
1.067
1000.0
1.286
1.924
1.785
1.771
1.374
1.935
2.138
2.388
2.385
1.45
1.926
1.22
1.105
2.206
2.005
2.318
2.156
0.882
2.061
1.771
1.484
1.282
1.436
2.061
1.899
1.529
1.955
2.228
2.388
1.264
2.376
1.771
1.756
1.981
1.492
1.26
2.048
2.101
2.028
1.915
1.711
1.317
0.962
1.63
1.896
1.903
1.506
1.758
1.067
1.503
1.286
1.924
1.785
1.771
1.374
1.935
2.138
2.388
2.385
1.45
1.926
1.22
1.105
2.206
2.005
2.318
2.156
0.882
2.061
1.771
1.484
1.282
1.436
2.061
1.899
1.529
1.955
2.228
2.388
1.264
2.376
1.771
1.756
1.981
0.535
1.275
1.043
1.831
1.884
1.811
1.698
1.494
1.1
0.745
1.413
1.679
1.686
1.289
1.541
0.85
1.286
1000.0
1.707
1.568
1.554
1.157
1.718
1.921
2.171
2.168
1.233
1.709
1.003
0.888
1.989
1.788
2.101
1.939
0.665
1.844
1.554
1.267
1.065
1.219
1.844
1.682
1.312
1.738
2.011
2.171
1.047
2.159
1.554
1.539
1.764
1.275
1.043
1.831
1.884
1.811
1.698
1.494
1.1
0.745
1.413
1.679
1.686
1.289
1.541
0.85
1.286
1.069
1.707
1.568
1.554
1.157
1.718
1.921
2.171
2.168
1.233
1.709
1.003
0.888
1.989
1.788
2.101
1.939
0.665
1.844
1.554
1.267
1.065
1.219
1.844
1.682
1.312
1.738
2.011
2.171
1.047
2.159
1.554
1.539
1.764
1.172
1.913
1.68
2.468
2.521
2.448
2.335
2.131
1.737
1.383
2.05
2.317
2.323
1.927
2.178
1.487
1.924
1.707
1000.0
2.206
2.192
1.794
2.356
2.558
2.808
2.806
1.87
2.347
1.64
1.525
2.626
2.426
2.738
2.577
1.302
2.481
2.191
1.905
1.702
1.857
2.481
2.319
1.949
2.376
2.648
2.809
1.685
2.797
2.191
2.177
2.401
1.913
1.68
2.468
2.521
2.448
2.335
2.131
1.737
1.383
2.05
2.317
2.323
1.927
2.178
1.487
1.924
1.707
2.344
2.206
2.192
1.794
2.356
2.558
2.808
2.806
1.87
2.347
1.64
1.525
2.626
2.426
2.738
2.577
1.302
2.481
2.191
1.905
1.702
1.857
2.481
2.319
1.949
2.376
2.648
2.809
1.685
2.797
2.191
2.177
2.401
1.034
1.775
1.542
2.33
2.383
2.31
2.197
1.993
1.599
1.245
1.912
2.178
2.185
1.789
2.04
1.349
1.785
1.568
2.206
1000.0
2.053
1.656
2.218
2.42
2.67
2.667
1.732
2.209
1.502
1.387
2.488
2.287
2.6
2.438
1.164
2.343
2.053
1.767
1.564
1.718
2.343
2.181
1.811
2.238
2.51
2.671
1.547
2.658
2.053
2.038
2.263
1.775
1.542
2.33
2.383
2.31
2.197
1.993
1.599
1.245
1.912
2.178
2.185
1.789
2.04
1.349
1.785
1.568
2.206
2.068
2.053
1.656
2.218
2.42
2.67
2.667
1.732
2.209
1.502
1.387
2.488
2.287
2.6
2.438
1.164
2.343
2.053
1.767
1.564
1.718
2.343
2.181
1.811
2.238
2.51
2.671
1.547
2.658
2.053
2.038
2.263
1.02
1.76
1.528
2.316
2.369
2.296
2.183
1.979
1.585
1.23
1.898
2.164
2.171
1.774
2.026
1.335
1.771
1.554
2.192
2.053
1000.0
1.642
2.203
2.406
2.656
2.653
1.718
2.195
1.488
1.373
2.474
2.273
2.586
2.424
1.15
2.329
2.039
1.753
1.55
1.704
2.329
2.167
1.797
2.223
2.496
2.656
1.532
2.644
2.039
2.024
2.249
1.76
1.528
2.316
2.369
2.296
2.183
1.979
1.585
1.23
1.898
2.164
2.171
1.774
2.026
1.335
1.771
1.554
2.192
2.053
2.039
1.642
2.203
2.406
2.656
2.653
1.718
2.195
1.488
1.373
2.474
2.273
2.586
2.424
1.15
2.329
2.039
1.753
1.55
1.704
2.329
2.167
1.797
2.223
2.496
2.656
1.532
2.644
2.039
2.024
2.249
0.622
1.363
1.13
1.919
1.971
1.899
1.786
1.581
1.187
0.833
1.5
1.767
1.773
1.377
1.628
0.938
1.374
1.157
1.794
1.656
1.642
1000.0
1.806
2.008
2.259
2.256
1.32
1.797
1.09
0.975
2.076
1.876
2.188
2.027
0.752
1.932
1.641
1.355
1.153
1.307
1.932
1.769
1.399
1.826
2.099
2.259
1.135
2.247
1.642
1.627
1.852
1.363
1.13
1.919
1.971
1.899
1.786
1.581
1.187
0.833
1.5
1.767
1.773
1.377
1.628
0.938
1.374
1.157
1.794
1.656
1.642
1.244
1.806
2.008
2.259
2.256
1.32
1.797
1.09
0.975
2.076
1.876
2.188
2.027
0.752
1.932
1.641
1.355
1.153
1.307
1.932
1.769
1.399
1.826
2.099
2.259
1.135
2.247
1.642
1.627
1.852
1.184
1.925
1.692
2.48
2.533
2.46
2.347
2.143
1.749
1.395
2.062
2.328
2.335
1.939
2.19
1.499
1.935
1.718
2.356
2.218
2.203
1.806
1000.0
2.57
2.82
2.817
1.882
2.359
1.652
1.537
2.638
2.437
2.75
2.588
1.314
2.493
2.203
1.917
1.714
1.868
2.493
2.331
1.961
2.388
2.66
2.821
1.697
2.808
2.203
2.188
2.413
1.925
1.692
2.48
2.533
2.46
2.347
2.143
1.749
1.395
2.062
2.328
2.335
1.939
2.19
1.499
1.935
1.718
2.356
2.218
2.203
1.806
2.368
2.57
2.82
2.817
1.882
2.359
1.652
1.537
2.638
2.437
2.75
2.588
1.314
2.493
2.203
1.917
1.714
1.868
2.493
2.331
1.961
2.388
2.66
2.821
1.697
2.808
2.203
2.188
2.413
1.386
2.127
1.894
2.683
2.735
2.663
2.55
2.345
1.951
1.597
2.264
2.531
2.537
2.141
2.392
1.702
2.138
1.921
2.558
2.42
2.406
2.008
2.57
1000.0
3.023
3.02
2.084
2.561
1.854
1.739
2.84
2.64
2.952
2.791
1.516
2.696
2.405
2.119
1.917
2.071
2.696
2.533
2.163
2.59
2.863
3.023
1.899
3.011
2.406
2.391
2.616
2.127
1.894
2.683
2.735
2.663
2.55
2.345
1.951
1.597
2.264
2.531
2.537
2.141
2.392
1.702
2.138
1.921
2.558
2.42
2.406
2.008
2.57
2.772
3.023
3.02
2.084
2.561
1.854
1.739
2.84
2.64
2.952
2.791
1.516
2.696
2.405
2.119
1.917
2.071
2.696
2.533
2.163
2.59
2.863
3.023
1.899
3.011
2.406
2.391
2.616
1.636
2.377
2.145
2.933
2.986
2.913
2.8
2.596
2.201
1.847
2.515
2.781
2.788
2.391
2.643
1.952
2.388
2.171
2.808
2.67
2.656
2.259
2.82
3.023
1000.0
3.27
2.335
2.811
2.105
1.989
3.091
2.89
3.202
3.041
1.767
2.946
2.656
2.369
2.167
2.321
2.946
2.784
2.414
2.84
3.113
3.273
2.149
3.261
2.656
2.641
2.866
2.377
2.145
2.933
2.986
2.913
2.8
2.596
2.201
1.847
2.515
2.781
2.788
2.391
2.643
1.952
2.388
2.171
2.808
2.67
2.656
2.259
2.82
3.023
3.273
3.27
2.335
2.811
2.105
1.989
3.091
2.89
3.202
3.041
1.767
2.946
2.656
2.369
2.167
2.321
2.946
2.784
2.414
2.84
3.113
3.273
2.149
3.261
2.656
2.641
2.866
1.634
2.374
2.142
2.93
2.983
2.91
2.797
2.593
2.199
1.844
2.512
2.778
2.785
2.388
2.64
1.949
2.385
2.168
2.806
2.667
2.653
2.256
2.817
3.02
3.27
1000.0
2.332
2.808
2.102
1.987
3.088
2.887
3.2
3.038
1.764
2.943
2.653
2.366
2.164
2.318
2.943
2.781
2.411
2.837
3.11
3.27
2.146
3.258
2.653
2.638
2.863
2.374
2.142
2.93
2.983
2.91
2.797
2.593
2.199
1.844
2.512
2.778
2.785
2.388
2.64
1.949
2.385
2.168
2.806
2.667
2.653
2.256
2.817
3.02
3.27
3.267
2.332
2.808
2.102
1.987
3.088
2.887
3.2
3.038
1.764
2.943
2.653
2.366
2.164
2.318
2.943
2.781
2.411
2.837
3.11
3.27
2.146
3.258
2.653
2.638
2.863
0.698
1.439
1.206
1.995
2.048
1.975
1.862
1.657
1.263
0.909
1.577
1.843
1.85
1.453
1.704
1.014
1.45
1.233
1.87
1.732
1.718
1.32
1.882
2.084
2.335
2.332
1000.0
1.873
1.167
1.051
2.153
1.952
2.264
2.103
0.829
2.008
1.718
1.431
1.229
1.383
2.008
1.846
1.475
1.902
2.175
2.335
1.211
2.323
1.718
1.703
1.928
1.439
1.206
1.995
2.048
1.975
1.862
1.657
1.263
0.909
1.577
1.843
1.85
1.453
1.704
1.014
1.45
1.233
1.87
1.732
1.718
1.32
1.882
2.084
2.335
2.332
1.397
1.873
1.167
1.051
2.153
1.952
2.264
2.103
0.829
2.008
1.718
1.431
1.229
1.383
2.008
1.846
1.475
1.902
2.175
2.335
1.211
2.323
1.718
1.703
1.928
1.175
1.916
1.683
2.471
2.524
2.451
2.338
2.134
1.74
1.386
2.053
2.319
2.326
1.93
2.181
1.49
1.926
1.709
2.347
2.209
2.195
1.797
2.359
2.561
2.811
2.808
1.873
1000.0
1.643
1.528
2.629
2.428
2.741
2.579
1.305
2.484
2.194
1.908
1.705
1.859
2.484
2.322
1.952
2.379
2.651
2.812
1.688
2.799
2.194
2.18
2.404
1.916
1.683
2.471
2.524
2.451
2.338
2.134
1.74
1.386
2.053
2.319
2.326
1.93
2.181
1.49
1.926
1.709
2.347
2.209
2.195
1.797
2.359
2.561
2.811
2.808
1.873
2.35
1.643
1.528
2.629
2.428
2.741
2.579
1.305
2.484
2.194
1.908
1.705
1.859
2.484
2.322
1.952
2.379
2.651
2.812
1.688
2.799
2.194
2.18
2.404
0.468
1.209
0.976
1.765
1.818
1.745
1.632
1.427
1.033
0.679
1.347
1.613
1.62
1.223
1.474
0.784
1.22
1.003
1.64
1.502
1.488
1.09
1.652
1.854
2.105
2.102
1.167
1.643
1000.0
0.821
1.923
1.722
2.034
1.873
0.599
1.778
1.488
1.201
0.999
1.153
1.778
1.616
1.246
1.672
1.945
2.105
0.981
2.093
1.488
1.473
1.698
1.209
0.976
1.765
1.818
1.745
1.632
1.427
1.033
0.679
1.347
1.613
1.62
1.223
1.474
0.784
1.22
1.003
1.64
1.502
1.488
1.09
1.652
1.854
2.105
2.102
1.167
1.643
0.937
0.821
1.923
1.722
2.034
1.873
0.599
1.778
1.488
1.201
0.999
1.153
1.778
1.616
1.246
1.672
1.945
2.105
0.981
2.093
1.488
1.473
1.698
0.353
1.094
0.861
1.649
1.702
1.629
1.516
1.312
0.918
0.564
1.231
1.497
1.504
1.108
1.359
0.668
1.105
0.888
1.525
1.387
1.373
0.975
1.537
1.739
1.989
1.987
1.051
1.528
0.821
1000.0
1.807
1.606
1.919
1.758
0.483
1.662
1.372
1.086
0.883
1.037
1.662
1.5
1.13
1.557
1.829
1.99
0.866
1.977
1.372
1.358
1.582
1.094
0.861
1.649
1.702
1.629
1.516
1.312
0.918
0.564
1.231
1.497
1.504
1.108
1.359
0.668
1.105
0.888
1.525
1.387
1.373
0.975
1.537
1.739
1.989
1.987
1.051
1.528
0.821
0.706
1.807
1.606
1.919
1.758
0.483
1.662
1.372
1.086
0.883
1.037
1.662
1.5
1.13
1.557
1.829
1.99
0.866
1.977
1.372
1.358
1.582
1.454
2.195
1.962
2.751
2.803
2.731
2.618
2.413
2.019
1.665
2.333
2.599
2.605
2.209
2.46
1.77
2.206
1.989
2.626
2.488
2.474
2.076
2.638
2.84
3.091
3.088
2.153
2.629
1.923
1.807
1000.0
2.708
3.02
2.859
1.585
2.764
2.474
2.187
1.985
2.139
2.764
2.601
2.231
2.658
2.931
3.091
1.967
3.079
2.474
2.459
2.684
2.195
1.962
2.751
2.803
2.731
2.618
2.413
2.019
1.665
2.333
2.599
2.605
2.209
2.46
1.77
2.206
1.989
2.626
2.488
2.474
2.076
2.638
2.84
3.091
3.088
2.153
2.629
1.923
1.807
2.908
2.708
3.02
2.859
1.585
2.764
2.474
2.187
1.985
2.139
2.764
2.601
2.231
2.658
2.931
3.091
1.967
3.079
2.474
2.459
2.684
1.254
1.952
0.925
0.504
1.978
2.506
0.937
1.574
1.794
1.158
1.6
1.235
0.84
0.5
0.378
0.938
1.278
1.364
0.499
1.436
0.411
0.993
2.25
2.048
1.905
2.034
1.213
2.273
1.588
1.501
2.703
1000.0
2.82
2.658
1.384
2.563
2.273
1.986
1.784
1.938
2.563
2.401
2.031
2.457
2.73
2.89
1.766
2.878
2.273
2.258
2.483
1.994
1.762
2.55
2.603
2.53
2.417
2.213
1.819
1.464
2.132
2.398
2.405
2.008
2.26
1.569
2.005
1.788
2.426
2.287
2.273
1.876
2.437
2.64
2.89
2.887
1.952
2.428
1.722
1.606
2.708
2.507
2.82
2.658
1.384
2.563
2.273
1.986
1.784
1.938
2.563
2.401
2.031
2.457
2.73
2.89
1.766
2.878
2.273
2.258
2.483
1.566
1.539
1.229
1.419
0.495
1.896
0.923
0.633
1.906
1.732
2.443
0.618
2.383
1.652
1.946
1.551
2.272
2.096
1.368
2.555
1.99
2.04
1.284
0.552
0.07
0.216
0.89
1.363
1.986
1.879
2.408
2.82
1000.0
2.971
1.696
2.875
2.585
2.299
2.096
2.251
2.875
2.713
2.343
2.77
3.042
3.203
2.079
3.191
2.585
2.571
2.795
2.307
2.074
2.862
2.915
2.842
2.729
2.525
2.131
1.777
2.444
2.711
2.717
2.321
2.572
1.881
2.318
2.101
2.738
2.6
2.586
2.188
2.75
2.952
3.202
3.2
2.264
2.741
2.034
1.919
3.02
2.82
3.132
2.971
1.696
2.875
2.585
2.299
2.096
2.251
2.875
2.713
2.343
2.77
3.042
3.203
2.079
3.191
2.585
2.571
2.795
1.405
1.871
1.755
2.202
2.751
2.188
2.347
2.362
1.354
1.222
0.555
2.453
1.023
1.533
1.451
1.419
0.687
0.872
2.113
0.42
1.414
0.964
2.424
2.784
3.024
3.035
2.065
2.383
1.103
1.17
1.962
2.658
2.971
1000.0
1.535
2.714
2.424
2.137
1.935
2.089
2.714
2.552
2.182
2.608
2.881
3.041
1.917
3.029
2.424
2.409
2.634
2.145
1.913
2.701
2.754
2.681
2.568
2.364
1.97
1.615
2.283
2.549
2.556
2.159
2.411
1.72
2.156
1.939
2.577
2.438
2.424
2.027
2.588
2.791
3.041
3.038
2.103
2.579
1.873
1.758
2.859
2.658
2.971
2.809
1.535
2.714
2.424
2.137
1.935
2.089
2.714
2.552
2.182
2.608
2.881
3.041
1.917
3.029
2.424
2.409
2.634
0.13
0.863
0.422
1.18
1.382
1.404
1.081
0.974
0.687
0.175
0.894
1.095
1.051
0.624
0.879
0.185
0.721
0.544
1.057
1.006
0.894
0.545
1.283
1.424
1.628
1.642
0.673
1.28
0.554
0.443
1.583
1.384
1.696
1.535
1000.0
1.44
1.15
0.863
0.661
0.815
1.44
1.278
0.908
1.334
1.607
1.767
0.643
1.755
1.15
1.135
1.36
0.871
0.638
1.427
1.48
1.407
1.294
1.089
0.695
0.341
1.009
1.275
1.282
0.885
1.136
0.446
0.882
0.665
1.302
1.164
1.15
0.752
1.314
1.516
1.767
1.764
0.829
1.305
0.599
0.483
1.585
1.384
1.696
1.535
0.261
1.44
1.15
0.863
0.661
0.815
1.44
1.278
0.908
1.334
1.607
1.767
0.643
1.755
1.15
1.135
1.36
1.309
0.579
1.634
2.44
1.386
0.067
2.101
1.363
0.938
1.477
1.73
1.881
2.415
2.044
2.314
1.612
1.837
1.562
2.319
2.047
2.329
1.862
0.593
1.35
1.917
1.771
1.497
0.51
1.229
1.23
0.621
2.563
2.875
2.714
1.44
1000.0
2.329
2.042
1.84
1.994
2.619
2.457
2.087
2.513
2.786
2.946
1.822
2.934
2.329
2.314
2.539
2.05
1.818
2.606
2.659
2.586
2.473
2.269
1.874
1.52
2.188
2.454
2.461
2.064
2.316
1.625
2.061
1.844
2.481
2.343
2.329
1.932
2.493
2.696
2.946
2.943
2.008
2.484
1.778
1.662
2.764
2.563
2.875
2.714
1.44
2.619
2.329
2.042
1.84
1.994
2.619
2.457
2.087
2.513
2.786
2.946
1.822
2.934
2.329
2.314
2.539
1.019
1.234
1.501
2.177
2.256
1.469
2.157
1.925
0.714
0.927
0.379
2.164
1.347
1.506
1.579
1.195
0.689
0.594
2.063
0.702
1.56
0.95
1.788
2.273
2.624
2.59
1.714
1.734
0.568
0.678
1.224
2.273
2.585
2.424
1.15
2.329
1000.0
1.752
1.55
1.704
2.329
2.167
1.797
2.223
2.496
2.656
1.532
2.644
2.039
2.024
2.249
1.76
1.527
2.316
2.369
2.296
2.183
1.978
1.584
1.23
1.898
2.164
2.171
1.774
2.025
1.335
1.771
1.554
2.191
2.053
2.039
1.641
2.203
2.405
2.656
2.653
1.718
2.194
1.488
1.372
2.474
2.273
2.585
2.424
1.15
2.329
2.039
1.752
1.55
1.704
2.329
2.167
1.797
2.223
2.496
2.656
1.532
2.644
2.039
2.024
2.249
0.733
0.526
1.217
2.027
1.627
0.773
1.842
1.372
0.171
0.811
0.899
1.745
1.661
1.467
1.674
1.038
1.033
0.767
1.902
1.221
1.676
1.12
1.067
1.631
2.065
1.993
1.28
1.009
0.434
0.481
0.745
1.986
2.299
2.137
0.863
2.042
1.752
1000.0
1.263
1.417
2.042
1.88
1.51
1.937
2.209
2.37
1.246
2.357
1.752
1.738
1.962
1.474
1.241
2.029
2.082
2.009
1.896
1.692
1.298
0.944
1.611
1.877
1.884
1.488
1.739
1.048
1.484
1.267
1.905
1.767
1.753
1.355
1.917
2.119
2.369
2.366
1.431
1.908
1.201
1.086
2.187
1.986
2.299
2.137
0.863
2.042
1.752
1.466
1.263
1.417
2.042
1.88
1.51
1.937
2.209
2.37
1.246
2.357
1.752
1.738
1.962
0.53
0.638
0.503
1.27
0.819
1.168
0.941
0.441
0.854
0.729
1.399
0.782
1.588
0.993
1.305
0.655
1.279
1.062
1.151
1.563
1.335
1.112
0.822
0.858
1.139
1.114
0.335
0.847
0.918
0.813
1.538
1.784
2.096
1.935
0.661
1.84
1.55
1.263
1000.0
1.215
1.84
1.678
1.308
1.734
2.007
2.167
1.043
2.155
1.55
1.535
1.76
1.271
1.038
1.827
1.88
1.807
1.694
1.49
1.095
0.741
1.409
1.675
1.682
1.285
1.536
0.846
1.282
1.065
1.702
1.564
1.55
1.153
1.714
1.917
2.167
2.164
1.229
1.705
0.999
0.883
1.985
1.784
2.096
1.935
0.661
1.84
1.55
1.263
1.061
1.215
1.84
1.678
1.308
1.734
2.007
2.167
1.043
2.155
1.55
1.535
1.76
0.685
1.328
0.285
0.616
1.41
1.883
0.637
0.985
1.249
0.669
1.314
0.802
0.988
0.257
0.568
0.398
1.04
0.992
0.494
1.291
0.608
0.748
1.611
1.474
1.46
1.545
0.609
1.633
1.106
1.0
2.13
1.938
2.251
2.089
0.815
1.994
1.704
1.417
1.215
1000.0
1.994
1.832
1.462
1.888
2.161
2.321
1.197
2.309
1.704
1.689
1.914
1.425
1.193
1.981
2.034
1.961
1.848
1.644
1.25
0.895
1.563
1.829
1.836
1.439
1.691
1.0
1.436
1.219
1.857
1.718
1.704
1.307
1.868
2.071
2.321
2.318
1.383
1.859
1.153
1.037
2.139
1.938
2.251
2.089
0.815
1.994
1.704
1.417
1.215
1.369
1.994
1.832
1.462
1.888
2.161
2.321
1.197
2.309
1.704
1.689
1.914
1.309
0.75
1.747
2.572
1.803
0.449
2.315
1.684
0.783
1.418
1.447
2.152
2.276
2.062
2.285
1.624
1.632
1.376
2.447
1.787
2.289
1.738
1.05
1.78
2.313
2.192
1.715
0.968
1.049
1.098
0.159
2.563
2.875
2.714
1.44
2.619
2.329
2.042
1.84
1.994
1000.0
2.457
2.087
2.513
2.786
2.946
1.822
2.934
2.329
2.314
2.539
2.05
1.817
2.606
2.659
2.586
2.473
2.268
1.874
1.52
2.188
2.454
2.461
2.064
2.315
1.625
2.061
1.844
2.481
2.343
2.329
1.932
2.493
2.696
2.946
2.943
2.008
2.484
1.778
1.662
2.764
2.563
2.875
2.714
1.44
2.619
2.329
2.042
1.84
1.994
2.619
2.457
2.087
2.513
2.786
2.946
1.822
2.934
2.329
2.314
2.539
1.147
1.882
0.954
0.805
2.096
2.424
1.165
1.673
1.64
1.005
1.325
1.425
0.507
0.449
0.141
0.846
1.001
1.133
0.766
1.127
0.133
0.743
2.251
2.161
2.101
2.207
1.296
2.262
1.401
1.33
2.554
2.401
2.713
2.552
1.278
2.457
2.167
1.88
1.678
1.832
2.457
1000.0
1.924
2.351
2.624
2.784
1.66
2.772
2.167
2.152
2.377
1.888
1.655
2.444
2.496
2.424
2.311
2.106
1.712
1.358
2.026
2.292
2.298
1.902
2.153
1.463
1.899
1.682
2.319
2.181
2.167
1.769
2.331
2.533
2.784
2.781
1.846
2.322
1.616
1.5
2.601
2.401
2.713
2.552
1.278
2.457
2.167
1.88
1.678
1.832
2.457
2.294
1.924
2.351
2.624
2.784
1.66
2.772
2.167
2.152
2.377
0.777
1.163
1.228
1.872
2.085
1.508
1.877
1.723
0.648
0.649
0.164
1.909
1.07
1.198
1.271
0.908
0.397
0.292
1.761
0.497
1.253
0.641
1.716
2.112
2.411
2.397
1.474
1.674
0.398
0.479
1.375
2.031
2.343
2.182
0.908
2.087
1.797
1.51
1.308
1.462
2.087
1.924
1000.0
1.981
2.254
2.414
1.29
2.402
1.797
1.782
2.007
1.518
1.285
2.074
2.126
2.054
1.941
1.736
1.342
0.988
1.656
1.922
1.928
1.532
1.783
1.093
1.529
1.312
1.949
1.811
1.797
1.399
1.961
2.163
2.414
2.411
1.475
1.952
1.246
1.13
2.231
2.031
2.343
2.182
0.908
2.087
1.797
1.51
1.308
1.462
2.087
1.924
1.554
1.981
2.254
2.414
1.29
2.402
1.797
1.782
2.007
1.204
1.872
0.82
0.337
1.824
2.428
0.764
1.429
1.76
1.136
1.647
1.067
0.967
0.476
0.472
0.893
1.331
1.383
0.324
1.516
0.514
1.035
2.136
1.895
1.734
1.867
1.078
2.164
1.576
1.481
2.658
2.457
2.77
2.608
1.334
2.513
2.223
1.937
1.734
1.888
2.513
2.351
1.981
1000.0
2.68
2.841
1.716
2.828
2.223
2.208
2.433
1.945
1.712
2.5
2.553
2.48
2.367
2.163
1.769
1.415
2.082
2.348
2.355
1.959
2.21
1.519
1.955
1.738
2.376
2.238
2.223
1.826
2.388
2.59
2.84
2.837
1.902
2.379
1.672
1.557
2.658
2.457
2.77
2.608
1.334
2.513
2.223
1.937
1.734
1.888
2.513
2.351
1.981
2.408
2.68
2.841
1.716
2.828
2.223
2.208
2.433
1.476
1.263
1.269
1.674
0.138
1.54
1.176
0.537
1.701
1.67
2.342
0.847
2.45
1.753
2.066
1.547
2.222
2.008
1.599
2.507
2.107
2.031
0.91
0.153
0.446
0.27
0.905
0.993
1.837
1.741
2.077
2.73
3.042
2.881
1.607
2.786
2.496
2.209
2.007
2.161
2.786
2.624
2.254
2.68
1000.0
3.113
1.989
3.101
2.496
2.481
2.706
2.217
1.984
2.773
2.826
2.753
2.64
2.436
2.041
1.687
2.355
2.621
2.628
2.231
2.482
1.792
2.228
2.011
2.648
2.51
2.496
2.099
2.66
2.863
3.113
3.11
2.175
2.651
1.945
1.829
2.931
2.73
3.042
2.881
1.607
2.786
2.496
2.209
2.007
2.161
2.786
2.624
2.254
2.68
2.953
3.113
1.989
3.101
2.496
2.481
2.706
1.637
1.584
1.308
1.495
0.507
1.922
1.001
0.695
1.964
1.806
2.515
0.699
2.464
1.733
2.027
1.629
2.348
2.168
1.446
2.631
2.072
2.117
1.303
0.555
0.04
0.168
0.966
1.383
2.052
1.946
2.442
2.89
3.203
3.041
1.767
2.946
2.656
2.37
2.167
2.321
2.946
2.784
2.414
2.841
3.113
1000.0
2.149
3.261
2.656
2.641
2.866
2.378
2.145
2.933
2.986
2.913
2.8
2.596
2.202
1.848
2.515
2.781
2.788
2.391
2.643
1.952
2.388
2.171
2.809
2.671
2.656
2.259
2.821
3.023
3.273
3.27
2.335
2.812
2.105
1.99
3.091
2.89
3.203
3.041
1.767
2.946
2.656
2.37
2.167
2.321
2.946
2.784
2.414
2.841
3.113
3.273
2.149
3.261
2.656
2.641
2.866
0.513
0.567
1.012
1.809
1.573
0.951
1.654
1.268
0.07
0.575
0.756
1.586
1.439
1.234
1.438
0.809
0.835
0.56
1.685
1.051
1.44
0.892
1.123
1.588
1.97
1.92
1.121
1.079
0.226
0.247
0.981
1.766
2.079
1.917
0.643
1.822
1.532
1.246
1.043
1.197
1.822
1.66
1.29
1.716
1.989
2.149
1000.0
2.137
1.532
1.517
1.742
1.254
1.021
1.809
1.862
1.789
1.676
1.472
1.078
0.724
1.391
1.657
1.664
1.267
1.519
0.828
1.264
1.047
1.685
1.547
1.532
1.135
1.697
1.899
2.149
2.146
1.211
1.688
0.981
0.866
1.967
1.766
2.079
1.917
0.643
1.822
1.532
1.246
1.043
1.197
1.822
1.66
1.29
1.716
1.989
2.149
1.025
2.137
1.532
1.517
1.742
1.625
2.031
1.999
2.461
2.962
2.298
2.6
2.584
1.507
1.452
0.751
2.697
1.269
1.791
1.708
1.662
0.933
1.09
2.372
0.675
1.67
1.217
2.588
2.991
3.255
3.258
2.299
2.54
1.281
1.362
2.013
2.878
3.191
3.029
1.755
2.934
2.644
2.357
2.155
2.309
2.934
2.772
2.402
2.828
3.101
3.261
2.137
1000.0
2.644
2.629
2.854
2.365
2.133
2.921
2.974
2.901
2.788
2.584
2.19
1.835
2.503
2.769
2.776
2.379
2.631
1.94
2.376
2.159
2.797
2.658
2.644
2.247
2.808
3.011
3.261
3.258
2.323
2.799
2.093
1.977
3.079
2.878
3.191
3.029
1.755
2.934
2.644
2.357
2.155
2.309
2.934
2.772
2.402
2.828
3.101
3.261
2.137
3.249
2.644
2.629
2.854
1.019
1.757
0.981
1.076
2.15
2.275
1.356
1.72
1.441
0.838
1.02
1.57
0.223
0.518
0.29
0.765
0.701
0.874
1.012
0.803
0.246
0.487
2.186
2.208
2.233
2.314
1.345
2.186
1.176
1.124
2.343
2.273
2.585
2.424
1.15
2.329
2.039
1.752
1.55
1.704
2.329
2.167
1.797
2.223
2.496
2.656
1.532
2.644
1000.0
2.024
2.249
1.76
1.527
2.316
2.369
2.296
2.183
1.978
1.584
1.23
1.898
2.164
2.171
1.774
2.025
1.335
1.771
1.554
2.191
2.053
2.039
1.642
2.203
2.406
2.656
2.653
1.718
2.194
1.488
1.372
2.474
2.273
2.585
2.424
1.15
2.329
2.039
1.752
1.55
1.704
2.329
2.167
1.797
2.223
2.496
2.656
1.532
2.644
2.039
2.024
2.249
1.005
1.353
1.447
2.061
2.308
1.648
2.092
1.95
0.829
0.87
0.186
2.133
1.139
1.379
1.414
1.122
0.509
0.502
1.953
0.475
1.391
0.798
1.909
2.333
2.638
2.623
1.701
1.863
0.61
0.701
1.443
2.258
2.571
2.409
1.135
2.314
2.024
1.738
1.535
1.689
2.314
2.152
1.782
2.208
2.481
2.641
1.517
2.629
2.024
1000.0
2.234
1.745
1.513
2.301
2.354
2.281
2.168
1.964
1.57
1.215
1.883
2.149
2.156
1.759
2.011
1.32
1.756
1.539
2.177
2.038
2.024
1.627
2.188
2.391
2.641
2.638
1.703
2.18
1.473
1.358
2.459
2.258
2.571
2.409
1.135
2.314
2.024
1.738
1.535
1.689
2.314
2.152
1.782
2.208
2.481
2.641
1.517
2.629
2.024
2.009
2.234
1.229
0.71
1.28
1.955
0.576
0.861
1.518
0.698
1.225
1.44
1.986
1.231
2.359
1.779
2.093
1.432
1.956
1.698
1.849
2.225
2.123
1.85
0.228
0.533
1.113
0.955
0.991
0.311
1.44
1.373
1.411
2.483
2.795
2.634
1.36
2.539
2.249
1.962
1.76
1.914
2.539
2.377
2.007
2.433
2.706
2.866
1.742
2.854
2.249
2.234
1000.0
1.97
1.737
2.526
2.579
2.506
2.393
2.189
1.794
1.44
2.108
2.374
2.381
1.984
2.235
1.545
1.981
1.764
2.401
2.263
2.249
1.852
2.413
2.616
2.866
2.863
1.928
2.404
1.698
1.582
2.684
2.483
2.795
2.634
1.36
2.539
2.249
1.962
1.76
1.914
2.539
2.377
2.007
2.433
2.706
2.866
1.742
2.854
2.249
2.234
2.459
ENDDATA
